259.7438
404.2786
419.7779
358.0249
316.2245
310.7177
298.3641
277.319 
293.4761
355.6569
407.2206
398.6272
348.0235
306.7548
292.5195
287.925 
289.7506
318.2602
370.8162
403.8084
384.2314
334.4596
299.137 
288.5912
286.6822
296.3405
334.695 
386.6478
404.9266
371.0771
321.2802
295.1084
289.4275
286.0648
296.3827
339.8069
392.8283
404.0075
362.5514
313.0475
291.9918
288.4821
286.0931
302.7639
353.1191
401.5068
398.5948
351.0884
309.9406
296.692 
289.3417 
282.1863 
305.1326 
363.6929 
407.2927 
391.1857 
337.3787 
298.2838 
287.1188 
284.6169 
292.9972 
331.7318 
384.401 
400.94551
364.4297 
314.5855 
289.7771 
284.3647 
284.3281 
304.5241 
354.507 
397.6767 
389.3185 
340.3399 
300.4522 
288.6579 
285.8364 
290.1163
324.9497 
381.8101 
407.7644 
375.2231 
321.7904 
293.739 
289.9511 
293.177 
315.3638 
366.5126 
409.4857 
398.4278 
345.7215 
303.2502 
290.4604 
289.3028 
298.8425 
337.7391 
390.3584 
406.1896 
368.4737 
318.0922 
292.8952 
286.8779 
288.8514 
314.6604 
367.6698 
405.6595 
389.172 
337.9074 
300.2305 
288.4168 
285.7889 
297.2254 
340.0282 
391.9939 
402.3553 
361.3004 
313.1013 
291.4713 
287.032 
290.723 
319.2644 
371.4167 
402.603 
379.351 
327.7419 
293.8735 
284.8013 
284.9213 
301.6717 
347.4984 
393.9211 
394.5286 
349.7155 
304.984 
286.7505 
283.7057 
291.7267 
326.4689 
378.0538 
400.5097 
370.875 
322.0685 
293.468 
284.4766 
283.6311 
305.1065 
356.6283 
400.2379 
391.5851 
342.1223 
300.2479 
284.6582 
280.8156 
290.8007 
332.2444 
386.5862 
402.2446 
363.8168 
313.626 
289.2658 
283.8377 
286.2891 
312.8651 
365.9427 
402.2677 
383.7488 
332.6125 
297.2464 
287.4864 
285.0327 
295.3012 
337.095 
389.2604 
400.5097 
359.0599 
309.0221 
286.9659 
283.6763 
284.5929 
305.0062 
354.0173 
396.0809 
388.3374 
339.888 
297.1772 
281.5568 
279.3654 
287.3903 
322.2276 
374.9952 
399.8035 
370.5737 
318.4422 
287.4417 
281.0566 
282.1099 
297.9372 
342.9666
391.5859 
396.1104 
352.3043 
305.4349 
286.425 
283.2419 
285.3786 
310.7262 
362.6905 
399.5809 
382.8747 
331.7317 
293.9735 
282.974
281.466 
291.0406 
329.6388 
381.5299 
398.0919 
361.8674 
311.6431 
286.6962 
282.0378 
281.4683 
298.2867 
345.7491 
392.2982 
390.9621 
344.3018 
299.1748 
281.3012 
277.08791
281.1283 
312.5681 
367.351 
398.7735 
374.9612 
323.5364 
289.4852 
278.682 
276.7078 
293.262 
341.3097 
390.4703 
392.0409 
346.3822 
300.515 
281.2817 
276.5364 
282.4721 
316.4428 
369.15411
393.9023 
367.7573 
323.4347 
296.9952 
284.2236 
275.7553 
292.1853 
344.0463 
390.5084 
384.4414 
336.8655 
295.1247 
277.452 
273.2215 
288.1116 
334.9356 
386.6016
392.5523 
347.7936 
299.7849 
280.3643 
276.6465 
278.9554 
306.2397 
359.3069 
393.4505
373.0616 
322.2996 
287.7082 
277.8465 
276.6871 
290.7737 