93.0
116.0
179.0
196.0
166.0
119.0
95.0
90.0
93.0
107.0
159.0
193.0
179.0
130.0
98.0
91.0
91.0
101.0
146.0
192.0
191.0
142.0
101.0
90.0
89.0
96.0
135.0
187.0
194.0
149.0
102.0
90.0
87.0
96.0
126.0
183.0
195.0
158.0
110.0
93.0
87.0
95.0
114.0
174.0
196.0
173.0
122.0
95.0
89.0
92.0
104.0
152.0
193.0
186.0
136.0
99.0
89.0
90.0
97.0
133.0
184.0
195.0
154.0
106.0
92.0
89.0
96.0
119.0
179.0
199.0
160.0
111.0
90.0
89.0
95.0
112.0
173.0
194.0
169.0
118.0
95.0
86.0
93.0
108.0
166.0
196.0
174.0
123.0
96.0
87.0
91.0
99.0
156.0
195.0
182.0
131.0
94.0
90.0
90.0
100.0
144.0
192.0
189.0
143.0
100.0
90.0
90.0
94.0
133.0
185.0
193.0
150.0
102.0
90.0
89.0
96.0
128.0
179.0
193.0
153.0
101.0
91.0
87.0
95.0
124.0
182.0
196.0
152.0
109.0
94.0
89.0
95.0
124.0
181.0
193.0
156.0
109.0
93.0
89.0
95.0
113.0
172.0
192.0
166.0
115.0
93.0
90.0
93.0
106.0
162.0
192.0
173.0
122.0
95.0
90.0
91.0
104.0
159.0
190.0
177.0
127.0
97.0
89.0
90.0
99.0
146.0
188.0
187.0
141.0
102.0
90.0
90.0
98.0
131.0
181.0
190.0
151.0
104.0
93.0
90.0
94.0
118.0
176.0
194.0
159.0
112.0
94.0
89.0
93.0
111.0
171.0
195.0
166.0
116.0
94.0
89.0
94.0
112.0
170.0
193.0
166.0
117.0
94.0
91.0
94.0
110.0
170.0
193.0
168.0
117.0
95.0
88.0
93.0
111.0
172.0
193.0
164.0
114.0
95.0
91.0
96.0
113.0
172.0
193.0
165.0
118.0
93.0
86.0
95.0
113.0
173.0
195.0
163.0
112.0
92.0
90.0
96.0
120.0
179.0
194.0
155.0
108.0
94.0
91.0
97.0
123.0
180.0
196.0
159.0
110.0
93.0
92.0
97.0
118.0
177.0
195.0
165.0
116.0
96.0
94.0
97.0
108.0
163.0
194.0
181.0
132.0
100.0
92.0
93.0
102.0
142.0
191.0
192.0
147.0
103.0
94.0
93.0
97.0
128.0
182.0
197.0
160.0
113.0
96.0
94.0
98.0
119.0
177.0
197.0
167.0
118.0
95.0
90.0
93.0
112.0
171.0
190.0
165.0
116.0
92.0
91.0
96.0
108.0
165.0
197.0
187.0
133.0
100.0
95.0
96.0
107.0
160.0
195.0
182.0
132.0
99.0
91.0
94.0
104.0
154.0
194.0
187.0
136.0
100.0
90.0
93.0
102.0
145.0
189.0
192.0
146.0
102.0
93.0
94.0
100.0
134.0
187.0
194.0
154.0
108.0
95.0
92.0
98.0
126.0
179.0
192.0
161.0
113.0
94.0
93.0
98.0
116.0
174.0
198.0
171.0
121.0
98.0
93.0
94.0
108.0
162.0
194.0
184.0
133.0
102.0
94.0
93.0
102.0
145.0
191.0
190.0
146.0
105.0
94.0
93.0
101.0
130.0
185.0
197.0
160.0
111.0
96.0
94.0
98.0
115.0
172.0
196.0
175.0
128.0
101.0
94.0
95.0
105.0
149.0
192.0
191.0
147.0
105.0
94.0
93.0
100.0
125.0
182.0
196.0
164.0
116.0
97.0
94.0
98.0
110.0
168.0
196.0
179.0
128.0
100.0
94.0
96.0
107.0
158.0
196.0
185.0
135.0
102.0
95.0
94.0
102.0
146.0
193.0
190.0
148.0
105.0
95.0
94.0
99.0
131.0
184.0
197.0
160.0
113.0
97.0
93.0
99.0
117.0
177.0
197.0
172.0
123.0
98.0
95.0
95.0
110.0
163.0
198.0
183.0
133.0
102.0
94.0
98.0
105.0
147.0
194.0
192.0
144.0
105.0
96.0
95.0
98.0
137.0
187.0
197.0
157.0
109.0
97.0
96.0
100.0
123.0
182.0
200.0
168.0
119.0
98.0
96.0
99.0
115.0
172.0
196.0
180.0
129.0
101.0
96.0
97.0
110.0
155.0
196.0
190.0
143.0
106.0
94.0
97.0
104.0
141.0
193.0
197.0
154.0
108.0
99.0
96.0
101.0
124.0
181.0
198.0
172.0
124.0
100.0
97.0
98.0
112.0
163.0
197.0
186.0
138.0
104.0
97.0
96.0
105.0
152.0
196.0
194.0
147.0
107.0
96.0
92.0
103.0
129.0
185.0
198.0
163.0
117.0
100.0
96.0
100.0
116.0
174.0
200.0
180.0
129.0
101.0
96.0
97.0
107.0
145.0
193.0
197.0
154.0
111.0
98.0
96.0
101.0
123.0
178.0
199.0
171.0
123.0
101.0
95.0
98.0
112.0
167.0
199.0
184.0
135.0
103.0
96.0
96.0
105.0
145.0
193.0
198.0
154.0
110.0
98.0
96.0
101.0
123.0
180.0
199.0
169.0
124.0
100.0
96.0
98.0
112.0
166.0
200.0
186.0
132.0
103.0
97.0
97.0
107.0
146.0
196.0
194.0
148.0
108.0
99.0
97.0
104.0
134.0
186.0
198.0
160.0
114.0
99.0
96.0
101.0
120.0
180.0
200.0
173.0
124.0
102.0
94.0
100.0
114.0
167.0
197.0
185.0
134.0
103.0
96.0
99.0
109.0
153.0
197.0
194.0
148.0
107.0
98.0
97.0
103.0
132.0
188.0
200.0
166.0
118.0
98.0
96.0
99.0
116.0
172.0
199.0
182.0
132.0
102.0
96.0
98.0
107.0
150.0
195.0
194.0
151.0
108.0
94.0
97.0
101.0
131.0
185.0
199.0
166.0
118.0
101.0
98.0
101.0
117.0
177.0
200.0
175.0
124.0
101.0
97.0
102.0
117.0
172.0
200.0
181.0
135.0
103.0
98.0
99.0
110.0
160.0
199.0
195.0
146.0
110.0
99.0
100.0
105.0
132.0
187.0
201.0
169.0
123.0
102.0
98.0
104.0
114.0
169.0
201.0
187.0
137.0
106.0
99.0
101.0
109.0
152.0
195.0
198.0
151.0
111.0
102.0
100.0
106.0
137.0
189.0
203.0
164.0
121.0
104.0
100.0
104.0
119.0
175.0
201.0
185.0
142.0
108.0
101.0
101.0
109.0
144.0
193.0
203.0
162.0
118.0
102.0
101.0
104.0
121.0
177.0
204.0
181.0
132.0
106.0
101.0
103.0
112.0
160.0
198.0
197.0
149.0
111.0
102.0
101.0
108.0
144.0
194.0
204.0
165.0
118.0
104.0
103.0
106.0
124.0
183.0
205.0
184.0
135.0
108.0
102.0
104.0
116.0
161.0
200.0
200.0
154.0
112.0
104.0
103.0
109.0
132.0
190.0
204.0
177.0
130.0
107.0
103.0
105.0
116.0
165.0
203.0
197.0
148.0
110.0
104.0
102.0
111.0
136.0
192.0
205.0
174.0
128.0
107.0
103.0
105.0
116.0
161.0
203.0
195.0
155.0
115.0
105.0
102.0
109.0
127.0
185.0
205.0
182.0
136.0
107.0
103.0
104.0
112.0
153.0
198.0
205.0
165.0
118.0
105.0
102.0
106.0
120.0
175.0
203.0
194.0
146.0
112.0
104.0
102.0
109.0
134.0
192.0
204.0
178.0
132.0
104.0
102.0
104.0
114.0
154.0
200.0
204.0
162.0
118.0
105.0
102.0
107.0
120.0
172.0
205.0
194.0
145.0
111.0
103.0
102.0
109.0
138.0
191.0
207.0
176.0
129.0
107.0
105.0
105.0
114.0
155.0
199.0
204.0
167.0
120.0
106.0
101.0
106.0
118.0
164.0
203.0
201.0
159.0
116.0
107.0
102.0
108.0
125.0
179.0
203.0
194.0
148.0
113.0
105.0
103.0
109.0
131.0
186.0
207.0
187.0
141.0
110.0
103.0
106.0
110.0
145.0
195.0
206.0
177.0
130.0
109.0
105.0
106.0
113.0
153.0
197.0
207.0
167.0
125.0
108.0
105.0
107.0
119.0
167.0
205.0
201.0
157.0
111.0
104.0
105.0
108.0
122.0
178.0
208.0
193.0
147.0
113.0
105.0
105.0
111.0
134.0
187.0
206.0
188.0
142.0
112.0
105.0
105.0
112.0
142.0
193.0
207.0
180.0
136.0
110.0
104.0
106.0
112.0
148.0
197.0
209.0
175.0
130.0
109.0
105.0
106.0
117.0
155.0
201.0
208.0
169.0
124.0
109.0
106.0
109.0
119.0
168.0
205.0
203.0
157.0
117.0
107.0
104.0
110.0
128.0
184.0
207.0
190.0
141.0
113.0
105.0
106.0
115.0
150.0
198.0
205.0
170.0
126.0
109.0
105.0
109.0
120.0
172.0
206.0
198.0
152.0
114.0
105.0
104.0
112.0
140.0
193.0
209.0
176.0
128.0
110.0
105.0
110.0
122.0
176.0
207.0
196.0
149.0
113.0
103.0
106.0
112.0
147.0
197.0
207.0
170.0
127.0
109.0
105.0
107.0
123.0
172.0
207.0
196.0
149.0
112.0
104.0
105.0
114.0
149.0
200.0
206.0
164.0
118.0
104.0
105.0
108.0
131.0
187.0
207.0
180.0
130.0
109.0
103.0
107.0
119.0
169.0
204.0
200.0
150.0
113.0
105.0
103.0
111.0
139.0
192.0
207.0
175.0
128.0
108.0
105.0
107.0
119.0
166.0
204.0
200.0
152.0
116.0
107.0
104.0
109.0
128.0
187.0
208.0
184.0
141.0
108.0
105.0
105.0
113.0
156.0
201.0
203.0
160.0
116.0
106.0
102.0
109.0
128.0
185.0
206.0
185.0
136.0
110.0
104.0
106.0
113.0
160.0
201.0
202.0
157.0
116.0
106.0
103.0
109.0
132.0
187.0
203.0
178.0
130.0
109.0
102.0
105.0
115.0
169.0
205.0
195.0
148.0
112.0
103.0
104.0
107.0
144.0
197.0
205.0
168.0
121.0
106.0
103.0
105.0
119.0
175.0
206.0
194.0
142.0
111.0
103.0
104.0
113.0
152.0
197.0
202.0
166.0
119.0
107.0
102.0
107.0
120.0
176.0
204.0
193.0
146.0
113.0
103.0
104.0
110.0
139.0
192.0
207.0
177.0
130.0
108.0
104.0
105.0
114.0
157.0
201.0
203.0
160.0
117.0
105.0
104.0
106.0
124.0
179.0
204.0
188.0
140.0
109.0
104.0
104.0
112.0
152.0
201.0
204.0
160.0
116.0
105.0
103.0
108.0
131.0
188.0
205.0
180.0
131.0
109.0
103.0
106.0
116.0
163.0
203.0
198.0
153.0
113.0
104.0
103.0
108.0
134.0
189.0
206.0
178.0
130.0
108.0
103.0
104.0
117.0
166.0
203.0
202.0
153.0
113.0
105.0
102.0
109.0
133.0
187.0
207.0
178.0
131.0
108.0
103.0
104.0
114.0
159.0
202.0
201.0
156.0
115.0
103.0
102.0
108.0
121.0
178.0
205.0
190.0
144.0
110.0
104.0
103.0
110.0
138.0
191.0
206.0
177.0
130.0
108.0
104.0
103.0
113.0
155.0
199.0
204.0
160.0
117.0
106.0
102.0
107.0
121.0
176.0
206.0
192.0
146.0
111.0
104.0
104.0
109.0
138.0
190.0
207.0
175.0
129.0
106.0
102.0
105.0
114.0
157.0
201.0
201.0
158.0
116.0
103.0
100.0
107.0
123.0
179.0
204.0
189.0
140.0
111.0
105.0
103.0
110.0
148.0
198.0
201.0
164.0
119.0
105.0
103.0
106.0
121.0
172.0
203.0
194.0
146.0
111.0
102.0
102.0
107.0
136.0
189.0
204.0
177.0
128.0
108.0
102.0
102.0
114.0
160.0
202.0
199.0
154.0
115.0
104.0
101.0
108.0
126.0
181.0
205.0
188.0
141.0
109.0
104.0
104.0
110.0
142.0
192.0
205.0
173.0
126.0
107.0
103.0
103.0
118.0
166.0
203.0
198.0
153.0
114.0
103.0
100.0
109.0
128.0
184.0
207.0
186.0
137.0
113.0
105.0
103.0
111.0
144.0
195.0
206.0
172.0
129.0
108.0
101.0
105.0
114.0
156.0
200.0
200.0
162.0
120.0
105.0
102.0
105.0
117.0
167.0
204.0
200.0
156.0
116.0
104.0
104.0
108.0
121.0
177.0
205.0
193.0
148.0
113.0
104.0
104.0
108.0
127.0
183.0
205.0
186.0
141.0
109.0
105.0
102.0
109.0
134.0
188.0
205.0
186.0
139.0
111.0
104.0
103.0
109.0
133.0
186.0
204.0
186.0
141.0
110.0
103.0
103.0
111.0
133.0
185.0
203.0
184.0
140.0
110.0
102.0
104.0
109.0
138.0
190.0
204.0
183.0
136.0
108.0
102.0
101.0
108.0
136.0
190.0
206.0
184.0
139.0
110.0
104.0
101.0
109.0
131.0
184.0
204.0
188.0
142.0
111.0
100.0
103.0
109.0
136.0
188.0
204.0
183.0
135.0
109.0
102.0
103.0
110.0
143.0
191.0
204.0
177.0
131.0
108.0
103.0
103.0
112.0
150.0
197.0
203.0
166.0
122.0
105.0
102.0
105.0
116.0
164.0
201.0
198.0
154.0
113.0
104.0
100.0
107.0
124.0
180.0
204.0
190.0
142.0
110.0
103.0
104.0
109.0
142.0
194.0
204.0
170.0
124.0
105.0
97.0
105.0
116.0
165.0
202.0
196.0
149.0
112.0
103.0
101.0
107.0
128.0
183.0
205.0
180.0
134.0
108.0
100.0
104.0
114.0
158.0
200.0
198.0
154.0
111.0
101.0
101.0
107.0
133.0
185.0
205.0
172.0
126.0
106.0
101.0
102.0
116.0
171.0
203.0
192.0
143.0
110.0
110.0
113.0
117.0
141.0
188.0
206.0
165.0
117.0
101.0
99.0
103.0
120.0
176.0
204.0
189.0
137.0
108.0
98.0
101.0
109.0
150.0
199.0
201.0
157.0
113.0
108.0
101.0
106.0
135.0
187.0
204.0
174.0
125.0
106.0
101.0
103.0
116.0
170.0
202.0
189.0
140.0
105.0
100.0
99.0
108.0
147.0
196.0
201.0
160.0
116.0
108.0
100.0
105.0
124.0
181.0
203.0
183.0
135.0
107.0
101.0
100.0
111.0
153.0
198.0
200.0
151.0
113.0
101.0
101.0
106.0
130.0
186.0
204.0
173.0
126.0
106.0
102.0
104.0
115.0
166.0
201.0
194.0
150.0
110.0
99.0
100.0
106.0
133.0
189.0
202.0
173.0
127.0
106.0
100.0
102.0
114.0
164.0
202.0
197.0
148.0
111.0
103.0
101.0
107.0
133.0
188.0
203.0
176.0
129.0
108.0
100.0
102.0
112.0
156.0
200.0
198.0
155.0
114.0
102.0
100.0
105.0
127.0
184.0
203.0
178.0
129.0
105.0
100.0
102.0
113.0
158.0
199.0
200.0
157.0
114.0
102.0
102.0
105.0
122.0
178.0
202.0
187.0
138.0
107.0
102.0
100.0
109.0
138.0
192.0
204.0
170.0
125.0
106.0
101.0
103.0
112.0
156.0
196.0
201.0
161.0
116.0
103.0
100.0
103.0
118.0
170.0
201.0
190.0
145.0
110.0
100.0
100.0
106.0
135.0
188.0
204.0
174.0
128.0
105.0
100.0
100.0
112.0
157.0
198.0
200.0
155.0
112.0
103.0
100.0
105.0
120.0
173.0
202.0
189.0
144.0
109.0
101.0
100.0
107.0
131.0
186.0
203.0
177.0
129.0
106.0
97.0
101.0
112.0
153.0
195.0
199.0
157.0
111.0
101.0
100.0
104.0
124.0
180.0
202.0
185.0
136.0
108.0
100.0
100.0
103.0
137.0
189.0
200.0
171.0
127.0
105.0
100.0
101.0
113.0
155.0
200.0
206.0
179.0
120.0
99.0
98.0
101.0
111.0
164.0
201.0
195.0
147.0
108.0
100.0
98.0
105.0
128.0
186.0
204.0
176.0
129.0
104.0
97.0
99.0
109.0
153.0
198.0
202.0
157.0
111.0
101.0
97.0
106.0
123.0
180.0
204.0
189.0
142.0
107.0
99.0
99.0
108.0
142.0
192.0
204.0
169.0
123.0
102.0
97.0
102.0
112.0
155.0
198.0
200.0
155.0
109.0
100.0
100.0
104.0
117.0
172.0
202.0
186.0
136.0
108.0
100.0
100.0
107.0
145.0
192.0
201.0
164.0
119.0
103.0
97.0
104.0
116.0
167.0
200.0
192.0
144.0
109.0
100.0
98.0
105.0
131.0
186.0
203.0
176.0
129.0
106.0
100.0
101.0
109.0
148.0
195.0
202.0
163.0
120.0
101.0
101.0
103.0
116.0
169.0
202.0
194.0
148.0
110.0
102.0
100.0
106.0
130.0
181.0
202.0
185.0
138.0
109.0
100.0
101.0
107.0
138.0
190.0
204.0
171.0
126.0
106.0
100.0
98.0
112.0
155.0
199.0
200.0
161.0
116.0
102.0
102.0
103.0
116.0
168.0
201.0
198.0
154.0
113.0
103.0
99.0
104.0
120.0
174.0
203.0
191.0
144.0
109.0
103.0
102.0
108.0
132.0
185.0
205.0
184.0
138.0
109.0
100.0
102.0
110.0
136.0
192.0
206.0
178.0
131.0
108.0
101.0
103.0
110.0
145.0
196.0
205.0
167.0
122.0
104.0
101.0
103.0
113.0
163.0
202.0
199.0
154.0
114.0
103.0
101.0
107.0
123.0
178.0
205.0
193.0
146.0
112.0
103.0
101.0
108.0
128.0
182.0
206.0
190.0
144.0
112.0
103.0
100.0
110.0
132.0
185.0
205.0
184.0
141.0
108.0
102.0
102.0
109.0
137.0
190.0
206.0
179.0
133.0
106.0
104.0
104.0
113.0
152.0
201.0
210.0
181.0
139.0
112.0
93.0
102.0
114.0
167.0
205.0
200.0
156.0
114.0
104.0
100.0
105.0
124.0
180.0
209.0
195.0
146.0
111.0
103.0
100.0
107.0
134.0
185.0
208.0
188.0
141.0
111.0
103.0
102.0
113.0
149.0
204.0
210.0
179.0
131.0
111.0
103.0
103.0
112.0
150.0
198.0
206.0
172.0
128.0
107.0
103.0
104.0
113.0
150.0
198.0
207.0
173.0
128.0
107.0
101.0
104.0
114.0
153.0
199.0
205.0
169.0
125.0
107.0
103.0
107.0
115.0
165.0
204.0
203.0
160.0
115.0
105.0
103.0
110.0
123.0
174.0
205.0
200.0
154.0
115.0
107.0
105.0
109.0
125.0
176.0
206.0
197.0
148.0
113.0
107.0
103.0
110.0
130.0
184.0
209.0
195.0
148.0
115.0
106.0
104.0
112.0
134.0
188.0
209.0
192.0
143.0
113.0
105.0
103.0
112.0
138.0
190.0
207.0
187.0
140.0
113.0
106.0
106.0
114.0
146.0
196.0
210.0
178.0
133.0
112.0
105.0
107.0
116.0
155.0
202.0
206.0
170.0
125.0
108.0
106.0
110.0
122.0
173.0
206.0
199.0
153.0
117.0
109.0
105.0
112.0
135.0
190.0
210.0
187.0
141.0
113.0
105.0
107.0
114.0
149.0
197.0
210.0
176.0
130.0
112.0
105.0
109.0
116.0
160.0
204.0
205.0
163.0
121.0
109.0
105.0
111.0
125.0
183.0
209.0
191.0
144.0
115.0
107.0
106.0
114.0
147.0
196.0
208.0
175.0
128.0
111.0
105.0
107.0
119.0
168.0
206.0
203.0
158.0
118.0
106.0
107.0
111.0
129.0
186.0
210.0
194.0
145.0
114.0
105.0
107.0
112.0
143.0
194.0
210.0
182.0
136.0
111.0
105.0
108.0
114.0
157.0
204.0
208.0
168.0
125.0
109.0
106.0
110.0
121.0
169.0
207.0
203.0
160.0
117.0
109.0
108.0
113.0
131.0
186.0
210.0
193.0
147.0
115.0
109.0
106.0
116.0
148.0
202.0
210.0
172.0
126.0
111.0
107.0
112.0
126.0
178.0
210.0
198.0
149.0
116.0
109.0
107.0
116.0
150.0
202.0
209.0
172.0
129.0
110.0
106.0
110.0
122.0
177.0
209.0
201.0
154.0
118.0
109.0
108.0
113.0
146.0
197.0
212.0
172.0
130.0
112.0
108.0
111.0
121.0
173.0
208.0
200.0
156.0
117.0
108.0
108.0
115.0
141.0
195.0
210.0
183.0
138.0
115.0
107.0
108.0
118.0
161.0
205.0
208.0
165.0
122.0
109.0
107.0
110.0
130.0
187.0
209.0
191.0
143.0
114.0
107.0
109.0
114.0
154.0
203.0
211.0
171.0
124.0
108.0
104.0
111.0
124.0
179.0
209.0
199.0
152.0
115.0
104.0
109.0
114.0
139.0
195.0
209.0
185.0
136.0
112.0
108.0
108.0
119.0
160.0
206.0
207.0
165.0
119.0
109.0
108.0
112.0
138.0
192.0
212.0
184.0
134.0
112.0
108.0
110.0
123.0
176.0
210.0
200.0
149.0
116.0
106.0
111.0
118.0
160.0
206.0
207.0
165.0
121.0
109.0
108.0
115.0
141.0
196.0
212.0
182.0
136.0
114.0
108.0
111.0
125.0
177.0
210.0
198.0
151.0
116.0
109.0
109.0
117.0
154.0
204.0
211.0
171.0
125.0
111.0
108.0
114.0
128.0
183.0
211.0
197.0
145.0
116.0
109.0
109.0
118.0
158.0
204.0
211.0
171.0
126.0
113.0
109.0
112.0
125.0
178.0
211.0
200.0
150.0
118.0
109.0
109.0
117.0
152.0
202.0
213.0
175.0
128.0
112.0
108.0
113.0
128.0
181.0
210.0
199.0
147.0
117.0
109.0
110.0
117.0
153.0
203.0
214.0
172.0
124.0
112.0
109.0
113.0
129.0
186.0
208.0
194.0
148.0
116.0
110.0
111.0
117.0
151.0
201.0
212.0
173.0
129.0
111.0
108.0
113.0
127.0
180.0
212.0
201.0
155.0
120.0
112.0
112.0
120.0
149.0
203.0
215.0
182.0
134.0
117.0
113.0
115.0
126.0
173.0
212.0
208.0
164.0
125.0
114.0
110.0
118.0
136.0
192.0
215.0
197.0
150.0
119.0
114.0
112.0
120.0
153.0
203.0
216.0
183.0
138.0
117.0
110.0
113.0
120.0
159.0
205.0
216.0
181.0
138.0
117.0
111.0
114.0
122.0
161.0
207.0
215.0
183.0
138.0
116.0
114.0
115.0
121.0
158.0
205.0
214.0
182.0
138.0
117.0
112.0
113.0
121.0
160.0
207.0
213.0
179.0
134.0
115.0
110.0
112.0
122.0
162.0
207.0
214.0
178.0
133.0
115.0
111.0
114.0
124.0
168.0
210.0
211.0
173.0
129.0
114.0
111.0
115.0
124.0
172.0
209.0
209.0
169.0
127.0
114.0
111.0
114.0
126.0
174.0
209.0
210.0
166.0
123.0
112.0
110.0
115.0
128.0
176.0
212.0
210.0
166.0
126.0
115.0
111.0
115.0
126.0
174.0
211.0
212.0
170.0
128.0
113.0
112.0
113.0
123.0
170.0
210.0
212.0
172.0
130.0
115.0
110.0
114.0
124.0
168.0
209.0
212.0
170.0
129.0
114.0
111.0
112.0
124.0
166.0
210.0
210.0
173.0
130.0
113.0
110.0
113.0
124.0
168.0
209.0
211.0
170.0
127.0
113.0
109.0
114.0
123.0
169.0
206.0
210.0
171.0
129.0
114.0
110.0
114.0
122.0
164.0
207.0
211.0
172.0
130.0
112.0
111.0
113.0
122.0
166.0
208.0
210.0
170.0
125.0
114.0
113.0
112.0
124.0
169.0
208.0
209.0
167.0
127.0
112.0
108.0
113.0
124.0
175.0
212.0
206.0
164.0
122.0
112.0
110.0
114.0
125.0
180.0
210.0
206.0
161.0
122.0
113.0
109.0
114.0
126.0
178.0
209.0
205.0
158.0
121.0
113.0
109.0
115.0
127.0
176.0
212.0
207.0
165.0
124.0
113.0
109.0
112.0
126.0
168.0
210.0
209.0
170.0
128.0
114.0
110.0
112.0
121.0
167.0
206.0
211.0
174.0
131.0
114.0
111.0
112.0
121.0
164.0
206.0
213.0
175.0
131.0
112.0
111.0
112.0
121.0
164.0
207.0
209.0
176.0
131.0
114.0
110.0
112.0
121.0
167.0
209.0
209.0
168.0
126.0
113.0
110.0
113.0
126.0
172.0
210.0
208.0
163.0
122.0
114.0
109.0
115.0
130.0
186.0
213.0
199.0
151.0
119.0
112.0
112.0
117.0
141.0
194.0
213.0
193.0
146.0
118.0
112.0
110.0
119.0
152.0
202.0
214.0
179.0
133.0
115.0
110.0
112.0
125.0
174.0
210.0
204.0
160.0
122.0
112.0
109.0
116.0
140.0
195.0
213.0
187.0
139.0
116.0
112.0
113.0
123.0
166.0
206.0
210.0
167.0
124.0
113.0
110.0
114.0
136.0
192.0
214.0
190.0
140.0
117.0
111.0
113.0
122.0
167.0
208.0
209.0
163.0
122.0
111.0
111.0
115.0
133.0
195.0
214.0
188.0
144.0
128.0
127.0
118.0
122.0
171.0
212.0
207.0
159.0
119.0
108.0
107.0
114.0
139.0
194.0
214.0
188.0
139.0
115.0
109.0
113.0
121.0
169.0
209.0
208.0
164.0
121.0
111.0
110.0
116.0
141.0
198.0
214.0
184.0
137.0
113.0
108.0
112.0
120.0
175.0
213.0
204.0
155.0
119.0
110.0
108.0
117.0
149.0
203.0
215.0
181.0
133.0
112.0
107.0
112.0
128.0
179.0
213.0
203.0
150.0
115.0
108.0
111.0
118.0
156.0
208.0
212.0
172.0
123.0
111.0
107.0
112.0
136.0
196.0
225.0
191.0
138.0
113.0
110.0
112.0
126.0
182.0
213.0
199.0
147.0
116.0
109.0
111.0
122.0
170.0
210.0
202.0
152.0
117.0
112.0
113.0
122.0
167.0
212.0
209.0
156.0
121.0
110.0
112.0
115.0
153.0
204.0
211.0
172.0
128.0
113.0
111.0
115.0
135.0
191.0
212.0
190.0
140.0
117.0
110.0
113.0
123.0
173.0
209.0
203.0
152.0
119.0
111.0
112.0
122.0
161.0
209.0
208.0
160.0
121.0
113.0
112.0
118.0
154.0
203.0
210.0
173.0
128.0
115.0
111.0
114.0
130.0
187.0
211.0
196.0
147.0
119.0
112.0
115.0
123.0
166.0
210.0
209.0
161.0
122.0
115.0
113.0
121.0
150.0
203.0
214.0
180.0
133.0
115.0
113.0
118.0
132.0
190.0
213.0
193.0
144.0
117.0
112.0
115.0
128.0
177.0
212.0
203.0
155.0
122.0
113.0
113.0
121.0
158.0
210.0
214.0
169.0
127.0
115.0
113.0
120.0
141.0
197.0
216.0
189.0
143.0
119.0
113.0
114.0
129.0
181.0
214.0
202.0
153.0
120.0
114.0
115.0
124.0
170.0
212.0
208.0
161.0
123.0
114.0
115.0
122.0
151.0
202.0
217.0
183.0
136.0
119.0
114.0
117.0
131.0
184.0
215.0
203.0
154.0
122.0
115.0
117.0
126.0
171.0
214.0
209.0
158.0
124.0
117.0
114.0
124.0
158.0
210.0
215.0
171.0
128.0
117.0
114.0
121.0
149.0
204.0
217.0
180.0
131.0
115.0
115.0
119.0
140.0
197.0
218.0
192.0
143.0
119.0
116.0
119.0
132.0
185.0
216.0
204.0
151.0
123.0
117.0
117.0
126.0
172.0
214.0
209.0
163.0
126.0
117.0
117.0
124.0
162.0
209.0
213.0
170.0
129.0
118.0
116.0
123.0
148.0
203.0
218.0
190.0
140.0
120.0
118.0
122.0
137.0
193.0
215.0
199.0
152.0
123.0
118.0
117.0
129.0
174.0
216.0
216.0
167.0
129.0
124.0
119.0
132.0
171.0
220.0
223.0
175.0
133.0
124.0
122.0
132.0
167.0
215.0
224.0
180.0
137.0
126.0
124.0
129.0
152.0
207.0
224.0
195.0
148.0
128.0
123.0
125.0
139.0
194.0
224.0
209.0
159.0
130.0
123.0
125.0
135.0
182.0
222.0
219.0
171.0
133.0
124.0
125.0
131.0
165.0
215.0
224.0
185.0
139.0
126.0
124.0
128.0
148.0
206.0
224.0
198.0
152.0
126.0
121.0
128.0
137.0
186.0
223.0
215.0
166.0
131.0
125.0
123.0
132.0
168.0
218.0
224.0
182.0
137.0
124.0
124.0
129.0
154.0
210.0
225.0
194.0
143.0
125.0
123.0
128.0
142.0
198.0
225.0
208.0
157.0
129.0
125.0
126.0
134.0
185.0
221.0
216.0
167.0
131.0
124.0
123.0
134.0
172.0
218.0
222.0
182.0
136.0
124.0
126.0
130.0
150.0
205.0
225.0
201.0
154.0
129.0
123.0
126.0
136.0
186.0
222.0
218.0
169.0
133.0
124.0
124.0
132.0
159.0
212.0
225.0
194.0
147.0
125.0
123.0
126.0
138.0
189.0
222.0
217.0
168.0
130.0
125.0
124.0
131.0
163.0
214.0
226.0
189.0
144.0
127.0
124.0
128.0
140.0
194.0
224.0
212.0
166.0
132.0
124.0
124.0
129.0
163.0
213.0
222.0
193.0
145.0
128.0
122.0
128.0
137.0
183.0
222.0
218.0
172.0
134.0
125.0
123.0
130.0
153.0
207.0
225.0
197.0
151.0
129.0
123.0
126.0
135.0
184.0
222.0
219.0
172.0
134.0
124.0
123.0
129.0
151.0
204.0
224.0
203.0
155.0
130.0
122.0
124.0
133.0
169.0
216.0
225.0
184.0
142.0
127.0
123.0
125.0
139.0
188.0
224.0
214.0
169.0
133.0
125.0
124.0
129.0
154.0
208.0
223.0
201.0
156.0
129.0
123.0
123.0
131.0
163.0
211.0
223.0
188.0
143.0
127.0
122.0
126.0
138.0
187.0
221.0
215.0
168.0
132.0
124.0
122.0
130.0
152.0
207.0
225.0
200.0
155.0
128.0
123.0
124.0
132.0
171.0
218.0
223.0
182.0
138.0
125.0
122.0
128.0
140.0
199.0
222.0
208.0
162.0
132.0
123.0
122.0
130.0
160.0
211.0
224.0
193.0
146.0
128.0
123.0
124.0
137.0
184.0
221.0
216.0
170.0
130.0
122.0
121.0
129.0
155.0
209.0
224.0
194.0
148.0
126.0
122.0
125.0
136.0
185.0
221.0
214.0
168.0
129.0
124.0
123.0
130.0
158.0
211.0
224.0
187.0
142.0
124.0
122.0
126.0
142.0
197.0
222.0
207.0
158.0
128.0
122.0
123.0
133.0
174.0
218.0
219.0
178.0
136.0
123.0
122.0
126.0
144.0
199.0
222.0
207.0
160.0
128.0
123.0
123.0
129.0
160.0
211.0
224.0
193.0
147.0
128.0
121.0
126.0
134.0
176.0
220.0
221.0
177.0
134.0
123.0
122.0
126.0
142.0
197.0
221.0
208.0
159.0
129.0
122.0
122.0
131.0
165.0
214.0
223.0
184.0
143.0
124.0
120.0
125.0
135.0
184.0
217.0
217.0
172.0
133.0
124.0
122.0
128.0
146.0
201.0
222.0
204.0
158.0
128.0
123.0
122.0
128.0
161.0
209.0
222.0
192.0
147.0
127.0
121.0
124.0
135.0
177.0
218.0
219.0
178.0
135.0
124.0
124.0
125.0
137.0
190.0
221.0
211.0
165.0
130.0
123.0
119.0
128.0
153.0
207.0
222.0
196.0
150.0
125.0
122.0
121.0
130.0
172.0
215.0
219.0
178.0
138.0
123.0
121.0
124.0
138.0
189.0
221.0
211.0
165.0
129.0
121.0
119.0
128.0
157.0
210.0
222.0
186.0
141.0
124.0
118.0
122.0
137.0
189.0
220.0
208.0
160.0
124.0
120.0
121.0
128.0
167.0
214.0
220.0
180.0
134.0
122.0
116.0
124.0
137.0
193.0
221.0
207.0
160.0
127.0
120.0
120.0
128.0
163.0
210.0
220.0
187.0
142.0
122.0
117.0
122.0
133.0
185.0
221.0
210.0
164.0
131.0
119.0
120.0
126.0
154.0
206.0
221.0
192.0
145.0
123.0
118.0
122.0
131.0
179.0
218.0
214.0
169.0
129.0
120.0
120.0
124.0
148.0
203.0
220.0
196.0
149.0
124.0
119.0
121.0
128.0
169.0
216.0
215.0
175.0
130.0
121.0
119.0
125.0
144.0
200.0
221.0
194.0
148.0
123.0
117.0
121.0
132.0
179.0
218.0
213.0
162.0
128.0
118.0
119.0
126.0
157.0
210.0
219.0
178.0
131.0
122.0
118.0
124.0
147.0
203.0
220.0
186.0
138.0
121.0
117.0
121.0
137.0
195.0
219.0
200.0
152.0
121.0
116.0
120.0
130.0
179.0
218.0
211.0
162.0
126.0
120.0
116.0
127.0
164.0
213.0
217.0
175.0
130.0
120.0
121.0
124.0
146.0
201.0
220.0
190.0
142.0
121.0
118.0
122.0
134.0
187.0
218.0
206.0
156.0
124.0
117.0
119.0
127.0
171.0
214.0
216.0
170.0
128.0
119.0
118.0
123.0
147.0
204.0
219.0
184.0
138.0
120.0
116.0
123.0
137.0
194.0
219.0
196.0
146.0
124.0
115.0
121.0
131.0
181.0
218.0
209.0
160.0
124.0
114.0
118.0
126.0
161.0
211.0
217.0
176.0
131.0
120.0
116.0
122.0
137.0
197.0
216.0
193.0
145.0
122.0
118.0
119.0
131.0
183.0
217.0
207.0
156.0
123.0
119.0
118.0
125.0
167.0
214.0
214.0
168.0
127.0
118.0
117.0
124.0
155.0
208.0
218.0
182.0
133.0
119.0
118.0
123.0
140.0
198.0
220.0
192.0
144.0
120.0
117.0
119.0
131.0
184.0
217.0
207.0
159.0
121.0
117.0
117.0
124.0
164.0
212.0
214.0
171.0
128.0
120.0
117.0
122.0
146.0
204.0
218.0
189.0
140.0
119.0
115.0
120.0
131.0
186.0
218.0
202.0
154.0
123.0
115.0
116.0
128.0
172.0
216.0
210.0
164.0
125.0
117.0
116.0
125.0
155.0
206.0
217.0
179.0
134.0
118.0
117.0
120.0
133.0
192.0
219.0
201.0
155.0
123.0
117.0
115.0
124.0
162.0
208.0
216.0
180.0
134.0
120.0
114.0
120.0
131.0
186.0
216.0
204.0
156.0
124.0
115.0
115.0
126.0
164.0
210.0
214.0
173.0
128.0
119.0
116.0
122.0
143.0
200.0
218.0
188.0
141.0
120.0
117.0
118.0
131.0
182.0
215.0
206.0
159.0
124.0
116.0
116.0
124.0
163.0
210.0
214.0
170.0
128.0
118.0
116.0
123.0
149.0
204.0
218.0
184.0
140.0
120.0
115.0
120.0
132.0
184.0
215.0
202.0
160.0
123.0
118.0
115.0
124.0
157.0
207.0
216.0
181.0
134.0
119.0
116.0
120.0
133.0
189.0
216.0
202.0
154.0
121.0
117.0
116.0
127.0
174.0
214.0
208.0
161.0
124.0
116.0
117.0
126.0
168.0
215.0
211.0
162.0
125.0
116.0
117.0
125.0
160.0
210.0
216.0
174.0
129.0
117.0
115.0
120.0
139.0
197.0
217.0
194.0
145.0
121.0
115.0
117.0
125.0
170.0
214.0
211.0
164.0
124.0
116.0
116.0
122.0
149.0
203.0
215.0
185.0
139.0
118.0
114.0
119.0
130.0
180.0
214.0
207.0
160.0
123.0
113.0
113.0
123.0
157.0
207.0
216.0
177.0
131.0
118.0
115.0
118.0
136.0
193.0
217.0
192.0
142.0
119.0
114.0
116.0
128.0
176.0
214.0
205.0
158.0
121.0
115.0
112.0
123.0
156.0
207.0
215.0
178.0
133.0
117.0
114.0
118.0
132.0
182.0
215.0
203.0
153.0
120.0
116.0
115.0
124.0
161.0
209.0
212.0
173.0
127.0
114.0
113.0
119.0
139.0
196.0
215.0
191.0
142.0
119.0
113.0
114.0
126.0
175.0
211.0
206.0
158.0
121.0
114.0
114.0
118.0
154.0
207.0
213.0
177.0
132.0
116.0
114.0
116.0
131.0
185.0
217.0
202.0
152.0
122.0
111.0
115.0
120.0
154.0
203.0
214.0
179.0
133.0
115.0
112.0
117.0
128.0
181.0
212.0
203.0
156.0
121.0
114.0
114.0
122.0
155.0
205.0
214.0
174.0
126.0
114.0
114.0
116.0
137.0
192.0
214.0
192.0
145.0
119.0
112.0
114.0
123.0
167.0
208.0
208.0
169.0
125.0
114.0
112.0
117.0
141.0
195.0
213.0
189.0
141.0
117.0
111.0
114.0
123.0
170.0
211.0
208.0
165.0
123.0
113.0
112.0
118.0
138.0
193.0
214.0
195.0
149.0
117.0
113.0
113.0
120.0
153.0
203.0
214.0
182.0
137.0
116.0
111.0
115.0
124.0
173.0
211.0
209.0
164.0
123.0
113.0
113.0
117.0
137.0
190.0
212.0
196.0
148.0
120.0
113.0
113.0
120.0
149.0
199.0
213.0
187.0
141.0
118.0
112.0
114.0
121.0
156.0
204.0
213.0
178.0
134.0
116.0
112.0
115.0
123.0
166.0
208.0
211.0
172.0
128.0
114.0
112.0
115.0
126.0
170.0
209.0
210.0
167.0
126.0
114.0
112.0
115.0
125.0
168.0
209.0
209.0
170.0
129.0
115.0
113.0
115.0
125.0
168.0
209.0
208.0
170.0
127.0
114.0
112.0
115.0
126.0
170.0
210.0
207.0
170.0
128.0
114.0
111.0
115.0
125.0
170.0
208.0
209.0
168.0
128.0
113.0
111.0
115.0
123.0
163.0
204.0
211.0
176.0
132.0
116.0
112.0
112.0
122.0
157.0
202.0
212.0
180.0
134.0
115.0
111.0
113.0
121.0
159.0
203.0
212.0
179.0
134.0
114.0
111.0
110.0
122.0
158.0
203.0
211.0
173.0
132.0
114.0
111.0
113.0
123.0
162.0
206.0
209.0
170.0
130.0
115.0
111.0
112.0
123.0
166.0
206.0
207.0
170.0
129.0
113.0
110.0
113.0
121.0
164.0
205.0
211.0
172.0
130.0
114.0
111.0
112.0
121.0
163.0
207.0
208.0
170.0
126.0
114.0
108.0
113.0
124.0
170.0
206.0
208.0
168.0
125.0
111.0
110.0
114.0
125.0
171.0
208.0
207.0
161.0
121.0
111.0
108.0
115.0
126.0
177.0
209.0
203.0
161.0
121.0
112.0
110.0
114.0
128.0
179.0
209.0
203.0
157.0
118.0
112.0
110.0
114.0
130.0
183.0
209.0
200.0
155.0
118.0
112.0
109.0
115.0
130.0
183.0
209.0
199.0
155.0
118.0
111.0
109.0
114.0
127.0
178.0
210.0
201.0
157.0
118.0
110.0
109.0
115.0
128.0
180.0
209.0
198.0
156.0
119.0
110.0
110.0
115.0
130.0
182.0
210.0
196.0
150.0
117.0
110.0
110.0
117.0
136.0
190.0
210.0
192.0
146.0
116.0
109.0
108.0
116.0
139.0
191.0
209.0
189.0
141.0
114.0
108.0
110.0
117.0
149.0
201.0
208.0
175.0
130.0
111.0
108.0
111.0
119.0
159.0
204.0
208.0
169.0
125.0
110.0
108.0
111.0
121.0
167.0
204.0
205.0
165.0
121.0
111.0
108.0
110.0
123.0
166.0
206.0
204.0
161.0
118.0
109.0
106.0
112.0
126.0
176.0
208.0
199.0
156.0
118.0
107.0
108.0
112.0
128.0
180.0
208.0
199.0
152.0
118.0
108.0
108.0
113.0
128.0
180.0
209.0
198.0
150.0
116.0
107.0
107.0
114.0
137.0
189.0
207.0
189.0
142.0
114.0
108.0
105.0
115.0
145.0
194.0
209.0
185.0
138.0
112.0
109.0
109.0
116.0
145.0
196.0
209.0
181.0
137.0
111.0
107.0
108.0
116.0
148.0
196.0
210.0
180.0
137.0
114.0
106.0
108.0
115.0
144.0
194.0
210.0
185.0
141.0
112.0
105.0
106.0
116.0
145.0
193.0
209.0
185.0
141.0
113.0
107.0
107.0
114.0
143.0
194.0
208.0
185.0
139.0
112.0
107.0
107.0
112.0
141.0
192.0
208.0
186.0
139.0
112.0
105.0
103.0
112.0
135.0
190.0
207.0
187.0
142.0
113.0
108.0
106.0
113.0
132.0
180.0
206.0
195.0
149.0
114.0
107.0
105.0
112.0
129.0
180.0
207.0
194.0
149.0
114.0
107.0
107.0
110.0
137.0
189.0
206.0
186.0
141.0
112.0
104.0
105.0
114.0
146.0
195.0
206.0
177.0
130.0
109.0
104.0
108.0
118.0
157.0
200.0
204.0
164.0
120.0
108.0
106.0
109.0
123.0
174.0
204.0
195.0
149.0
114.0
106.0
104.0
109.0
138.0
189.0
205.0
178.0
132.0
109.0
105.0
107.0
117.0
157.0
201.0
206.0
169.0
123.0
105.0
105.0
106.0
118.0
166.0
203.0
203.0
157.0
115.0
103.0
105.0
110.0
122.0
174.0
204.0
195.0
151.0
114.0
107.0
103.0
110.0
131.0
183.0
205.0
188.0
141.0
111.0
103.0
104.0
112.0
140.0
190.0
206.0
179.0
135.0
110.0
100.0
104.0
113.0
147.0
195.0
207.0
172.0
129.0
108.0
103.0
105.0
115.0
154.0
199.0
203.0
169.0
123.0
107.0
104.0
106.0
117.0
154.0
202.0
204.0
166.0
119.0
108.0
104.0
107.0
117.0
162.0
200.0
200.0
161.0
118.0
104.0
104.0
105.0
120.0
171.0
203.0
197.0
152.0
113.0
106.0
103.0
110.0
125.0
174.0
206.0
193.0
148.0
112.0
107.0
104.0
109.0
127.0
178.0
201.0
192.0
148.0
108.0
103.0
105.0
109.0
126.0
180.0
205.0
191.0
144.0
112.0
104.0
103.0
110.0
125.0
180.0
202.0
187.0
146.0
112.0
104.0
103.0
109.0
124.0
176.0
204.0
194.0
149.0
112.0
103.0
102.0
110.0
123.0
174.0
202.0
195.0
151.0
114.0
105.0
104.0
108.0
120.0
167.0
203.0
197.0
158.0
116.0
106.0
102.0
105.0
115.0
154.0
196.0
204.0
172.0
131.0
108.0
104.0
104.0
111.0
135.0
185.0
204.0
187.0
144.0
111.0
103.0
103.0
106.0
120.0
169.0
201.0
198.0
160.0
118.0
104.0
101.0
104.0
113.0
152.0
195.0
204.0
171.0
129.0
107.0
100.0
105.0
111.0
140.0
190.0
203.0
181.0
135.0
109.0
103.0
100.0
107.0
129.0
181.0
201.0
190.0
147.0
111.0
104.0
100.0
107.0
118.0
170.0
200.0
196.0
155.0
116.0
104.0
101.0
103.0
117.0
164.0
200.0
199.0
158.0
118.0
104.0
104.0
105.0
115.0
159.0
198.0
200.0
161.0
119.0
105.0
102.0
104.0
114.0
152.0
196.0
201.0
170.0
126.0
107.0
101.0
102.0
112.0
144.0
192.0
201.0
176.0
134.0
109.0
102.0
102.0
105.0
133.0
184.0
202.0
185.0
141.0
108.0
102.0
101.0
107.0
125.0
175.0
202.0
194.0
149.0
109.0
102.0
101.0
106.0
117.0
164.0
199.0
198.0
157.0
116.0
104.0
101.0
104.0
114.0
158.0
198.0
201.0
164.0
120.0
105.0
102.0
103.0
110.0
145.0
190.0
201.0
178.0
134.0
107.0
100.0
101.0
108.0
128.0
181.0
202.0
186.0
142.0
109.0
102.0
101.0
107.0
121.0
174.0
196.0
193.0
150.0
110.0
102.0
101.0
106.0
117.0
160.0
196.0
198.0
160.0
117.0
104.0
101.0
101.0
112.0
152.0
195.0
202.0
164.0
123.0
102.0
101.0
102.0
111.0
147.0
191.0
201.0
174.0
130.0
106.0
98.0
101.0
108.0
136.0
186.0
202.0
182.0
138.0
106.0
100.0
101.0
107.0
121.0
172.0
200.0
193.0
150.0
113.0
102.0
100.0
104.0
116.0
161.0
197.0
199.0
162.0
121.0
104.0
101.0
102.0
111.0
145.0
190.0
201.0
174.0
128.0
106.0
99.0
100.0
106.0
134.0
184.0
201.0
183.0
139.0
108.0
99.0
100.0
105.0
121.0
171.0
199.0
190.0
147.0
109.0
101.0
99.0
104.0
116.0
164.0
199.0
195.0
155.0
115.0
102.0
98.0
104.0
111.0
156.0
196.0
199.0
162.0
120.0
103.0
102.0
102.0
113.0
148.0
193.0
200.0
167.0
125.0
104.0
101.0
100.0
108.0
143.0
191.0
199.0
170.0
125.0
104.0
99.0
100.0
110.0
147.0
193.0
199.0
165.0
123.0
103.0
99.0
102.0
110.0
146.0
193.0
200.0
167.0
123.0
103.0
100.0
101.0
110.0
144.0
188.0
200.0
174.0
130.0
105.0
98.0
98.0
105.0
130.0
180.0
200.0
187.0
144.0
108.0
101.0
99.0
103.0
116.0
168.0
199.0
192.0
151.0
112.0
101.0
99.0
102.0
112.0
155.0
195.0
200.0
163.0
122.0
104.0
99.0
99.0
107.0
139.0
188.0
202.0
173.0
127.0
103.0
102.0
100.0
108.0
136.0
185.0
199.0
176.0
132.0
106.0
100.0
99.0
106.0
129.0
183.0
200.0
178.0
132.0
104.0
99.0
100.0
105.0
133.0
183.0
199.0
176.0
134.0
104.0
99.0
100.0
107.0
133.0
185.0
200.0
174.0
129.0
105.0
100.0
100.0
108.0
142.0
190.0
198.0
168.0
122.0
107.0
97.0
100.0
108.0
144.0
190.0
202.0
167.0
123.0
101.0
97.0
100.0
107.0
143.0
189.0
200.0
169.0
124.0
104.0
97.0
99.0
106.0
145.0
190.0
200.0
166.0
120.0
103.0
98.0
100.0
106.0
148.0
191.0
199.0
164.0
121.0
101.0
98.0
100.0
109.0
145.0
190.0
198.0
163.0
121.0
103.0
98.0
97.0
109.0
147.0
193.0
199.0
161.0
120.0
101.0
98.0
96.0
111.0
151.0
194.0
198.0
158.0
119.0
100.0
98.0
100.0
109.0
149.0
190.0
199.0
166.0
121.0
102.0
98.0
98.0
108.0
140.0
185.0
198.0
175.0
131.0
103.0
98.0
98.0
104.0
128.0
177.0
199.0
182.0
136.0
106.0
98.0
98.0
103.0
121.0
175.0
198.0
186.0
140.0
106.0
99.0
98.0
102.0
120.0
172.0
198.0
186.0
138.0
105.0
98.0
96.0
104.0
122.0
174.0
197.0
184.0
138.0
105.0
96.0
97.0
104.0
128.0
182.0
198.0
177.0
129.0
103.0
97.0
97.0
105.0
135.0
187.0
199.0
174.0
128.0
101.0
97.0
100.0
105.0
141.0
189.0
198.0
165.0
119.0
97.0
96.0
99.0
109.0
155.0
193.0
194.0
152.0
110.0
99.0
97.0
101.0
115.0
167.0
196.0
187.0
144.0
105.0
95.0
96.0
102.0
121.0
174.0
198.0
186.0
137.0
104.0
98.0
98.0
103.0
121.0
177.0
197.0
178.0
132.0
102.0
96.0
89.0
104.0
133.0
183.0
196.0
174.0
127.0
102.0
96.0
97.0
104.0
136.0
185.0
196.0
169.0
125.0
99.0
96.0
99.0
107.0
145.0
190.0
198.0
161.0
118.0
101.0
96.0
100.0
110.0
153.0
195.0
193.0
152.0
110.0
97.0
96.0
103.0
113.0
164.0
195.0
188.0
142.0
104.0
96.0
96.0
103.0
121.0
173.0
196.0
181.0
134.0
102.0
95.0
96.0
103.0
124.0
177.0
197.0
176.0
131.0
101.0
95.0
96.0
104.0
134.0
185.0
196.0
168.0
123.0
99.0
96.0
99.0
105.0
140.0
189.0
192.0
162.0
119.0
99.0
95.0
96.0
105.0
137.0
185.0
196.0
168.0
123.0
97.0
96.0
96.0
104.0
135.0
185.0
196.0
169.0
125.0
101.0
94.0
95.0
105.0
135.0
184.0
196.0
167.0
124.0
100.0
96.0
96.0
105.0
141.0
188.0
195.0
163.0
119.0
99.0
96.0
98.0
103.0
144.0
189.0
195.0
158.0
115.0
96.0
96.0
99.0
106.0
152.0
192.0
194.0
153.0
110.0
97.0
93.0
98.0
108.0
156.0
194.0
188.0
148.0
107.0
96.0
93.0
99.0
111.0
164.0
195.0
184.0
141.0
103.0
95.0
94.0
100.0
116.0
171.0
195.0
182.0
136.0
103.0
95.0
93.0
101.0
119.0
173.0
195.0
177.0
130.0
101.0
96.0
95.0
103.0
136.0
184.0
195.0
163.0
117.0
98.0
94.0
96.0
104.0
146.0
189.0
194.0
155.0
109.0
96.0
94.0
98.0
109.0
157.0
194.0
185.0
142.0
106.0
94.0
91.0
99.0
115.0
169.0
193.0
184.0
139.0
102.0
93.0
92.0
99.0
111.0
164.0
193.0
187.0
143.0
103.0
96.0
93.0
97.0
114.0
166.0
193.0
185.0
140.0
103.0
96.0
92.0
99.0
115.0
169.0
193.0
181.0
137.0
101.0
93.0
94.0
100.0
122.0
177.0
194.0
174.0
128.0
99.0
94.0
94.0
103.0
135.0
183.0
195.0
163.0
119.0
97.0
92.0
95.0
103.0
138.0
186.0
193.0
158.0
113.0
96.0
94.0
96.0
105.0
143.0
186.0
191.0
160.0
117.0
98.0
92.0
94.0
104.0
140.0
185.0
193.0
164.0
119.0
97.0
92.0
93.0
101.0
134.0
184.0
192.0
164.0
120.0
97.0
94.0
94.0
101.0
130.0
178.0
195.0
170.0
128.0
100.0
93.0
94.0
99.0
120.0
172.0
188.0
179.0
135.0
100.0
94.0
95.0
100.0
113.0
164.0
193.0
187.0
141.0
101.0
95.0
94.0
97.0
106.0
154.0
191.0
188.0
146.0
104.0
93.0
90.0
96.0
108.0
155.0
191.0
188.0
148.0
107.0
93.0
92.0
96.0
106.0
149.0
190.0
189.0
147.0
104.0
92.0
92.0
95.0
105.0
153.0
189.0
190.0
152.0
110.0
96.0
92.0
94.0
104.0
140.0
187.0
192.0
161.0
117.0
95.0
92.0
92.0
101.0
134.0
182.0
194.0
160.0
119.0
96.0
91.0
93.0
101.0
135.0
184.0
192.0
162.0
117.0
96.0
90.0
92.0
100.0
134.0
182.0
193.0
163.0
120.0
96.0
92.0
93.0
101.0
129.0
178.0
192.0
170.0
126.0
98.0
90.0
92.0
97.0
117.0
169.0
191.0
180.0
137.0
101.0
93.0
92.0
96.0
108.0
155.0
189.0
189.0
152.0
110.0
95.0
91.0
94.0
100.0
131.0
178.0
192.0
174.0
132.0
100.0
91.0
91.0
95.0
105.0
149.0
187.0
191.0
153.0
112.0
94.0
92.0
94.0
101.0
126.0
174.0
190.0
175.0
130.0
100.0
91.0
90.0
97.0
112.0
162.0
189.0
185.0
142.0
103.0
93.0
90.0
93.0
104.0
147.0
187.0
190.0
154.0
113.0
95.0
91.0
92.0
101.0
133.0
178.0
191.0
166.0
122.0
96.0
90.0
90.0
97.0
117.0
168.0
191.0
181.0
134.0
100.0
91.0
92.0
96.0
107.0
157.0
190.0
185.0
140.0
101.0
92.0
89.0
94.0
106.0
150.0
191.0
188.0
147.0
106.0
93.0
89.0
92.0
102.0
143.0
183.0
188.0
157.0
113.0
93.0
89.0
92.0
101.0
133.0
180.0
191.0
164.0
120.0
96.0
90.0
92.0
98.0
126.0
176.0
186.0
169.0
125.0
98.0
89.0
90.0
95.0
116.0
169.0
190.0
176.0
132.0
98.0
90.0
89.0
95.0
112.0
167.0
192.0
180.0
136.0
99.0
92.0
91.0
94.0
107.0
157.0
188.0
184.0
141.0
97.0
92.0
