142.0
158.0
213.0
242.0
226.0
182.0
145.0
138.0
136.0
142.0
165.0
219.0
239.0
224.0
175.0
144.0
135.0
136.0
144.0
172.0
227.0
240.0
212.0
164.0
140.0
133.0
138.0
144.0
192.0
230.0
236.0
193.0
146.0
138.0
136.0
137.0
155.0
209.0
238.0
228.0
180.0
144.0
134.0
134.0
140.0
169.0
222.0
238.0
213.0
166.0
140.0
132.0
136.0
146.0
185.0
228.0
237.0
200.0
154.0
137.0
136.0
137.0
149.0
198.0
236.0
232.0
187.0
144.0
138.0
134.0
140.0
154.0
212.0
238.0
223.0
178.0
142.0
133.0
134.0
140.0
170.0
223.0
238.0
212.0
163.0
139.0
133.0
135.0
145.0
190.0
232.0
234.0
190.0
145.0
136.0
133.0
139.0
154.0
209.0
237.0
220.0
174.0
140.0
133.0
132.0
141.0
172.0
225.0
240.0
208.0
160.0
136.0
131.0
133.0
144.0
187.0
231.0
236.0
197.0
155.0
136.0
132.0
134.0
147.0
195.0
234.0
231.0
183.0
143.0
133.0
133.0
138.0
158.0
214.0
237.0
219.0
171.0
138.0
132.0
133.0
141.0
177.0
228.0
236.0
198.0
149.0
135.0
133.0
132.0
145.0
202.0
235.0
227.0
179.0
140.0
131.0
131.0
139.0
169.0
222.0
235.0
205.0
154.0
135.0
131.0
135.0
149.0
193.0
231.0
229.0
182.0
142.0
133.0
131.0
136.0
157.0
214.0
235.0
216.0
167.0
137.0
132.0
133.0
141.0
182.0
228.0
233.0
194.0
147.0
133.0
130.0
134.0
148.0
201.0
234.0
222.0
176.0
138.0
130.0
132.0
136.0
163.0
218.0
232.0
209.0
159.0
135.0
128.0
138.0
143.0
181.0
228.0
230.0
189.0
143.0
131.0
129.0
136.0
150.0
204.0
232.0
222.0
174.0
140.0
131.0
128.0
139.0
162.0
216.0
234.0
209.0
160.0
135.0
129.0
132.0
138.0
176.0
223.0
234.0
196.0
152.0
133.0
129.0
132.0
144.0
186.0
229.0
228.0
185.0
141.0
132.0
130.0
133.0
148.0
211.0
232.0
216.0
167.0
136.0
128.0
131.0
139.0
172.0
223.0
232.0
202.0
153.0
133.0
129.0
130.0
142.0
188.0
230.0
232.0
189.0
144.0
131.0
129.0
134.0
153.0
207.0
234.0
217.0
167.0
136.0
131.0
129.0
140.0
173.0
224.0
236.0
198.0
152.0
132.0
129.0
132.0
148.0
195.0
232.0
230.0
182.0
141.0
132.0
130.0
135.0
153.0
211.0
233.0
217.0
168.0
136.0
130.0
131.0
140.0
174.0
223.0
232.0
200.0
152.0
136.0
131.0
133.0
145.0
193.0
234.0
229.0
182.0
144.0
132.0
131.0
135.0
156.0
212.0
236.0
219.0
170.0
139.0
133.0
133.0
142.0
180.0
228.0
240.0
204.0
158.0
139.0
136.0
136.0
150.0
195.0
238.0
237.0
196.0
151.0
141.0
141.0
144.0
158.0
215.0
245.0
235.0
188.0
152.0
146.0
148.0
155.0
187.0
241.0
253.0
219.0
175.0
152.0
152.0
149.0
164.0
212.0
254.0
256.0
213.0
171.0
159.0
160.0
165.0
182.0
240.0
265.0
249.0
200.0
167.0
164.0
162.0
170.0
201.0
250.0
267.0
234.0
186.0
166.0
160.0
163.0
172.0
213.0
260.0
259.0
218.0
174.0
160.0
159.0
164.0
179.0
233.0
261.0
246.0
195.0
164.0
156.0
157.0
165.0
199.0
250.0
264.0
231.0
181.0
162.0
157.0
160.0
172.0
222.0
259.0
254.0
203.0
168.0
158.0
157.0
165.0
186.0
243.0
260.0
236.0
189.0
160.0
156.0
157.0
166.0
201.0
251.0
260.0
223.0
175.0
157.0
154.0
159.0
170.0
218.0
258.0
252.0
208.0
167.0
155.0
154.0
158.0
177.0
231.0
259.0
243.0
194.0
161.0
153.0
153.0
161.0
194.0
246.0
259.0
225.0
177.0
154.0
154.0
157.0
169.0
218.0
256.0
249.0
204.0
163.0
153.0
156.0
160.0
183.0
239.0
258.0
236.0
189.0
160.0
154.0
154.0
164.0
200.0
247.0
259.0
225.0
181.0
160.0
153.0
154.0
162.0
203.0
250.0
256.0
221.0
176.0
157.0
151.0
155.0
164.0
208.0
251.0
256.0
218.0
172.0
156.0
151.0
156.0
168.0
211.0
254.0
257.0
215.0
169.0
159.0
157.0
161.0
174.0
228.0
262.0
253.0
206.0
168.0
162.0
163.0
167.0
199.0
251.0
268.0
240.0
195.0
170.0
164.0
167.0
175.0
220.0
266.0
268.0
229.0
184.0
172.0
167.0
172.0
188.0
237.0
271.0
264.0
214.0
176.0
168.0
168.0
173.0
197.0
252.0
272.0
247.0
201.0
175.0
168.0
170.0
176.0
210.0
261.0
270.0
240.0
193.0
172.0
169.0
171.0
181.0
226.0
269.0
271.0
229.0
184.0
172.0
171.0
178.0
191.0
248.0
276.0
260.0
211.0
179.0
171.0
173.0
179.0
207.0
259.0
276.0
250.0
203.0
178.0
172.0
173.0
182.0
222.0
270.0
274.0
235.0
191.0
173.0
171.0
175.0
187.0
238.0
274.0
266.0
219.0
180.0
172.0
169.0
177.0
203.0
258.0
276.0
247.0
200.0
176.0
170.0
172.0
181.0
227.0
268.0
273.0
231.0
185.0
172.0
168.0
176.0
190.0
245.0
274.0
262.0
213.0
178.0
172.0
170.0
178.0
210.0
263.0
276.0
244.0
197.0
176.0
169.0
173.0
186.0
237.0
274.0
265.0
217.0
179.0
173.0
170.0
180.0
210.0
258.0
278.0
247.0
200.0
178.0
172.0
175.0
185.0
233.0
276.0
276.0
232.0
188.0
178.0
176.0
181.0
196.0
252.0
282.0
271.0
224.0
188.0
181.0
181.0
188.0
215.0
269.0
286.0
261.0
213.0
189.0
181.0
184.0
190.0
224.0
273.0
291.0
260.0
215.0
189.0
183.0
184.0
194.0
227.0
276.0
289.0
256.0
208.0
187.0
182.0
182.0
193.0
234.0
278.0
287.0
250.0
205.0
186.0
181.0
183.0
193.0
237.0
281.0
283.0
240.0
192.0
183.0
178.0
182.0
196.0
249.0
282.0
275.0
229.0
190.0
178.0
178.0
184.0
204.0
262.0
283.0
264.0
216.0
185.0
177.0
178.0
185.0
216.0
268.0
283.0
253.0
206.0
184.0
180.0
181.0
192.0
234.0
278.0
282.0
241.0
197.0
182.0
178.0
180.0
191.0
236.0
278.0
282.0
240.0
196.0
182.0
179.0
182.0
193.0
241.0
281.0
279.0
235.0
193.0
181.0
178.0
184.0
192.0
250.0
282.0
274.0
226.0
190.0
181.0
178.0
186.0
209.0
264.0
284.0
264.0
215.0
185.0
179.0
178.0
188.0
222.0
272.0
282.0
253.0
206.0
183.0
178.0
176.0
188.0
229.0
277.0
283.0
249.0
202.0
183.0
178.0
180.0
189.0
234.0
279.0
282.0
243.0
198.0
182.0
179.0
181.0
193.0
242.0
279.0
277.0
232.0
192.0
181.0
178.0
183.0
200.0
256.0
283.0
267.0
218.0
187.0
178.0
179.0
186.0
219.0
270.0
283.0
254.0
206.0
184.0
179.0
180.0
191.0
236.0
278.0
279.0
238.0
192.0
180.0
178.0
182.0
197.0
248.0
282.0
273.0
228.0
189.0
179.0
177.0
184.0
202.0
258.0
280.0
266.0
217.0
185.0
176.0
179.0
182.0
216.0
265.0
283.0
257.0
209.0
184.0
178.0
178.0
185.0
219.0
267.0
282.0
254.0
205.0
182.0
177.0
177.0
184.0
218.0
267.0
281.0
252.0
206.0
182.0
176.0
175.0
186.0
218.0
269.0
279.0
248.0
201.0
180.0
176.0
174.0
186.0
229.0
274.0
277.0
235.0
190.0
177.0
172.0
176.0
191.0
243.0
277.0
270.0
223.0
183.0
174.0
174.0
177.0
197.0
253.0
278.0
262.0
211.0
181.0
174.0
172.0
179.0
206.0
258.0
277.0
251.0
202.0
178.0
172.0
174.0
182.0
226.0
273.0
274.0
234.0
186.0
174.0
172.0
178.0
194.0
251.0
277.0
262.0
213.0
179.0
172.0
171.0
179.0
210.0
264.0
279.0
248.0
200.0
178.0
172.0
172.0
182.0
226.0
272.0
274.0
232.0
185.0
176.0
172.0
178.0
193.0
251.0
279.0
262.0
213.0
182.0
174.0
174.0
184.0
223.0
273.0
280.0
239.0
195.0
179.0
174.0
181.0
194.0
250.0
279.0
269.0
221.0
185.0
178.0
178.0
185.0
213.0
268.0
284.0
256.0
207.0
183.0
179.0
178.0
189.0
231.0
277.0
281.0
245.0
198.0
182.0
177.0
181.0
191.0
237.0
280.0
279.0
239.0
193.0
177.0
177.0
182.0
196.0
248.0
281.0
276.0
230.0
190.0
180.0
177.0
183.0
203.0
259.0
283.0
266.0
216.0
183.0
177.0
178.0
185.0
214.0
267.0
283.0
251.0
206.0
184.0
176.0
179.0
188.0
236.0
280.0
280.0
232.0
189.0
179.0
178.0
183.0
201.0
258.0
282.0
265.0
214.0
185.0
178.0
178.0
186.0
226.0
274.0
281.0
245.0
200.0
181.0
175.0
179.0
194.0
245.0
281.0
272.0
224.0
186.0
178.0
180.0
185.0
215.0
269.0
283.0
248.0
200.0
179.0
177.0
179.0
193.0
245.0
281.0
272.0
227.0
187.0
178.0
176.0
185.0
216.0
269.0
284.0
248.0
203.0
178.0
177.0
178.0
192.0
241.0
279.0
272.0
224.0
186.0
177.0
177.0
185.0
217.0
271.0
281.0
245.0
199.0
180.0
178.0
181.0
194.0
245.0
279.0
273.0
220.0
186.0
177.0
175.0
182.0
211.0
264.0
283.0
253.0
203.0
182.0
176.0
179.0
192.0
241.0
280.0
272.0
223.0
185.0
177.0
177.0
184.0
215.0
268.0
282.0
244.0
195.0
178.0
175.0
180.0
195.0
257.0
280.0
259.0
208.0
180.0
174.0
174.0
188.0
238.0
279.0
269.0
221.0
185.0
176.0
175.0
185.0
220.0
272.0
280.0
240.0
190.0
177.0
174.0
179.0
195.0
252.0
279.0
265.0
215.0
182.0
173.0
175.0
183.0
220.0
271.0
277.0
239.0
190.0
178.0
175.0
178.0
198.0
257.0
279.0
256.0
205.0
180.0
173.0
177.0
188.0
238.0
277.0
272.0
218.0
184.0
175.0
174.0
182.0
215.0
268.0
279.0
243.0
196.0
178.0
174.0
179.0
195.0
251.0
278.0
263.0
213.0
181.0
173.0
175.0
184.0
224.0
273.0
279.0
235.0
189.0
177.0
174.0
179.0
196.0
252.0
279.0
259.0
210.0
181.0
174.0
175.0
184.0
225.0
273.0
276.0
231.0
186.0
175.0
174.0
179.0
200.0
257.0
279.0
256.0
206.0
181.0
174.0
175.0
186.0
228.0
275.0
276.0
231.0
190.0
175.0
173.0
177.0
197.0
258.0
280.0
257.0
207.0
179.0
174.0
177.0
187.0
232.0
275.0
276.0
230.0
185.0
176.0
175.0
181.0
206.0
265.0
281.0
252.0
203.0
178.0
174.0
176.0
191.0
245.0
280.0
266.0
215.0
182.0
176.0
177.0
185.0
225.0
273.0
279.0
236.0
190.0
177.0
174.0
178.0
196.0
255.0
280.0
266.0
213.0
183.0
176.0
175.0
184.0
219.0
272.0
281.0
243.0
196.0
179.0
174.0
177.0
191.0
244.0
279.0
270.0
221.0
184.0
176.0
174.0
182.0
205.0
262.0
282.0
258.0
208.0
180.0
175.0
176.0
186.0
230.0
275.0
277.0
233.0
188.0
173.0
175.0
181.0
199.0
257.0
280.0
256.0
205.0
181.0
176.0
177.0
189.0
239.0
278.0
273.0
225.0
182.0
176.0
175.0
182.0
212.0
266.0
280.0
247.0
199.0
179.0
174.0
178.0
192.0
246.0
277.0
265.0
218.0
183.0
174.0
175.0
182.0
216.0
270.0
280.0
241.0
194.0
175.0
174.0
179.0
196.0
256.0
279.0
259.0
209.0
179.0
173.0
176.0
187.0
232.0
276.0
272.0
227.0
185.0
174.0
174.0
180.0
212.0
267.0
279.0
242.0
195.0
176.0
174.0
178.0
192.0
251.0
278.0
261.0
209.0
181.0
174.0
174.0
185.0
233.0
272.0
273.0
222.0
182.0
174.0
173.0
182.0
214.0
269.0
279.0
241.0
192.0
176.0
172.0
177.0
194.0
250.0
278.0
260.0
211.0
180.0
172.0
174.0
184.0
225.0
272.0
276.0
232.0
185.0
174.0
172.0
178.0
200.0
257.0
276.0
249.0
198.0
175.0
169.0
173.0
183.0
225.0
272.0
274.0
228.0
184.0
172.0
171.0
176.0
191.0
249.0
275.0
257.0
206.0
177.0
169.0
171.0
180.0
225.0
272.0
275.0
231.0
183.0
172.0
172.0
176.0
192.0
252.0
277.0
257.0
204.0
176.0
169.0
170.0
179.0
220.0
271.0
272.0
230.0
183.0
172.0
170.0
175.0
195.0
252.0
278.0
256.0
205.0
175.0
169.0
172.0
180.0
227.0
273.0
272.0
226.0
181.0
170.0
169.0
176.0
203.0
257.0
277.0
244.0
195.0
172.0
169.0
173.0
190.0
251.0
276.0
257.0
203.0
178.0
171.0
174.0
185.0
237.0
274.0
267.0
218.0
180.0
172.0
171.0
180.0
215.0
267.0
278.0
242.0
195.0
176.0
173.0
176.0
193.0
253.0
279.0
260.0
211.0
178.0
173.0
174.0
183.0
227.0
272.0
276.0
234.0
190.0
180.0
176.0
184.0
201.0
262.0
285.0
266.0
216.0
186.0
179.0
181.0
190.0
232.0
281.0
289.0
248.0
202.0
187.0
184.0
190.0
206.0
262.0
295.0
286.0
236.0
199.0
194.0
194.0
200.0
229.0
286.0
303.0
272.0
222.0
201.0
193.0
196.0
207.0
256.0
300.0
300.0
256.0
210.0
200.0
199.0
204.0
224.0
285.0
313.0
296.0
249.0
217.0
209.0
212.0
218.0
251.0
308.0
323.0
292.0
245.0
224.0
219.0
222.0
235.0
290.0
330.0
325.0
276.0
238.0
229.0
225.0
230.0
267.0
324.0
337.0
298.0
250.0
233.0
230.0
235.0
251.0
310.0
339.0
326.0
275.0
244.0
245.0
245.0
258.0
302.0
357.0
369.0
328.0
282.0
270.0
272.0
270.0
298.0
358.0
378.0
350.0
301.0
277.0
273.0
279.0
291.0
349.0
386.0
375.0
322.0
289.0
282.0
282.0
293.0
337.0
386.0
387.0
342.0
302.0
292.0
291.0
297.0
329.0
385.0
400.0
360.0
311.0
295.0
288.0
296.0
312.0
374.0
399.0
375.0
323.0
295.0
289.0
292.0
305.0
364.0
398.0
384.0
332.0
299.0
295.0
296.0
308.0
362.0
401.0
391.0
339.0
302.0
293.0
293.0
304.0
352.0
396.0
390.0
339.0
300.0
290.0
289.0
294.0
339.0
391.0
392.0
345.0
300.0
290.0
286.0
292.0
324.0
380.0
393.0
355.0
305.0
288.0
282.0
286.0
302.0
361.0
390.0
373.0
322.0
288.0
282.0
284.0
291.0
343.0
387.0
384.0
333.0
291.0
275.0
276.0
287.0
324.0
380.0
384.0
342.0
291.0
279.0
275.0
279.0
298.0
360.0
384.0
357.0
307.0
278.0
272.0
275.0
285.0
340.0
380.0
372.0
320.0
280.0
272.0
274.0
281.0
324.0
378.0
384.0
342.0
295.0
284.0
280.0
290.0
318.0
379.0
398.0
367.0
318.0
297.0
295.0
300.0
321.0
385.0
415.0
396.0
345.0
317.0
310.0
315.0
326.0
377.0
425.0
423.0
374.0
333.0
321.0
319.0
324.0
358.0
416.0
435.0
402.0
350.0
327.0
324.0
328.0
343.0
404.0
437.0
424.0
372.0
336.0
325.0
327.0
338.0
389.0
434.0
432.0
382.0
340.0
328.0
328.0
334.0
371.0
429.0
437.0
398.0
347.0
330.0
324.0
329.0
348.0
409.0
436.0
411.0
357.0
328.0
322.0
322.0
332.0
389.0
429.0
417.0
365.0
325.0
316.0
315.0
326.0
369.0
418.0
423.0
382.0
332.0
317.0
313.0
316.0
342.0
403.0
424.0
394.0
341.0
317.0
310.0
311.0
324.0
382.0
418.0
406.0
353.0
315.0
307.0
307.0
314.0
365.0
412.0
413.0
364.0
317.0
305.0
303.0
308.0
339.0
399.0
414.0
377.0
329.0
310.0
305.0
308.0
318.0
380.0
413.0
396.0
344.0
308.0
299.0
297.0
305.0
348.0
395.0
400.0
356.0
311.0
298.0
293.0
299.0
322.0
377.0
399.0
378.0
339.0
311.0
306.0
311.0
320.0
374.0
418.0
418.0
367.0
330.0
326.0
324.0
330.0
366.0
423.0
435.0
398.0
351.0
332.0
332.0
336.0
357.0
417.0
445.0
427.0
375.0
344.0
338.0
338.0
351.0
407.0
448.0
443.0
392.0
357.0
347.0
345.0
349.0
399.0
449.0
450.0
402.0
358.0
346.0
343.0
349.0
386.0
452.0
470.0
436.0
382.0
360.0
356.0
358.0
374.0
434.0
469.0
452.0
400.0
366.0
356.0
356.0
367.0
412.0
464.0
468.0
424.0
375.0
359.0
357.0
362.0
387.0
450.0
470.0
443.0
389.0
364.0
356.0
359.0
373.0
431.0
469.0
460.0
408.0
370.0
361.0
359.0
369.0
410.0
465.0
470.0
427.0
377.0
362.0
358.0
363.0
389.0
452.0
475.0
446.0
396.0
366.0
360.0
362.0
373.0
430.0
472.0
469.0
416.0
374.0
363.0
361.0
369.0
411.0
464.0
472.0
429.0
378.0
361.0
360.0
365.0
390.0
453.0
476.0
445.0
394.0
369.0
357.0
358.0
370.0
425.0
467.0
461.0
409.0
367.0
354.0
352.0
360.0
404.0
459.0
464.0
418.0
369.0
352.0
348.0
350.0
376.0
438.0
462.0
432.0
377.0
352.0
343.0
344.0
358.0
417.0
455.0
441.0
388.0
350.0
340.0
339.0
349.0
399.0
447.0
446.0
401.0
353.0
337.0
336.0
340.0
370.0
430.0
448.0
418.0
366.0
340.0
330.0
334.0
343.0
398.0
441.0
438.0
386.0
344.0
331.0
328.0
334.0
372.0
430.0
441.0
400.0
349.0
331.0
325.0
329.0
347.0
414.0
441.0
413.0
359.0
330.0
324.0
325.0
338.0
395.0
433.0
428.0
377.0
336.0
323.0
320.0
329.0
368.0
425.0
437.0
394.0
337.0
324.0
321.0
324.0
343.0
408.0
436.0
416.0
362.0
333.0
319.0
321.0
328.0
378.0
429.0
431.0
384.0
332.0
323.0
319.0
323.0
348.0
410.0
435.0
408.0
356.0
327.0
319.0
318.0
331.0
384.0
429.0
425.0
372.0
331.0
319.0
317.0
323.0
355.0
414.0
434.0
396.0
344.0
322.0
315.0
318.0
332.0
390.0
428.0
418.0
368.0
329.0
314.0
316.0
321.0
357.0
416.0
430.0
389.0
336.0
317.0
313.0
315.0
330.0
389.0
424.0
413.0
362.0
323.0
315.0
313.0
321.0
365.0
418.0
426.0
384.0
336.0
320.0
313.0
316.0
333.0
395.0
421.0
407.0
352.0
322.0
312.0
313.0
323.0
372.0
421.0
422.0
377.0
331.0
320.0
315.0
320.0
347.0
409.0
432.0
407.0
357.0
328.0
321.0
321.0
333.0
380.0
428.0
433.0
387.0
342.0
328.0
324.0
329.0
351.0
412.0
437.0
418.0
370.0
338.0
328.0
327.0
336.0
378.0
429.0
441.0
401.0
353.0
336.0
330.0
333.0
345.0
404.0
441.0
436.0
388.0
347.0
336.0
334.0
340.0
363.0
423.0
448.0
427.0
378.0
347.0
338.0
338.0
345.0
394.0
442.0
446.0
405.0
357.0
342.0
338.0
341.0
359.0
421.0
450.0
433.0
382.0
349.0
339.0
338.0
346.0
390.0
442.0
448.0
405.0
357.0
341.0
337.0
342.0
367.0
426.0
449.0
421.0
370.0
342.0
338.0
338.0
350.0
411.0
445.0
434.0
382.0
346.0
338.0
337.0
345.0
387.0
439.0
445.0
401.0
354.0
337.0
334.0
336.0
357.0
416.0
443.0
423.0
371.0
341.0
332.0
333.0
341.0
388.0
437.0
438.0
393.0
346.0
332.0
329.0
334.0
355.0
418.0
439.0
415.0
367.0
336.0
327.0
328.0
339.0
387.0
433.0
432.0
383.0
341.0
324.0
324.0
331.0
360.0
420.0
436.0
400.0
350.0
328.0
324.0
325.0
341.0
400.0
431.0
419.0
367.0
331.0
323.0
321.0
328.0
371.0
423.0
431.0
389.0
340.0
325.0
320.0
322.0
337.0
396.0
428.0
418.0
367.0
330.0
320.0
319.0
324.0
364.0
418.0
429.0
390.0
343.0
325.0
316.0
321.0
333.0
393.0
427.0
412.0
362.0
329.0
317.0
316.0
326.0
365.0
418.0
427.0
388.0
338.0
322.0
316.0
318.0
332.0
394.0
426.0
412.0
362.0
326.0
318.0
315.0
323.0
366.0
415.0
427.0
385.0
337.0
320.0
315.0
320.0
338.0
395.0
428.0
413.0
362.0
328.0
319.0
317.0
324.0
363.0
416.0
429.0
396.0
344.0
323.0
317.0
319.0
331.0
384.0
424.0
421.0
374.0
328.0
319.0
315.0
320.0
346.0
405.0
427.0
404.0
355.0
329.0
315.0
316.0
325.0
371.0
419.0
423.0
382.0
334.0
321.0
314.0
317.0
338.0
397.0
425.0
409.0
360.0
327.0
317.0
316.0
325.0
370.0
418.0
428.0
386.0
340.0
321.0
315.0
318.0
333.0
390.0
426.0
415.0
369.0
328.0
318.0
314.0
320.0
349.0
407.0
427.0
402.0
355.0
323.0
315.0
313.0
321.0
364.0
415.0
425.0
385.0
337.0
320.0
313.0
315.0
328.0
389.0
423.0
414.0
364.0
324.0
314.0
310.0
318.0
347.0
406.0
426.0
393.0
345.0
317.0
313.0
312.0
324.0
379.0
420.0
417.0
370.0
327.0
317.0
311.0
315.0
340.0
397.0
423.0
404.0
356.0
322.0
313.0
311.0
318.0
357.0
413.0
422.0
382.0
333.0
316.0
310.0
314.0
327.0
385.0
421.0
411.0
362.0
323.0
312.0
308.0
314.0
341.0
401.0
421.0
396.0
345.0
316.0
310.0
308.0
320.0
368.0
414.0
416.0
373.0
326.0
312.0
308.0
311.0
333.0
388.0
419.0
403.0
353.0
320.0
309.0
306.0
314.0
354.0
407.0
418.0
380.0
333.0
310.0
305.0
309.0
322.0
381.0
415.0
405.0
357.0
319.0
309.0
305.0
310.0
342.0
399.0
418.0
389.0
339.0
315.0
306.0
306.0
316.0
365.0
410.0
411.0
367.0
322.0
308.0
302.0
309.0
332.0
391.0
416.0
394.0
346.0
314.0
304.0
303.0
313.0
360.0
409.0
412.0
369.0
321.0
306.0
303.0
308.0
331.0
391.0
415.0
392.0
340.0
311.0
302.0
301.0
316.0
368.0
409.0
411.0
363.0
318.0
304.0
302.0
309.0
335.0
394.0
417.0
384.0
335.0
309.0
302.0
305.0
316.0
368.0
402.0
412.0
364.0
315.0
298.0
300.0
305.0
335.0
392.0
413.0
387.0
335.0
310.0
302.0
298.0
314.0
370.0
411.0
406.0
358.0
319.0
302.0
301.0
308.0
344.0
397.0
416.0
388.0
334.0
315.0
302.0
307.0
318.0
376.0
416.0
411.0
358.0
320.0
310.0
308.0
314.0
347.0
408.0
429.0
396.0
340.0
321.0
314.0
315.0
331.0
394.0
428.0
413.0
362.0
327.0
318.0
316.0
325.0
366.0
420.0
426.0
386.0
337.0
322.0
315.0
319.0
337.0
396.0
428.0
418.0
370.0
331.0
321.0
318.0
324.0
361.0
420.0
433.0
396.0
346.0
327.0
319.0
323.0
337.0
393.0
434.0
428.0
378.0
338.0
326.0
326.0
334.0
373.0
429.0
443.0
408.0
358.0
338.0
335.0
336.0
356.0
416.0
451.0
432.0
384.0
350.0
338.0
340.0
348.0
394.0
446.0
455.0
412.0
364.0
348.0
344.0
348.0
370.0
433.0
459.0
439.0
389.0
358.0
347.0
347.0
356.0
408.0
451.0
459.0
418.0
373.0
359.0
356.0
362.0
390.0
448.0
473.0
448.0
397.0
366.0
360.0
357.0
368.0
418.0
465.0
470.0
423.0
376.0
363.0
354.0
359.0
377.0
436.0
469.0
456.0
404.0
369.0
355.0
354.0
359.0
395.0
449.0
467.0
435.0
384.0
359.0
353.0
352.0
363.0
419.0
459.0
458.0
408.0
365.0
351.0
347.0
354.0
384.0
444.0
463.0
434.0
382.0
356.0
350.0
349.0
363.0
419.0
459.0
453.0
402.0
362.0
350.0
348.0
354.0
391.0
447.0
461.0
424.0
374.0
355.0
349.0
350.0
362.0
423.0
457.0
447.0
396.0
358.0
348.0
346.0
355.0
400.0
451.0
457.0
409.0
362.0
349.0
344.0
350.0
380.0
440.0
460.0
426.0
374.0
350.0
344.0
346.0
360.0
420.0
456.0
441.0
390.0
356.0
343.0
342.0
350.0
393.0
446.0
455.0
411.0
363.0
346.0
341.0
344.0
364.0
426.0
454.0
434.0
383.0
350.0
341.0
339.0
351.0
401.0
449.0
447.0
397.0
354.0
342.0
338.0
344.0
382.0
439.0
451.0
411.0
361.0
345.0
337.0
340.0
360.0
422.0
450.0
431.0
379.0
347.0
339.0
336.0
346.0
389.0
442.0
446.0
405.0
357.0
341.0
334.0
340.0
355.0
417.0
447.0
432.0
383.0
347.0
337.0
333.0
340.0
380.0
436.0
447.0
407.0
358.0
339.0
335.0
336.0
350.0
413.0
445.0
432.0
381.0
346.0
335.0
333.0
340.0
381.0
436.0
443.0
402.0
353.0
337.0
331.0
332.0
354.0
416.0
444.0
424.0
369.0
340.0
332.0
333.0
343.0
396.0
439.0
437.0
384.0
345.0
332.0
329.0
336.0
376.0
430.0
441.0
401.0
352.0
332.0
329.0
331.0
355.0
417.0
443.0
418.0
365.0
338.0
328.0
330.0
341.0
395.0
437.0
431.0
383.0
341.0
329.0
327.0
333.0
374.0
426.0
440.0
398.0
347.0
331.0
326.0
328.0
354.0
414.0
439.0
409.0
361.0
332.0
324.0
327.0
339.0
397.0
435.0
427.0
375.0
336.0
326.0
322.0
330.0
372.0
426.0
438.0
397.0
348.0
332.0
324.0
327.0
343.0
405.0
435.0
424.0
371.0
335.0
327.0
326.0
332.0
374.0
425.0
437.0
400.0
349.0
331.0
324.0
327.0
340.0
401.0
436.0
424.0
372.0
336.0
327.0
324.0
332.0
378.0
429.0
435.0
391.0
341.0
327.0
323.0
328.0
355.0
414.0
437.0
405.0
350.0
328.0
324.0
326.0
339.0
396.0
432.0
422.0
369.0
335.0
324.0
322.0
330.0
371.0
423.0
433.0
390.0
342.0
325.0
320.0
323.0
347.0
408.0
433.0
409.0
360.0
330.0
321.0
322.0
328.0
380.0
426.0
430.0
384.0
337.0
322.0
317.0
323.0
347.0
406.0
430.0
409.0
358.0
327.0
320.0
320.0
329.0
377.0
424.0
427.0
379.0
333.0
320.0
316.0
322.0
354.0
411.0
431.0
394.0
338.0
324.0
316.0
317.0
333.0
394.0
429.0
415.0
363.0
328.0
316.0
316.0
322.0
362.0
416.0
428.0
392.0
341.0
321.0
314.0
315.0
326.0
385.0
424.0
417.0
367.0
327.0
316.0
313.0
320.0
355.0
413.0
425.0
390.0
340.0
317.0
313.0
315.0
328.0
384.0
422.0
416.0
368.0
327.0
315.0
311.0
316.0
342.0
399.0
422.0
403.0
352.0
320.0
310.0
310.0
318.0
360.0
411.0
422.0
386.0
338.0
317.0
311.0
312.0
325.0
378.0
418.0
416.0
367.0
325.0
312.0
309.0
315.0
343.0
402.0
422.0
395.0
346.0
320.0
310.0
309.0
318.0
357.0
411.0
419.0
382.0
334.0
315.0
310.0
309.0
322.0
373.0
416.0
416.0
369.0
327.0
311.0
306.0
311.0
328.0
389.0
418.0
407.0
359.0
321.0
308.0
307.0
311.0
338.0
397.0
418.0
398.0
349.0
317.0
308.0
306.0
315.0
354.0
406.0
419.0
382.0
332.0
312.0
305.0
307.0
315.0
372.0
413.0
411.0
366.0
322.0
308.0
304.0
305.0
327.0
386.0
417.0
402.0
351.0
317.0
306.0
304.0
311.0
345.0
400.0
418.0
390.0
341.0
313.0
305.0
304.0
311.0
351.0
404.0
416.0
380.0
331.0
309.0
304.0
302.0
314.0
364.0
409.0
413.0
367.0
320.0
305.0
302.0
305.0
320.0
381.0
414.0
395.0
348.0
312.0
300.0
300.0
309.0
345.0
400.0
413.0
379.0
330.0
307.0
300.0
301.0
312.0
366.0
409.0
407.0
363.0
319.0
302.0
300.0
303.0
321.0
381.0
409.0
399.0
347.0
312.0
302.0
299.0
305.0
334.0
393.0
412.0
387.0
337.0
309.0
298.0
299.0
305.0
344.0
397.0
411.0
380.0
332.0
306.0
299.0
298.0
307.0
349.0
398.0
410.0
374.0
327.0
305.0
298.0
299.0
308.0
356.0
399.0
408.0
365.0
320.0
302.0
297.0
297.0
312.0
368.0
405.0
400.0
353.0
310.0
297.0
295.0
300.0
321.0
377.0
406.0
393.0
345.0
309.0
297.0
294.0
301.0
330.0
388.0
409.0
383.0
331.0
303.0
293.0
296.0
304.0
349.0
397.0
407.0
366.0
316.0
298.0
294.0
296.0
310.0
368.0
401.0
396.0
349.0
308.0
293.0
292.0
298.0
323.0
384.0
407.0
383.0
335.0
304.0
292.0
292.0
300.0
339.0
392.0
405.0
372.0
324.0
301.0
294.0
293.0
302.0
349.0
395.0
404.0
368.0
320.0
300.0
291.0
293.0
303.0
350.0
395.0
402.0
364.0
318.0
300.0
291.0
292.0
301.0
344.0
394.0
404.0
371.0
321.0
299.0
291.0
291.0
299.0
337.0
389.0
403.0
373.0
324.0
299.0
290.0
290.0
298.0
340.0
391.0
401.0
363.0
317.0
296.0
288.0
292.0
302.0
355.0
394.0
397.0
351.0
306.0
292.0
288.0
292.0
309.0
367.0
399.0
390.0
342.0
305.0
291.0
289.0
293.0
