434
456
491
528
614
827
1014
1134
1173
1161
1026
882
750
596
435
403
387
390
407
428
450
486
593
809
987
1123
1136
1132
977
836
704
522
400
372
342
359
358
402
437
482
666
883
1021
1096
1133
1026
867
731
585
377
336
318
323
332
366
404
459
669
927
1096
1123
1122
987
824
684
494
350
320
300
301
320
357
398
463
671
881
1004
1082
1078
969
799
664
499
324
312
282
314
312
343
388
436
647
845
1010
1059
1056
947
788
648
485
312
281
268
272
289
326
363
418
623
830
991
1050
1055
951
791
655
511
311
279
260
257
264
292
331
375
482
737
958
1072
1080
1062
916
747
617
411
292
282
275
261
286
336
384
452
681
875
1039
1101
1083
927
777
633
416
331
280
298
309
328
374
424
571
773
964
1035
1035
944
789
637
475
299
292
288
309
311
316
344
436
631
756
901
959
932
857
723
598
427
326
313
305
318
344
380
422
549
785
972
1066
1067
968
823
668
507
347
310
298
299
326
356
407
469
692
894
1037
1063
1033
889
737
596
361
309
291
285
297
341
371
439
616
835
1005
1084
1076
949
770
634
429
309
294
307
331
420
410
426
572
798
910
918
898
834
703
600
471
260
222
215
357
480
509
528
557
631
682
707
706
675
617
567
520
500
496
496
504
518
538
559
616
693
715
727
746
696
653
606
557
540
539
543
547
555
566
581
624
672
716
726
697
669
692
625
612
569
555
550
550
557
570
585
628
707
763
793
787
760
708
668
627
614
613
609
623
637
650
680
734
805
872
893
889
847
771
713
632
616
617
617
624
647
664
657
698
767
872
887
886
807
730
670
609
570
587
592
596
593
626
658
723
808
873
882
863
801
740
682
627
614
612
614
621
635
649
683
770
841
880
883
853
800
749
677
623
611
608
612
620
634
650
693
779
851
888
889
851
792
732
667
621
611
615
608
620
636
656
715
787
861
884
885
839
776
718
655
618
611
607
608
628
636
663
668
746
800
812
815
780
723
669
617
582
578
576
587
587
604
623
667
739
797
827
834
871
806
752
674
611
585
571
576
579
589
611
640
703
762
807
815
818
769
715
659
600
581
572
572
575
585
595
612
665
753
816
864
833
797
723
662
608
576
568
567
559
578
596
617
678
747
794
808
807
756
700
649
592
568
562
562
566
573
579
603
670
737
793
862
811
765
723
649
583
562
556
555
557
568
580
599
657
725
775
792
797
742
689
672
611
593
585
586
591
602
581
602
659
730
783
794
791
752
693
638
583
551
544
542
548
555
568
581
617
683
733
767
773
757
704
644
595
545
534
529
532
536
547
557
579
647
707
746
761
757
708
660
603
546
533
528
527
530
541
556
572
624
695
749
770
770
736
689
673
611
561
552
548
549
556
579
553
613
692
753
779
774
747
693
672
597
551
544
543
546
559
576
600
676
768
835
854
848
785
711
642
564
539
534
534
541
557
578
615
713
806
865
883
873
810
748
689
622
614
617
621
623
636
660
688
770
855
905
921
889
843
773
702
637
626
625
627
637
652
672
720
814
894
937
944
915
841
769
706
652
646
643
640
651
666
686
743
841
914
948
949
901
820
753
676
641
632
634
638
652
669
697
786
870
929
942
925
857
786
712
635
616
614
620
621
630
650
691
778
852
891
897
865
803
748
691
663
664
668
680
697
719
744
817
901
960
977
971
909
845
780
713
693
689
687
692
706
723
782
879
946
989
989
923
843
774
695
676
671
669
675
696
710
756
855
931
971
978
938
862
789
723
674
661
661
664
664
644
665
772
837
879
891
894
824
781
715
657
648
645
647
658
668
673
726
817
873
890
912
875
797
730
693
698
698
695
700
722
737
781
877
955
997
1005
983
911
840
765
696
683
681
684
686
706
720
751
844
923
971
979
954
886
827
761
701
685
677
675
677
689
703
723
806
915
980
979
971
909
839
782
723
677
664
655
655
661
673
688
731
813
879
913
921
891
822
763
703
653
638
634
634
640
653
668
705
785
851
889
899
866
818
760
700
663
647
642
647
651
637
665
705
791
854
887
889
854
797
737
677
625
613
611
616
627
645
671
699
809
907
939
981
984
924
850
780
681
648
643
642
647
655
667
689
755
835
898
919
914
867
803
740
669
637
624
624
625
635
658
684
757
838
900
919
929
887
815
737
657
627
642
641
643
659
676
709
806
900
963
981
967
897
823
749
665
642
633
633
635
650
668
698
794
885
949
971
967
901
823
754
662
635
623
621
626
644
664
695
792
891
951
966
952
883
809
737
650
625
614
611
615
628
645
675
771
870
939
959
949
875
797
717
634
615
606
605
611
627
645
692
803
894
944
952
917
836
760
682
616
601
595
596
609
627
655
735
839
917
947
948
881
798
716
627
603
589
588
589
593
606
640
743
829
869
869
837
765
688
630
578
584
579
579
591
608
634
714
811
890
917
907
854
774
693
604
574
558
554
557
576
590
640
759
856
908
910
867
785
712
633
575
563
559
528
545
592
621
707
809
863
874
857
803
732
672
587
568
559
560
568
584
605
652
761
852
899
904
873
795
736
657
587
569
562
561
539
555
587
642
751
847
871
885
890
835
762
682
596
573
574
587
611
631
651
696
812
912
971
985
954
872
794
703
635
617
612
612
621
648
626
702
881
1061
1281
1350
1284
1083
898
710
465
378
399
360
428
432
512
579
795
1033
1267
1348
1435
1344
1132
974
821
592
535
514
518
531
570
616
684
908
1161
1356
1434
1443
1305
1052
888
671
534
510
493
488
496
541
585
693
919
1128
1268
1290
1229
1065
915
743
557
516
498
495
507
543
583
675
898
1072
1161
1187
1154
1007
943
778
523
472
456
449
458
504
552
600
806
1033
1213
1258
1291
1185
1035
897
749
548
476
472
456
504
489
563
612
851
1102
1381
1421
1419
1249
1069
892
616
513
455
472
480
505
556
608
800
1083
1312
1434
1452
1337
1122
955
741
528
480
457
459
475
512
561
633
909
1180
1377
1452
1461
1317
1107
935
701
495
448
429
435
457
507
557
651
930
1177
1443
1417
1486
1304
1104
930
711
499
430
433
417
449
489
537
613
850
1084
1267
1339
1378
1234
1077
914
766
518
469
402
420
432
461
507
562
756
1073
1268
1459
1435
1361
1165
978
797
516
446
398
431
440
458
516
555
748
1042
1277
1413
1448
1393
1193
1016
838
528
443
411
397
396
422
471
531
645
917
1175
1368
1426
1440
1319
1115
937
745
474
396
379
383
384
427
473
532
703
997
1254
1408
1451
1409
1194
995
819
507
413
377
368
374
408
458
518
677
992
1255
1407
1445
1395
1191
1000
825
518
401
364
354
359
385
432
488
579
875
1152
1350
1426
1434
1287
1071
889
661
412
363
346
353
363
412
467
536
785
1073
1217
1310
1312
1234
1061
898
755
490
399
374
346
353
357
423
461
567
855
1100
1369
1399
1432
1275
1049
839
652
416
367
346
338
347
378
429
477
589
886
1145
1342
1416
1419
1256
1032
842
583
387
345
334
322
347
387
461
499
714
1002
1217
1349
1379
1345
1125
983
804
555
407
379
345
349
363
410
460
519
719
1005
1239
1379
1415
1353
1152
980
825
542
401
351
344
343
359
377
426
465
595
844
1025
1231
1289
1354
1274
1107
976
819
585
432
389
372
372
393
429
468
532
674
959
1208
1387
1462
1481
1357
1176
1015
839
581
523
504
500
512
545
594
651
734
980
1239
1457
1577
1616
1579
1401
1246
1083
846
673
633
616
621
640
692
744
815
1083
1337
1522
1633
1645
1546
1347
1141
998
745
690
666
635
653
669
736
779
854
1089
1372
1559
1606
1617
1531
1337
1171
984
747
649
616
607
611
627
675
716
781
1000
1256
1454
1568
1593
1550
1372
1199
1049
810
660
616
595
595
606
637
684
730
833
1085
1316
1493
1570
1584
1512
1329
1175
1030
813
644
606
589
592
603
633
674
720
809
1054
1287
1474
1563
1583
1529
1360
1187
1042
845
665
634
610
609
623
646
689
731
791
987
1235
1434
1555
1594
1590
1467
1284
1115
983
726
650
620
613
621
638
662
697
744
875
1109
1308
1448
1497
1519
1409
1283
1151
1003
735
645
618
602
609
628
669
714
766
909
1173
1401
1571
1639
1651
1566
1372
1206
1062
819
663
624
605
606
623
653
698
758
852
1138
1403
1615
1713
1739
1654
1457
1291
1120
845
789
763
762
771
803
849
907
1053
1326
1581
1685
1727
1714
1573
1435
1245
1000
895
819
824
796
822
844
892
943
1107
1337
1584
1657
1676
1626
1554
1352
1201
1089
838
779
753
701
751
728
796
840
903
1112
1391
1560
1735
1735
1684
1537
1335
1177
923
781
743
722
719
731
764
807
861
976
1230
1440
1570
1655
1733
1675
1505
1336
1184
957
790
758
744
732
714
759
797
843
937
1199
1431
1622
1711
1719
1636
1463
1319
1184
985
797
746
728
725
759
791
813
845
915
1146
1371
1593
1691
1745
1701
1592
1389
1249
1075
853
759
763
749
753
779
821
861
923
1132
1389
1580
1707
1746
1731
1585
1391
1210
1055
815
761
733
723
730
747
783
825
881
1036
1294
1521
1677
1737
1744
1635
1449
1299
1151
901
769
733
716
715
724
758
800
845
924
1177
1422
1599
1698
1721
1677
1516
1337
1199
988
776
733
687
706
715
725
774
816
869
1048
1293
1505
1639
1699
1707
1616
1431
1281
1135
873
719
702
689
689
701
730
768
814
897
1153
1405
1609
1734
1765
1743
1572
1362
1205
1019
740
680
653
653
659
686
734
777
837
1025
1292
1529
1651
1741
1721
1615
1418
1248
1089
830
705
648
664
661
680
718
771
834
929
1197
1454
1667
1785
1817
1805
1671
1481
1336
1193
917
793
759
749
746
762
785
815
869
966
1245
1484
1659
1731
1715
1625
1504
1370
1239
1034
824
784
768
774
809
886
946
937
997
1226
1475
1667
1827
1863
1840
1693
1506
1383
1211
963
918
898
898
911
981
1166
1263
1279
1301
1332
1353
1365
1369
1367
1357
1347
1335
1319
1305
1301
1301
1300
1315
1320
1325
1333
1339
1352
1374
1399
1424
1433
1435
1437
1425
1419
1413
1401
1388
1389
1396
1395
1397
1397
1399
1411
1414
1422
1439
1459
1471
1477
1476
1469
1457
1442
1425
1407
1394
1385
1379
1373
1371
1374
1374
1376
34
