690
693
688
680
675
675
676
675
683
691
695
691
687
686
684
685
684
685
691
687
687
680
682
688
693
701
705
706
705
694
690
685
681
683
686
686
688
687
686
686
696
696
697
698
694
689
682
679
680
681
684
697
698
703
714
721
730
735
742
743
738
736
731
729
728
730
732
737
742
746
754
765
774
780
787
790
788
786
789
793
797
800
803
805
806
821
838
845
847
845
837
831
823
815
811
809
805
804
803
803
809
816
816
817
818
816
807
803
797
792
789
788
787
793
797
797
804
810
807
801
798
798
798
797
795
795
794
794
789
786
788
789
789
788
786
784
781
779
778
779
777
775
780
781
776
779
782
786
790
790
789
787
785
781
779
777
778
781
785
791
800
805
816
822
834
847
851
875
900
915
922
941
958
967
989
1015
1041
1056
1072
1093
1116
1133
1152
1159
1161
1174
1200
1216
1233
1238
1259
1269
1279
1281
1283
1280
1277
1271
1270
1266
1263
1264
1258
1256
1255
1254
1250
1247
1244
1250
1249
1246
1241
1235
1232
1223
1219
1214
1211
1203
1204
1203
1197
1193
1192
1186
1181
1176
1171
1166
1159
1153
1148
1145
1140
1135
1133
1131
1123
1124
1121
1119
1115
1111
1106
1101
1098
1093
1091
1085
1084
1080
1079
1077
1077
1074
1081
1084
1086
1084
1081
1074
1066
1057
1051
1045
1043
1040
1037
1037
1035
1035
1041
1049
1056
1061
1071
1076
1077
1081
1085
1091
1097
1108
1117
1130
1139
1146
1157
1164
30
