332
329
343
336
329
333
333
336
327
335
335
351
351
332
334
330
329
342
322
320
320
318
160
142
144
147
150
150
155
160
162
163
159
154
146
142
145
142
140
142
143
142
144
161
150
155
162
163
159
160
158
153
151
168
152
153
154
156
158
162
166
169
177
178
186
180
177
193
178
178
200
180
181
185
185
191
196
200
211
215
217
214
214
211
206
207
201
200
204
203
208
209
211
214
220
225
229
228
230
228
222
229
220
219
218
223
224
225
231
233
243
251
268
270
270
268
267
258
275
250
251
251
254
257
257
262
269
288
286
282
285
284
273
275
265
260
259
257
258
260
260
260
262
266
270
278
280
277
277
276
266
262
260
259
259
258
257
261
262
262
268
288
280
283
285
284
282
278
272
271
270
268
269
270
275
273
276
279
284
290
292
293
292
288
284
280
275
274
273
268
271
272
273
273
273
277
285
288
289
285
283
290
273
272
266
266
265
265
268
266
268
272
276
284
285
285
283
278
284
270
265
265
263
263
265
265
265
267
270
278
282
285
284
281
275
272
268
265
266
263
266
268
267
267
272
277
279
285
279
289
271
269
276
264
263
265
261
267
267
267
269
270
277
285
285
284
284
280
276
270
265
264
265
264
264
264
267
268
272
280
283
285
282
267
267
267
264
262
263
258
259
261
262
264
266
275
275
282
280
278
274
278
264
259
258
261
259
258
261
260
261
264
269
275
280
281
268
266
280
264
266
265
257
259
258
258
266
269
268
273
266
267
266
266
266
264
262
259
262
264
262
266
265
279
266
274
280
279
280
278
275
274
276
275
277
279
282
283
280
282
282
280
280
289
293
296
293
291
284
278
276
274
273
270
270
271
272
275
275
283
288
292
293
291
287
280
275
273
270
269
272
272
270
272
274
277
284
291
292
295
291
298
279
276
274
274
273
269
272
274
272
274
280
288
292
291
292
287
295
278
272
272
271
269
271
265
272
272
275
278
286
300
290
288
299
280
273
279
269
265
267
266
266
266
270
272
277
284
286
284
283
279
275
270
266
265
262
263
264
264
265
264
269
276
281
282
285
278
275
271
266
263
258
259
260
260
262
263
262
267
271
278
278
278
278
272
268
263
259
256
258
257
258
256
258
262
267
271
276
277
277
283
269
264
260
256
256
253
256
253
257
255
257
262
268
275
273
275
284
266
264
258
254
251
250
267
252
253
254
255
261
266
270
273
273
272
262
260
256
254
251
248
247
251
252
250
253
256
259
267
267
271
268
263
260
255
249
247
263
248
246
246
249
249
253
259
262
267
267
266
264
260
256
247
247
247
245
246
247
243
246
248
254
256
262
265
265
264
260
254
251
248
245
244
245
241
243
245
246
245
249
276
260
260
262
263
257
251
249
240
240
243
240
242
242
242
254
245
270
259
261
259
261
256
253
245
242
239
239
238
239
238
241
239
243
248
251
253
260
259
256
252
248
242
239
236
238
237
239
236
238
237
242
249
254
257
257
254
252
247
239
238
235
237
234
236
237
235
238
238
242
249
255
258
254
251
244
241
239
237
236
234
235
233
233
234
236
238
244
251
254
253
250
247
242
239
232
233
233
229
233
252
232
234
250
236
239
249
253
251
250
248
240
239
235
231
230
229
251
230
229
233
230
234
239
244
250
249
247
247
241
240
231
231
230
231
228
226
230
231
232
234
238
244
247
245
248
247
241
235
232
229
226
229
224
228
229
230
229
233
238
244
246
247
246
243
237
232
229
228
228
227
224
228
228
228
230
234
241
243
246
244
245
240
233
232
226
228
223
238
224
226
226
227
231
235
243
245
244
242
242
246
230
226
225
224
224
224
225
226
224
229
233
238
245
243
242
241
247
228
224
224
225
223
223
224
224
227
230
234
239
243
243
241
236
233
227
222
225
223
227
222
222
224
224
230
237
240
243
241
239
234
230
226
221
219
222
223
224
225
225
228
235
238
243
245
245
239
235
228
227
227
222
226
228
227
230
248
237
241
247
250
253
247
241
237
233
226
228
229
227
227
228
232
232
238
241
248
248
244
245
258
233
227
227
229
227
228
230
230
229
233
240
245
244
243
243
235
253
230
225
229
226
224
227
227
229
229
236
240
244
242
242
240
233
230
229
224
221
227
226
225
228
228
232
234
238
242
241
239
238
232
230
230
225
224
225
226
224
225
224
233
233
238
242
240
239
236
251
229
226
226
225
228
227
225
226
229
230
237
240
239
237
238
234
229
225
225
225
224
223
225
227
226
230
233
237
240
240
238
235
245
226
225
224
226
224
224
224
225
226
229
235
236
239
240
237
236
243
228
225
224
224
223
226
226
225
228
231
233
238
242
240
237
234
232
231
226
222
225
225
225
226
226
229
228
232
238
238
237
237
236
230
227
225
221
222
225
223
234
225
227
229
231
236
238
238
237
233
229
227
225
222
222
222
222
224
226
226
227
229
233
235
236
234
234
230
228
225
222
223
223
222
222
224
224
224
229
232
235
238
249
240
233
228
225
224
222
220
222
220
223
222
225
229
231
234
237
251
227
226
226
224
226
226
225
227
227
229
225
228
226
229
226
228
225
224
224
224
227
225
223
226
227
227
224
230
244
226
226
224
226
226
226
226
225
221
222
222
220
222
220
221
225
223
231
232
235
235
230
229
227
224
220
221
221
224
222
221
225
222
230
232
231
233
230
227
224
222
223
218
221
221
222
222
223
225
225
231
233
231
248
230
228
225
221
220
221
219
218
218
221
222
223
227
229
233
233
245
229
229
225
220
221
217
219
219
221
221
220
222
223
230
232
232
229
232
230
242
224
220
218
219
215
216
216
218
219
221
226
232
236
238
239
234
229
224
216
216
214
218
217
214
215
218
220
222
229
234
237
236
235
229
225
217
216
216
217
214
216
215
218
221
226
230
235
236
236
232
229
224
220
216
215
213
216
218
217
219
220
226
248
235
234
237
233
228
224
220
219
219
216
218
215
217
215
221
226
250
233
236
233
231
226
222
218
233
214
215
214
217
215
220
222
226
231
234
234
232
230
227
219
217
214
213
215
213
216
216
217
220
225
232
236
232
233
231
226
221
216
214
216
215
216
216
217
218
221
226
234
237
233
232
227
223
219
215
215
211
216
215
215
215
217
221
227
232
234
235
231
226
223
217
216
216
214
214
213
214
216
219
237
232
234
232
234
231
224
223
216
215
213
215
215
217
215
219
231
239
232
235
233
234
231
225
219
214
217
216
214
217
216
217
217
221
228
235
238
237
234
229
227
222
219
217
216
215
219
219
219
222
228
235
240
242
239
236
233
228
218
220
219
219
218
220
219
222
226
232
238
242
242
234
234
231
226
221
221
220
220
220
222
226
227
231
239
240
244
238
234
230
224
221
222
220
223
223
221
224
231
