486
483
483
481
481
480
479
480
480
479
484
478
478
479
477
476
476
475
474
474
475
473
473
471
473
474
472
473
478
475
481
476
475
475
478
473
473
472
471
471
518
514
516
518
513
515
513
516
514
513
514
512
510
512
512
508
509
509
509
507
506
509
510
507
510
509
507
508
507
503
502
504
501
502
502
500
503
500
503
502
501
501
499
500
496
493
497
493
494
492
491
490
492
492
490
491
487
487
487
485
347
348
349
350
348
347
348
348
347
347
351
347
348
346
347
349
352
349
348
348
347
346
344
345
343
341
341
337
290
285
286
281
297
296
308
308
307
307
307
305
377
370
365
365
365
364
364
365
364
364
369
361
361
359
360
358
355
355
360
354
359
352
353
355
354
354
354
356
355
354
357
351
351
351
349
343
345
346
349
350
351
353
353
354
352
352
349
349
346
345
345
345
345
345
345
345
344
346
348
349
289
290
289
289
287
287
285
285
283
283
282
283
282
280
281
279
281
281
280
282
282
281
280
277
277
277
276
274
274
274
275
272
273
273
273
276
275
275
275
274
304
309
304
304
304
304
304
304
305
306
305
305
305
303
302
302
300
295
298
296
296
296
297
297
300
301
302
301
302
301
299
299
298
298
297
297
295
295
294
296
295
295
294
298
296
296
296
294
293
292
291
289
289
289
288
288
288
288
288
288
251
250
250
253
252
253
254
253
251
250
250
249
249
248
247
247
246
247
246
248
249
249
248
249
248
249
246
246
243
243
244
243
241
242
242
243
242
242
244
243
273
276
272
270
269
267
269
269
268
268
268
269
270
270
271
271
269
268
266
273
265
265
265
263
262
262
261
263
265
263
264
264
264
263
262
261
258
258
258
256
257
256
256
256
257
256
257
257
259
257
257
254
262
256
252
256
252
251
253
249
224
225
225
225
227
228
229
228
231
231
231
230
231
231
228
228
228
227
228
228
227
227
226
228
232
238
241
242
242
239
232
227
222
218
218
217
217
218
219
221
246
248
244
243
244
241
241
241
239
239
240
240
240
240
240
240
243
242
247
245
240
238
238
239
237
237
237
235
237
236
236
236
237
238
238
238
237
236
237
237
235
233
232
234
234
233
235
228
224
219
216
219
223
224
228
229
228
224
224
223
251
245
243
245
244
247
247
247
249
257
261
266
267
265
262
255
250
245
242
242
243
243
243
244
245
249
256
262
266
264
261
257
250
244
243
242
240
240
241
242
222
235
235
240
248
244
245
240
235
232
231
228
225
225
224
228
228
231
236
243
249
254
253
247
241
236
232
234
239
240
240
240
243
243
249
250
258
264
266
269
267
261
256
251
247
243
244
243
243
244
247
246
251
258
264
268
269
267
261
256
237
235
235
236
235
235
236
238
242
248
253
257
258
257
253
247
241
236
236
232
231
233
233
234
235
239
244
251
255
254
255
250
245
241
233
231
230
229
231
230
245
252
256
261
266
265
262
265
252
247
244
241
242
241
240
242
242
245
249
256
260
263
264
260
259
254
244
241
238
238
239
239
239
240
243
249
255
260
261
260
257
251
246
240
237
237
242
237
238
239
240
244
250
255
260
259
258
254
249
242
225
222
221
220
218
220
224
223
224
229
237
240
242
241
240
234
228
224
219
220
217
221
217
218
220
223
228
235
240
240
240
237
230
225
219
216
216
216
216
216
232
236
237
243
248
253
251
249
245
239
234
229
228
227
228
226
232
229
236
234
240
245
249
248
244
238
233
229
226
224
224
224
225
227
228
232
239
245
247
247
244
239
235
230
226
224
223
222
222
224
224
225
231
237
243
245
245
241
236
231
215
216
218
212
205
207
207
209
211
215
219
227
231
232
231
222
216
212
204
205
205
208
213
215
215
216
219
228
234
238
239
240
236
232
225
221
218
218
220
217
218
225
224
232
241
238
238
241
235
256
222
218
216
214
215
215
216
217
217
223
229
232
236
236
233
233
223
218
216
217
217
212
213
212
215
217
223
229
233
234
235
231
225
219
216
212
214
210
211
209
211
213
216
224
229
233
234
234
229
221
232
226
220
219
216
217
218
216
218
218
220
229
232
239
239
238
232
228
222
217
215
217
217
216
216
217
220
227
234
242
239
237
235
228
222
217
214
214
214
215
219
223
219
222
228
234
240
243
242
239
234
229
224
220
219
219
218
218
217
219
221
225
231
237
239
240
245
233
227
225
218
217
216
216
216
216
217
221
225
231
236
238
240
237
233
226
221
218
216
215
218
215
216
218
221
228
234
237
237
236
