445
442
450
449
454
456
459
456
452
457
455
444
444
440
438
439
440
440
439
428
428
433
340
342
343
343
353
349
350
352
355
351
352
352
353
350
350
352
346
346
344
347
345
347
346
349
347
356
350
350
348
349
348
349
347
350
348
347
348
348
348
347
347
347
346
344
346
344
345
344
353
348
341
354
342
355
355
359
364
358
366
368
371
371
372
376
377
377
378
377
375
374
378
378
375
377
374
373
375
375
372
383
373
373
368
368
370
372
371
368
371
369
371
372
370
373
374
372
385
373
376
376
380
382
381
382
390
393
393
392
397
401
404
410
415
416
422
423
429
432
446
440
445
445
448
458
466
473
477
486
493
494
497
502
516
533
533
543
557
553
563
573
566
573
585
584
592
605
626
638
655
678
693
701
715
736
742
753
772
787
798
810
809
813
816
815
819
830
830
830
832
832
830
833
832
834
838
841
839
839
838
839
831
827
825
818
815
818
807
805
811
804
803
810
807
806
798
797
791
793
780
776
777
774
775
776
779
781
781
783
782
783
782
775
767
763
765
755
747
744
739
737
731
729
729
730
730
730
730
724
720
717
709
705
702
708
694
693
694
688
685
689
684
685
682
679
675
666
663
654
651
647
643
640
635
636
633
632
633
634
635
631
631
622
619
612
607
605
603
599
597
594
592
589
588
589
590
590
586
581
579
582
567
561
557
554
552
549
546
545
545
544
542
545
547
546
543
537
540
526
519
516
514
514
512
508
507
507
505
506
509
507
505
504
500
496
491
488
486
483
485
484
481
482
483
483
491
487
485
486
482
481
478
471
469
465
466
462
464
461
462
459
461
460
459
459
461
457
457
452
450
447
447
445
444
445
443
443
441
440
442
442
443
442
440
440
436
436
431
431
427
428
425
424
426
423
426
428
429
429
429
435
425
427
424
420
418
419
417
414
415
415
415
414
412
413
415
416
427
413
413
409
405
406
404
403
401
402
399
397
396
396
397
399
413
414
407
413
402
399
394
387
388
386
386
384
385
382
383
383
387
389
392
389
390
385
383
379
377
376
373
375
372
373
373
373
377
376
379
382
380
378
375
370
367
366
362
362
362
363
362
363
367
377
374
374
374
371
366
361
358
357
356
352
355
351
355
352
356
360
363
377
367
364
360
354
350
346
348
347
344
346
343
347
349
353
357
361
371
363
356
357
355
350
349
349
348
348
357
349
349
350
354
358
361
361
358
351
348
348
343
345
343
342
342
343
344
346
348
355
355
355
353
350
349
345
342
341
340
339
339
341
339
344
346
351
354
353
348
345
343
336
336
334
334
334
335
332
334
338
340
342
345
345
344
338
335
330
328
329
329
327
329
328
327
332
336
341
338
340
335
339
327
323
325
324
321
323
325
326
327
331
336
339
340
337
344
330
334
327
326
326
322
323
325
325
331
336
334
337
335
331
325
323
324
323
325
324
322
325
328
331
337
336
338
335
330
326
321
320
321
318
320
322
323
323
330
334
336
332
331
324
323
320
320
319
319
320
321
321
323
330
333
334
333
328
324
320
318
320
319
316
318
317
322
327
329
331
332
330
327
318
315
315
316
315
315
316
317
322
326
339
329
326
330
318
317
313
315
313
323
313
314
324
316
318
320
317
325
317
313
313
310
309
311
309
312
311
313
320
326
328
332
330
330
328
328
329
331
338
345
352
363
375
387
401
408
412
416
417
415
420
422
427
432
435
437
442
449
455
463
467
469
472
466
468
464
465
465
462
466
468
466
469
473
476
474
476
474
468
463
459
455
453
450
453
452
453
454
456
460
463
464
461
458
457
451
445
446
445
444
450
443
445
447
449
451
453
448
440
438
432
433
430
429
428
429
429
439
434
439
436
435
433
427
423
420
418
416
417
417
413
416
416
424
426
425
422
417
413
405
405
405
405
403
401
403
406
412
416
417
414
408
406
400
400
399
397
400
400
400
402
405
411
411
408
404
398
394
391
391
388
389
390
389
390
393
398
399
400
398
394
389
385
383
381
381
380
381
381
384
390
391
394
394
403
389
389
400
384
388
403
391
394
396
402
406
410
407
405
400
397
390
389
389
387
388
389
387
390
395
400
396
398
395
385
384
380
378
375
373
376
377
378
379
384
388
386
385
379
377
373
368
370
369
371
370
369
372
376
382
383
382
377
373
368
365
362
364
364
365
365
364
368
373
376
377
373
367
363
359
355
355
357
353
357
359
363
366
367
370
368
362
358
353
353
351
352
352
355
353
356
367
362
365
363
361
355
352
349
349
353
344
346
345
349
349
352
358
357
358
355
346
343
342
341
342
341
350
343
342
346
351
354
354
349
346
341
337
335
336
335
336
337
337
341
342
350
352
351
348
345
342
335
334
333
334
337
336
339
340
345
350
351
351
347
340
338
336
334
333
333
335
333
334
340
344
347
348
346
342
339
333
331
339
339
331
330
333
331
339
340
345
351
341
334
333
329
329
328
329
331
330
328
336
339
342
344
345
340
333
339
328
328
324
324
327
326
324
328
334
338
337
341
335
333
331
327
332
324
325
322
326
325
326
331
336
338
337
337
334
327
322
321
322
321
320
322
322
325
328
330
332
333
331
329
325
321
318
319
319
320
320
320
323
329
335
341
343
345
345
343
342
348
353
356
358
367
369
376
384
403
404
410
413
416
417
415
411
408
410
409
411
412
413
419
423
427
424
425
419
413
413
410
410
407
409
408
412
415
416
427
423
418
422
417
411
409
407
412
408
409
411
413
413
420
422
421
431
419
413
410
406
407
403
403
403
407
406
412
416
417
416
413
409
405
401
397
400
397
398
397
401
400
404
409
410
409
408
402
398
394
392
391
392
392
391
393
393
399
403
405
413
398
392
396
388
384
386
382
383
385
386
388
393
396
397
398
397
391
386
385
382
380
380
386
382
384
385
389
393
396
397
395
392
383
381
377
379
376
378
383
388
378
385
386
390
388
391
384
381
378
376
373
375
375
375
373
375
390
392
384
386
381
381
372
370
369
369
369
369
370
371
373
378
379
380
382
379
371
369
364
363
361
360
363
363
361
365
369
380
372
375
382
367
363
368
355
356
357
355
356
355
358
363
367
370
368
366
359
359
353
351
352
352
349
352
353
353
358
363
364
362
363
358
356
348
347
349
348
347
348
351
347
352
357
360
361
359
356
350
355
350
349
341
341
343
341
347
351
353
355
357
356
353
345
342
342
340
339
339
337
341
347
354
349
356
363
356
359
351
349
342
344
345
348
349
348
354
356
363
369
369
374
385
371
370
383
373
378
380
383
385
385
388
394
398
403
405
402
401
397
394
395
392
394
392
393
394
393
395
401
401
404
401
403
398
395
389
389
389
387
389
387
388
388
387
393
393
398
399
393
392
390
386
381
382
380
379
379
379
386
381
383
387
391
394
392
387
386
382
377
376
375
375
373
372
374
385
375
380
383
387
386
386
383
379
376
372
367
368
370
368
371
373
381
374
379
381
385
387
385
383
382
379
373
376
374
374
374
375
376
377
378
380
384
387
389
389
384
384
378
373
369
371
372
368
369
369
372
371
370
376
376
382
380
379
378
371
370
365
363
362
362
364
364
363
364
365
369
374
374
377
375
375
371
367
364
362
360
359
366
360
358
361
362
367
369
374
375
374
369
367
360
362
357
357
357
366
354
363
358
358
375
368
367
370
369
364
363
358
355
357
357
359
359
361
363
365
370
369
377
380
379
383
379
374
371
369
369
366
364
366
364
367
367
367
370
373
376
379
375
373
368
369
361
362
361
366
362
361
360
363
362
367
373
373
374
374
370
369
364
361
360
360
358
357
356
358
357
361
367
370
374
371
373
367
363
361
358
357
361
362
354
356
355
356
362
374
365
369
379
368
363
359
355
353
352
350
352
357
352
353
355
359
362
366
365
366
363
356
355
351
349
346
349
349
349
349
351
349
356
357
363
361
364
359
355
353
351
348
348
346
345
347
348
348
346
352
356
360
359
360
357
352
349
346
345
345
344
344
343
346
346
349
351
357
357
359
358
356
352
345
344
342
341
341
340
341
341
342
344
347
352
353
354
359
354
349
353
339
346
336
344
338
339
340
340
340
344
347
351
352
353
351
346
340
339
333
335
344
331
332
335
335
334
337
345
348
347
350
345
341
340
336
332
329
332
331
330
332
333
333
338
340
343
346
344
341
336
333
331
329
331
326
328
327
331
331
334
338
342
344
344
339
332
329
329
328
328
328
330
330
333
327
332
336
337
339
339
337
332
327
327
328
324
324
329
325
326
327
330
330
338
340
337
336
333
329
328
324
334
322
321
324
326
324
324
329
332
334
339
338
333
331
328
322
322
321
321
321
321
321
321
324
327
334
333
334
333
330
326
323
318
320
319
317
320
318
320
320
326
328
332
333
333
329
327
323
317
318
314
316
317
316
314
317
322
327
330
332
329
328
326
319
317
320
316
320
320
318
317
316
320
323
334
329
326
330
323
316
323
315
312
314
317
316
317
321
325
333
337
341
343
346
344
342
341
344
343
346
361
352
353
358
360
369
380
379
384
395
392
389
387
386
386
389
388
398
391
390
401
396
398
412
402
402
411
401
392
396
388
387
393
385
389
398
392
394
407
402
405
408
407
406
403
403
398
400
399
400
402
401
403
406
405
414
417
419
415
412
407
403
401
400
400
397
398
398
409
398
403
418
410
411
412
408
405
401
398
396
395
395
394
392
393
394
396
402
405
404
405
398
396
392
387
387
385
383
384
387
394
387
386
394
399
396
398
395
391
387
382
381
381
379
379
379
379
385
381
387
389
390
392
386
383
382
375
375
373
374
373
373
373
376
375
382
383
385
384
383
378
373
372
369
368
368
367
367
368
368
370
374
379
379
377
374
370
368
365
360
359
360
367
360
362
373
364
367
369
372
374
371
369
365
361
357
354
355
354
356
354
357
358
361
364
368
370
368
363
362
360
353
349
352
353
352
350
352
352
355
364
362
363
364
361
359
356
350
347
347
349
349
344
345
348
348
350
362
355
357
358
357
353
350
347
345
344
343
341
340
343
341
344
347
350
353
354
353
352
349
346
342
336
338
336
336
339
338
339
338
342
347
346
349
349
344
352
340
337
341
333
335
333
335
336
332
336
340
341
346
344
343
343
338
334
334
329
329
328
330
328
329
328
332
334
340
343
344
342
338
337
335
330
328
330
328
327
327
328
