487
481
485
476
466
461
458
461
470
489
489
475
458
457
424
380
407
441
451
498
506
435
431
422
416
385
400
409
401
412
390
396
388
396
401
404
391
387
390
392
397
393
399
392
391
395
397
395
395
398
397
398
405
394
391
398
394
391
391
392
390
388
389
390
389
390
391
390
389
388
387
384
382
382
380
379
379
377
377
379
378
381
382
384
386
384
384
385
384
384
383
383
382
382
383
381
381
383
383
383
382
390
381
379
379
378
376
371
371
370
370
369
370
369
370
370
371
369
374
369
369
371
370
368
342
296
280
252
225
194
194
202
226
244
255
297
301
304
301
291
292
292
292
278
272
273
266
248
270
271
283
266
272
270
273
278
276
276
284
286
287
288
295
299
302
303
302
303
304
304
304
301
301
300
300
301
300
300
299
300
301
301
304
301
300
299
297
295
294
297
292
291
290
288
289
290
289
290
290
290
291
293
289
286
282
282
283
282
283
281
281
280
282
284
284
283
285
285
290
283
281
280
279
278
280
277
278
278
279
278
282
282
282
282
279
280
279
278
277
276
275
275
272
275
275
274
274
275
277
272
270
271
268
266
267
265
265
264
265
265
265
265
267
264
269
270
272
271
273
272
272
272
271
272
280
273
273
273
273
274
275
280
282
283
283
281
280
279
281
280
279
278
278
277
279
279
279
280
281
283
282
290
281
279
280
277
276
276
274
273
275
274
275
274
275
277
278
280
283
278
276
275
276
272
272
273
274
273
273
272
275
277
276
279
277
276
275
275
273
272
274
274
275
274
273
274
276
279
279
279
279
276
276
273
273
272
271
271
271
276
271
271
273
276
277
277
275
274
273
270
270
269
268
269
269
267
268
269
272
273
274
274
273
272
269
267
268
266
268
267
267
267
267
269
270
270
273
273
272
269
268
274
265
265
266
266
267
265
267
268
269
270
271
260
262
263
267
264
269
266
266
266
270
273
271
270
269
268
272
273
273
270
270
270
275
278
279
281
281
280
280
279
281
282
283
282
277
278
284
288
294
293
295
291
290
291
292
291
290
287
286
285
285
288
290
294
295
297
298
296
296
288
289
289
289
291
291
295
292
294
285
288
293
284
288
287
287
288
292
286
287
286
290
284
278
276
278
281
282
284
285
288
290
290
288
289
288
285
285
285
287
287
278
279
283
286
289
289
294
290
288
289
288
288
285
281
277
275
273
276
275
279
282
286
284
283
280
280
280
280
280
283
284
286
286
285
286
282
283
280
280
280
279
279
279
279
279
279
281
283
284
284
285
283
281
280
280
279
278
280
283
285
286
289
292
294
297
299
301
301
303
304
304
302
303
300
300
310
300
298
299
299
300
299
300
301
300
299
296
293
295
296
292
291
291
291
291
292
292
293
293
294
296
294
292
292
290
288
292
287
290
288
286
288
287
289
291
290
289
291
290
288
286
285
286
284
284
282
283
283
284
283
285
285
288
288
287
287
284
281
281
280
280
280
281
280
281
282
283
286
287
287
286
286
284
283
281
279
281
280
277
279
281
281
282
283
285
286
288
286
283
283
281
280
278
280
280
280
279
279
279
281
284
284
285
283
282
281
280
278
277
281
277
276
277
279
278
279
285
281
282
283
282
281
279
276
278
277
284
276
275
277
277
275
280
280
280
283
280
279
277
275
275
272
274
275
274
273
274
276
277
280
281
282
280
280
280
276
276
274
276
276
276
277
277
279
280
281
284
286
285
282
281
281
279
279
277
277
277
277
278
281
280
283
284
284
284
283
282
280
279
278
277
279
277
277
278
278
278
280
282
282
282
281
281
279
282
276
277
277
283
285
278
279
279
281
282
283
283
272
282
282
280
278
279
287
284
284
288
278
278
279
281
277
271
270
273
277
278
278
276
275
275
277
277
277
280
278
282
284
284
285
284
283
281
279
279
279
277
278
279
279
278
278
281
283
284
283
284
284
280
280
280
279
279
278
279
279
279
280
282
283
284
283
284
282
282
279
278
276
277
278
277
277
280
276
278
277
279
280
280
280
277
276
277
275
278
275
276
275
276
281
275
279
281
282
279
284
286
286
287
285
286
287
288
288
288
290
296
291
292
294
294
295
293
292
290
288
287
286
284
285
284
284
284
285
286
287
288
288
287
286
286
283
282
281
282
282
281
281
281
284
283
286
287
288
288
287
285
282
283
281
279
280
280
282
281
280
280
288
283
286
286
284
283
283
281
280
284
279
278
279
278
280
280
283
284
285
286
287
286
288
285
286
286
288
289
289
289
289
292
303
296
297
299
298
296
295
293
292
292
292
291
290
291
293
290
293
297
293
294
294
292
291
289
287
288
286
286
285
287
286
288
289
290
290
290
290
289
288
285
285
283
283
283
284
282
283
286
286
289
288
289
288
284
284
282
287
281
283
280
281
282
283
283
285
286
288
286
284
282
281
281
282
281
280
282
281
281
284
287
286
286
285
283
284
281
280
280
280
280
278
279
279
280
283
284
285
285
283
283
283
279
278
279
279
278
278
278
280
280
283
284
284
282
281
279
277
282
276
275
275
276
276
277
277
281
280
282
280
279
277
275
275
273
275
274
276
276
276
278
280
289
282
282
281
279
277
277
276
276
277
276
275
278
277
278
280
282
280
280
279
277
273
275
273
274
272
274
274
274
277
278
278
279
277
276
275
273
271
272
271
270
270
272
273
272
274
275
276
275
276
275
274
271
269
268
270
269
270
270
273
268
270
272
274
276
278
276
276
277
276
278
278
279
279
282
282
289
284
285
288
288
288
286
284
283
282
281
280
288
281
281
283
284
285
288
290
289
291
289
286
287
287
289
296
288
284
281
266
233
222
220
221
224
223
231
234
238
202
171
234
335
351
379
385
388
359
362
373
382
393
396
397
397
400
400
399
400
400
400
399
399
400
398
400
400
402
400
398
399
396
395
393
392
391
393
393
392
390
391
396
390
390
393
393
392
392
384
377
384
384
384
381
382
387
382
382
387
381
382
383
384
384
384
382
380
379
379
378
379
379
379
378
377
377
377
375
373
369
369
371
372
371
370
371
371
371
371
372
373
373
370
367
366
364
363
361
361
362
361
363
364
363
364
365
363
363
362
360
359
357
353
352
350
351
352
352
354
355
356
354
355
354
356
354
352
352
350
354
351
352
352
352
350
342
317
315
330
335
337
343
337
341
331
328
330
332
331
330
331
334
333
331
330
331
331
332
333
330
328
330
331
332
333
332
332
330
330
326
326
326
328
328
329
329
327
329
326
321
319
317
315
315
316
318
321
323
322
325
323
323
323
322
321
320
317
313
310
308
308
310
312
315
316
318
317
318
318
317
316
315
314
309
306
304
302
302
305
307
310
310
311
312
310
312
313
311
315
305
302
298
298
296
298
300
302
306
307
309
309
311
307
306
307
303
299
294
307
302
303
300
300
297
295
297
295
296
298
295
296
297
298
300
301
301
301
300
298
298
294
295
297
293
294
293
294
293
292
295
296
295
297
296
295
293
292
291
290
289
288
288
289
289
290
290
291
292
294
293
291
292
288
287
288
286
286
288
288
287
287
288
288
292
291
291
290
290
290
286
285
283
285
284
282
283
284
284
286
288
289
288
289
290
286
286
285
283
283
283
