596
611
606
607
606
606
609
609
611
613
611
613
611
607
603
610
609
600
597
599
598
595
594
594
593
598
595
592
589
587
584
583
579
576
572
571
570
567
566
565
568
570
571
574
572
571
567
560
556
550
549
560
549
545
554
544
545
553
558
567
542
541
550
558
545
528
522
518
521
521
522
525
526
526
528
532
536
535
533
528
519
517
510
499
489
493
497
498
500
499
501
504
508
511
507
506
502
496
490
488
484
474
437
435
435
432
436
444
455
463
464
463
476
483
489
479
484
475
488
521
551
522
513
519
523
530
531
527
520
514
508
502
503
503
503
501
501
501
500
500
506
509
519
505
500
494
491
488
497
484
482
486
483
483
483
485
488
490
491
490
487
482
475
469
467
466
465
463
464
464
464
468
472
473
476
472
470
463
458
454
452
450
448
448
452
449
452
451
456
458
460
458
451
441
440
438
436
437
434
433
435
442
437
439
445
447
444
441
435
429
424
424
423
421
420
422
422
422
440
430
432
431
430
425
416
414
409
410
410
407
406
407
408
410
413
418
420
416
414
407
399
396
404
394
395
393
394
395
395
400
405
409
405
403
397
390
386
386
384
383
383
385
382
384
387
393
397
396
395
389
383
378
374
373
374
374
373
374
375
379
385
388
388
385
382
374
370
367
366
366
364
365
367
366
371
376
377
378
376
370
365
423
357
370
356
356
355
358
359
359
363
369
371
370
367
362
354
351
351
348
365
349
349
350
352
355
361
364
363
365
357
352
349
354
343
341
354
343
343
343
347
352
357
356
357
355
347
343
336
336
336
336
338
336
337
339
342
348
350
353
347
343
338
334
332
328
328
328
328
331
329
332
339
343
342
341
339
336
328
324
323
321
321
321
324
325
324
329
335
339
339
338
331
327
321
317
313
310
312
313
311
328
316
317
320
316
311
314
314
308
302
303
301
300
302
304
303
304
320
312
316
333
319
317
325
305
302
312
300
297
299
298
301
302
301
307
313
314
315
313
309
303
299
297
295
294
296
298
296
297
302
306
312
313
312
309
303
298
294
292
291
293
290
293
293
294
301
307
310
311
310
304
300
294
289
290
289
289
289
290
293
292
299
304
308
307
304
301
293
288
287
286
283
284
285
285
288
289
294
302
304
311
298
295
288
285
282
282
284
281
281
282
285
289
294
308
299
300
304
289
285
280
279
278
276
279
279
278
281
284
287
295
299
297
296
295
285
282
279
279
275
278
280
278
282
285
290
293
297
298
295
290
284
281
276
275
275
276
278
279
279
281
285
291
293
294
291
286
279
276
273
274
274
273
276
275
275
278
284
287
293
292
290
285
280
276
274
273
273
272
273
275
277
277
281
288
292
292
293
290
283
289
277
286
274
274
284
274
273
277
280
284
288
293
293
293
288
284
295
273
273
272
271
273
273
274
276
277
291
288
290
291
289
286
281
275
272
269
270
270
273
271
273
272
277
282
289
289
288
289
281
277
272
268
270
268
270
271
271
273
275
280
284
285
288
284
279
273
268
266
266
268
266
267
268
268
272
277
282
282
285
283
277
272
267
263
265
261
262
262
265
275
267
271
288
281
283
290
280
276
272
281
262
262
258
262
259
262
265
261
266
271
277
280
278
277
271
266
275
257
257
256
264
257
259
260
263
265
270
275
275
275
272
267
262
258
254
255
255
256
256
256
255
256
261
266
272
272
272
271
265
260
256
253
253
250
249
253
251
252
254
258
262
269
269
269
265
262
257
254
251
249
247
249
250
251
251
252
257
261
266
267
267
263
258
264
247
246
248
243
245
247
246
249
250
256
258
263
267
264
259
265
248
245
242
243
243
241
242
243
245
247
252
256
260
260
260
254
258
246
241
241
241
241
239
241
241
243
246
251
258
256
258
257
252
247
242
239
236
237
236
238
238
239
240
243
247
253
258
256
254
248
245
242
237
236
236
237
236
236
239
242
244
250
252
254
256
252
249
242
238
235
234
234
236
237
249
238
240
245
251
256
255
251
247
241
237
231
234
233
233
232
231
235
236
241
246
250
253
251
247
257
237
233
233
232
229
232
231
232
232
236
240
246
249
251
250
245
252
237
233
230
232
228
229
229
231
231
233
236
241
247
248
247
248
244
238
234
230
227
228
229
227
228
228
231
233
235
241
242
246
246
243
237
233
230
226
226
225
226
226
244
226
228
239
237
241
252
245
244
238
236
230
227
232
224
224
222
223
226
228
227
231
237
239
242
242
239
235
230
225
223
220
219
222
223
223
223
224
230
233
251
240
240
236
234
228
224
221
221
219
219
220
222
220
222
225
233
246
249
239
235
245
224
219
218
214
215
216
217
216
220
222
229
233
236
235
235
233
226
219
218
215
215
216
217
215
218
219
223
231
236
238
236
235
237
220
219
214
215
212
213
213
219
214
218
221
227
234
233
235
233
228
222
215
211
211
212
212
211
214
214
215
220
228
234
235
237
233
227
219
214
206
210
210
211
209
211
214
216
