293
308
294
297
296
298
298
288
288
290
288
287
291
297
302
307
309
307
317
304
291
286
286
285
282
284
287
286
289
299
303
306
307
302
295
288
283
281
280
281
282
283
284
287
301
300
304
302
302
293
295
281
279
293
280
279
280
282
284
304
298
300
309
298
292
300
281
284
286
286
281
284
288
290
296
303
308
310
307
300
295
289
284
284
283
284
281
283
285
289
295
302
305
305
301
296
289
282
281
281
279
288
280
283
285
292
296
301
303
301
298
291
283
281
279
281
280
277
285
282
286
293
298
302
302
299
295
286
282
279
276
277
278
279
279
280
284
291
296
300
300
294
291
284
279
276
274
274
275
273
287
276
280
290
294
297
301
293
289
283
278
273
273
271
271
272
272
276
277
283
291
293
294
293
284
279
276
271
270
269
269
271
272
273
276
283
289
293
293
288
282
278
272
268
268
269
267
269
270
274
279
291
292
295
296
295
289
283
278
273
273
270
273
274
275
274
278
285
300
296
295
292
286
281
275
271
269
268
271
270
271
270
276
282
290
291
292
288
284
277
271
272
266
266
271
265
268
274
272
276
283
289
290
288
285
277
273
268
265
264
265
267
266
269
268
273
278
287
288
290
285
279
275
268
265
263
262
264
264
265
266
266
274
282
287
287
286
282
274
270
264
263
263
261
261
262
262
264
270
277
284
295
286
281
274
271
264
262
260
261
260
261
262
263
267
275
280
285
297
283
280
275
268
264
262
261
261
261
262
264
264
268
272
280
285
297
280
278
285
265
262
260
258
258
260
261
261
261
263
268
277
279
281
280
279
271
267
260
259
258
258
258
259
259
258
262
266
271
278
279
279
275
272
266
261
258
259
256
254
256
256
257
260
261
266
273
279
279
276
272
266
261
256
253
254
253
254
254
254
258
260
272
273
276
277
279
271
262
259
254
252
251
252
249
252
253
256
257
278
271
275
275
272
270
261
257
267
249
251
262
251
252
252
255
259
267
270
276
277
273
267
258
256
252
251
250
251
251
252
254
255
259
266
272
274
275
270
263
259
254
249
248
249
247
249
251
252
254
259
265
270
272
272
263
259
252
249
250
246
245
247
247
262
250
252
260
268
270
269
266
262
256
247
247
244
242
244
245
245
247
246
263
260
266
272
269
264
261
256
248
245
244
245
244
246
245
243
257
273
260
274
267
268
263
258
251
247
245
243
242
243
244
244
247
246
254
260
265
266
267
263
257
250
247
242
244
242
242
241
243
245
247
252
260
264
265
263
258
254
246
241
241
238
240
240
242
243
247
248
254
260
263
261
258
254
248
241
236
237
240
239
239
243
242
245
252
257
261
262
260
254
248
244
239
238
237
238
239
239
239
242
257
254
259
261
260
257
247
253
238
236
243
237
237
249
239
238
245
263
257
260
260
258
252
245
239
236
235
234
234
235
234
238
239
245
248
257
260
260
257
250
245
239
237
235
236
238
235
236
238
238
246
255
256
258
257
254
246
241
234
234
234
233
234
234
235
235
239
246
252
254
256
256
249
241
237
234
231
232
233
230
234
237
237
244
250
254
256
253
247
242
237
230
230
231
230
231
232
233
237
240
258
259
253
256
259
244
238
232
231
228
229
228
228
230
231
234
242
257
253
252
251
246
241
234
230
228
227
228
227
227
229
231
236
244
251
252
251
247
241
236
232
228
227
225
226
226
227
229
234
239
246
250
251
250
244
237
232
229
227
225
227
226
227
227
228
236
240
248
250
251
246
242
236
231
228
226
226
226
228
227
229
230
236
244
250
249
248
245
238
251
228
224
234
224
224
237
228
228
250
241
258
249
249
246
242
236
229
226
229
226
228
229
231
233
238
245
250
272
254
251
245
238
235
232
231
231
231
230
231
233
236
240
249
256
258
255
252
246
239
236
235
230
232
231
233
235
235
237
241
248
256
256
260
251
249
242
238
234
235
235
234
237
240
238
241
247
256
261
264
259
256
248
244
238
239
236
238
237
237
240
239
245
252
266
261
261
264
251
246
258
236
235
236
235
236
238
239
241
247
256
270
260
259
254
247
241
236
236
236
235
237
237
235
239
246
249
256
259
259
253
249
241
236
244
235
233
239
237
234
244
242
249
256
257
258
252
246
240
235
234
234
232
231
232
234
236
242
248
253
256
258
252
246
243
236
233
232
232
232
233
235
232
237
244
251
255
254
254
250
243
237
232
232
232
236
230
233
243
236
240
257
252
254
256
253
246
239
233
230
230
231
232
229
232
235
237
243
252
256
254
260
246
237
234
229
228
229
227
231
230
231
233
240
248
253
254
251
258
243
235
232
231
230
227
230
230
231
231
236
239
246
253
253
251
246
238
235
229
229
228
227
226
227
229
231
235
242
248
252
251
248
243
236
231
226
227
225
227
227
227
228
231
237
246
250
264
248
242
242
229
227
239
225
232
233
235
232
234
237
235
240
252
245
238
235
229
225
222
223
224
225
226
229
232
238
243
249
247
244
239
245
226
222
225
224
223
225
225
228
231
238
244
247
246
245
236
231
236
224
220
222
222
224
224
226
233
240
243
247
245
242
235
230
224
221
222
220
220
221
223
225
230
235
241
243
244
240
234
230
224
220
221
219
221
221
222
224
226
233
256
244
243
248
239
230
233
221
221
219
220
219
221
221
222
225
233
240
244
242
242
235
229
225
220
220
218
219
218
220
219
223
228
234
243
243
241
238
231
228
