211
211
211
209
213
213
221
227
232
233
233
227
220
216
212
210
210
214
210
213
214
218
224
231
223
222
225
223
216
210
209
208
205
206
208
210
214
222
229
233
216
224
219
224
230
237
239
237
235
229
222
218
217
216
214
215
217
217
217
225
229
228
222
237
233
228
221
218
216
215
213
212
214
215
217
222
229
233
234
237
232
226
222
216
215
219
221
218
220
218
217
225
229
232
235
232
226
222
215
211
226
230
234
230
224
224
212
209
206
206
205
207
207
209
213
222
227
231
232
228
221
216
210
208
205
206
207
206
207
210
213
219
225
230
229
227
222
216
210
208
234
233
224
219
211
214
207
207
207
208
209
211
218
223
228
231
229
226
221
215
215
209
210
206
207
207
212
215
224
228
231
230
229
222
216
210
208
206
206
209
207
208
210
216
223
228
232
230
225
221
214
208
208
206
205
206
206
208
211
219
230
221
219
213
209
208
205
206
206
206
209
210
215
219
226
230
230
229
222
217
210
208
205
207
206
206
206
209
212
214
220
225
227
228
227
221
215
211
208
206
206
210
206
206
207
208
214
219
224
227
215
227
220
215
208
208
205
206
208
204
208
209
212
219
225
226
226
225
218
213
209
205
204
204
204
206
207
208
215
217
222
226
226
226
221
215
211
208
207
206
205
205
205
208
208
213
221
225
230
230
228
232
232
228
224
217
205
198
196
195
195
195
196
197
205
210
220
225
231
232
232
225
219
213
209
208
207
206
208
206
207
210
216
222
231
232
234
229
225
217
206
210
210
207
206
209
213
218
224
229
230
228
224
218
214
207
207
204
204
210
207
206
208
213
218
224
229
230
228
226
221
214
210
208
206
207
206
208
208
209
212
217
224
230
232
233
230
228
219
213
208
208
207
208
208
209
210
211
216
222
208
216
224
229
230
233
231
224
216
213
206
206
207
205
208
207
206
210
215
223
227
230
234
232
226
220
214
208
208
207
208
207
207
208
210
211
218
225
230
231
211
211
207
207
206
207
207
208
210
218
225
229
233
232
229
223
217
210
213
205
204
205
205
206
208
210
216
223
228
232
229
229
224
217
210
210
205
205
204
206
206
209
210
215
221
228
230
232
229
225
219
212
207
204
203
205
205
205
206
207
212
212
214
216
217
225
232
234
237
236
232
228
221
216
213
213
213
212
213
215
216
220
228
233
239
242
240
238
232
226
223
219
218
221
220
221
223
224
229
238
234
239
228
221
216
211
210
209
210
209
210
210
212
216
222
229
233
235
238
231
232
219
215
211
210
210
207
210
211
211
215
223
228
233
236
235
231
227
220
215
212
210
212
210
211
212
213
216
224
230
234
236
237
234
226
221
215
212
213
211
259
260
258
260
262
263
271
276
283
288
289
288
284
277
270
265
265
264
264
264
263
267
268
272
280
285
291
292
293
287
280
275
267
266
264
263
271
264
263
266
249
259
259
257
253
246
240
235
236
231
233
232
233
235
238
242
251
259
268
264
263
259
253
246
242
244
240
241
242
243
245
248
254
263
271
274
276
278
275
269
265
258
257
257
257
258
258
259
263
268
275
283
285
288
284
280
273
266
262
262
263
259
258
258
256
256
259
257
260
265
272
278
280
283
282
278
272
264
259
257
257
255
257
258
264
261
264
272
279
282
283
281
276
270
265
260
257
256
256
257
269
279
282
288
290
290
287
281
275
267
264
265
263
262
261
263
264
265
278
278
285
288
286
286
280
270
266
263
262
263
265
266
266
261
264
270
277
282
284
286
282
277
271
264
260
259
258
257
257
259
260
261
267
274
282
284
285
281
277
271
304
297
290
286
283
283
282
283
280
282
285
285
292
298
302
315
306
305
299
293
288
280
280
279
278
278
278
281
282
287
293
299
304
305
303
299
295
288
282
280
258
261
259
266
273
281
284
287
286
282
276
271
266
266
265
266
267
269
274
275
281
288
295
298
299
297
292
286
280
276
274
278
272
272
275
273
278
283
291
295
298
299
295
289
284
277
274
272
271
272
273
274
277
279
287
296
301
306
306
306
289
296
298
303
297
289
284
278
274
274
272
269
273
276
275
278
282
288
294
293
293
290
288
282
277
276
276
276
277
280
278
280
280
280
282
283
281
280
280
279
280
278
278
278
280
280
288
290
298
306
304
303
300
294
288
282
278
278
277
276
277
276
279
281
288
293
302
304
303
296
294
286
280
277
274
274
273
273
274
275
277
284
290
293
299
301
299
294
289
282
276
275
275
273
273
272
273
275
277
282
282
277
280
280
291
288
290
292
291
289
288
283
281
277
276
277
284
277
275
273
275
276
279
283
288
292
295
289
286
289
283
278
274
272
270
271
269
272
274
275
278
280
277
281
276
277
289
284
282
291
284
283
287
286
286
289
285
283
289
282
279
284
277
278
283
278
281
287
280
284
291
292
286
288
286
286
285
279
277
275
277
277
279
278
281
285
283
285
297
289
290
287
288
285
281
277
276
274
275
277
294
288
283
276
276
275
274
273
274
274
277
278
284
289
296
297
298
295
290
285
278
273
276
271
271
278
269
274
281
275
283
289
293
279
279
278
277
277
278
277
279
289
289
286
284
283
281
275
273
272
269
272
270
270
270
271
272
277
289
288
294
297
297
292
279
276
276
279
277
281
280
286
287
295
289
290
297
291
290
289
286
288
286
286
286
286
285
286
288
287
288
288
286
287
287
286
284
285
300
297
275
281
285
286
285
284
280
274
268
268
266
268
269
267
263
263
264
267
273
279
278
275
270
270
271
269
264
268
267
268
268
270
272
272
272
269
270
270
270
268
278
281
278
278
271
273
273
275
278
285
290
291
284
279
276
274
274
272
275
273
273
278
275
274
276
277
279
281
280
279
277
278
272
272
269
267
266
267
269
271
273
273
273
276
279
282
282
281
280
275
272
269
268
266
268
268
269
270
271
274
254
256
261
266
274
277
275
277
271
266
261
254
253
251
251
250
250
252
253
257
262
268
274
276
276
272
268
263
257
252
251
249
250
249
251
252
252
262
263
268
267
270
266
271
265
267
259
258
260
264
266
261
269
277
281
285
281
278
273
266
260
259
256
256
256
258
258
262
262
270
276
280
281
280
275
268
262
258
256
256
256
254
256
256
257
264
269
276
278
279
277
271
265
260
257
253
253
252
254
253
244
244
244
244
244
248
253
260
264
268
268
266
260
254
249
246
243
242
241
242
242
245
250
249
257
268
266
266
265
264
257
253
247
245
245
244
243
244
245
246
273
277
272
270
263
257
251
250
248
248
248
248
247
251
254
262
268
272
276
272
267
261
256
250
249
246
247
246
245
247
248
252
258
264
269
271
270
267
261
256
253
247
245
245
245
244
247
248
249
254
261
267
271
269
266
260
256
248
246
245
253
250
248
248
247
247
246
251
254
257
258
262
265
275
275
274
275
269
265
260
256
258
257
256
264
268
271
273
275
280
284
287
288
288
283
284
283
280
279
280
249
263
263
267
278
269
264
261
256
251
246
246
246
246
246
246
248
251
259
263
269
276
278
269
263
258
254
250
249
247
246
247
251
253
257
258
259
259
259
264
263
259
254
253
248
247
245
245
246
250
251
253
256
259
263
261
258
258
256
252
312
314
302
299
300
302
304
305
305
296
296
297
298
301
301
308
316
308
305
304
304
302
302
302
297
295
293
294
294
295
293
299
303
309
315
319
317
319
316
308
280
288
280
281
285
283
285
291
295
298
292
281
280
280
281
279
279
272
270
271
273
276
280
281
288
282
280
280
282
286
282
275
274
273
273
273
273
273
277
280
285
291
298
302
303
303
297
292
287
284
283
284
285
288
291
299
296
297
303
308
289
289
291
299
304
308
311
310
308
303
295
290
287
286
285
283
285
284
287
290
295
303
306
307
308
304
298
291
287
284
282
282
282
283
283
284
286
293
299
303
305
306
297
296
298
294
293
300
296
298
301
309
312
316
317
316
311
304
300
294
292
291
291
291
294
293
293
296
301
309
313
316
315
312
307
301
296
294
292
290
290
290
290
290
293
297
309
310
313
314
312
308
301
298
291
287
288
288
288
288
270
271
272
272
274
279
285
290
293
293
293
287
282
275
270
268
268
269
267
269
269
271
275
283
288
291
292
290
285
280
274
269
267
265
266
266
266
266
268
271
305
309
302
295
289
285
282
279
279
279
279
280
280
281
288
294
298
300
306
300
295
290
283
279
278
276
276
278
276
277
279
283
289
295
304
298
298
291
286
281
275
275
273
273
272
272
274
276
282
288
294
297
296
294
288
282
277
272
269
272
264
260
261
257
257
257
258
259
261
269
276
280
280
284
278
270
265
259
259
257
258
257
257
257
260
261
270
276
280
284
282
277
272
267
262
260
258
258
258
260
278
289
288
291
289
282
279
273
267
267
265
264
263
264
264
266
268
275
288
286
286
288
286
279
275
270
263
262
262
261
262
261
263
264
266
272
278
285
285
284
282
275
271
266
262
259
259
260
258
262
262
264
268
277
281
282
282
281
274
270
273
268
264
262
263
261
262
263
263
264
270
279
282
285
288
284
278
274
268
263
264
261
261
262
262
263
266
270
277
282
285
286
283
279
274
268
264
261
261
261
260
267
266
273
278
283
286
283
277
274
266
261
260
264
259
258
261
262
268
268
278
282
285
286
282
278
273
267
263
263
262
262
262
262
266
268
274
278
285
286
286
283
278
272
266
264
262
260
260
262
262
262
264
270
277
283
287
287
285
278
281
283
282
278
273
268
261
260
259
258
256
258
258
260
264
269
274
280
281
281
280
274
269
263
259
258
256
242
244
262
263
266
268
275
280
286
288
288
285
280
262
266
263
263
269
275
280
283
285
284
281
277
272
266
261
261
259
260
265
260
262
264
269
276
280
284
284
283
279
274
268
264
262
260
259
260
260
260
262
265
272
278
282
283
284
280
276
270
265
261
261
259
258
259
259
260
263
264
272
277
270
273
280
284
289
291
292
288
281
279
271
268
267
267
267
267
266
274
272
276
281
288
289
290
290
286
279
272
268
267
265
267
265
265
267
266
272
282
284
288
275
272
267
266
266
266
268
267
270
273
279
285
291
292
293
291
286
281
277
270
270
268
269
269
268
271
273
279
284
291
292
293
291
287
281
275
271
269
272
269
270
270
271
274
277
284
289
293
293
291
288
281
277
272
270
270
267
268
268
268
280
281
282
284
291
295
299
302
309
298
292
288
281
280
278
279
278
279
281
282
290
295
301
302
302
300
295
288
285
281
282
284
284
288
286
288
290
295
298
303
293
296
289
282
279
274
273
274
273
274
274
276
279
282
290
295
300
301
302
299
295
288
282
283
279
280
284
278
281
290
288
295
302
305
304
303
300
294
287
282
281
280
279
280
281
281
285
291
297
301
304
304
300
297
290
284
281
279
279
279
288
294
295
296
298
303
306
311
314
314
310
299
297
295
295
293
295
297
298
299
298
299
303
309
314
314
315
309
303
298
293
292
289
289
288
291
290
291
295
303
302
307
299
296
293
290
288
288
287
290
290
289
290
291
294
298
301
302
302
299
298
290
288
284
288
284
285
287
288
288
286
294
298
304
307
307
302
299
294
288
285
284
283
282
284
284
288
291
294
297
299
298
298
296
294
291
292
290
289
294
279
277
278
280
280
283
289
292
297
295
297
294
289
279
277
273
270
272
270
273
273
274
277
282
289
294
296
295
291
286
279
274
271
269
270
271
270
272
274
278
308
320
315
314
312
301
298
298
297
294
292
292
291
291
288
288
294
299
304
309
313
304
299
297
286
284
284
278
285
284
280
280
293
292
298
290
291
291
290
282
278
283
279
279
284
282
280
281
278
276
290
291
296
303
298
295
289
284
280
279
264
263
263
263
264
266
271
277
282
286
287
286
280
274
269
264
263
259
260
259
261
262
262
266
272
280
284
285
283
280
275
268
262
259
258
257
257
257
257
258
286
297
296
296
296
291
285
279
274
277
272
271
271
271
272
274
280
286
297
294
297
291
286
282
275
270
276
268
272
274
268
270
275
276
283
292
291
292
296
283
278
276
269
266
268
268
265
264
266
271
277
283
288
289
289
285
279
271
267
264
250
252
247
250
250
253
256
262
269
274
276
277
274
266
261
256
251
252
251
250
251
253
253
256
263
268
276
276
277
272
268
262
256
252
251
249
251
251
254
257
263
277
276
281
283
281
277
271
263
258
258
257
256
256
256
256
260
264
275
277
278
278
276
272
266
260
256
254
253
253
252
253
259
257
262
275
273
276
278
274
270
263
256
253
252
252
251
251
251
253
257
264
270
274
275
275
269
264
257
253
263
257
253
249
248
248
249
248
249
250
252
257
263
268
272
271
270
264
260
254
248
247
249
248
247
245
248
247
250
257
264
269
271
271
269
264
257
252
248
245
257
264
267
269
270
269
267
264
260
257
256
253
253
256
256
257
258
258
265
263
267
272
272
276
267
263
261
256
254
251
248
250
249
252
250
253
258
265
270
273
275
274
268
263
257
251
249
249
248
248
248
250
252
251
259
266
272
273
273
268
268
268
268
266
259
253
249
245
245
244
244
244
246
246
250
260
264
269
269
269
267
261
256
250
247
244
243
241
242
241
241
235
240
256
256
256
257
261
258
252
246
248
246
245
248
248
253
261
266
270
271
268
264
258
254
245
247
245
249
245
245
244
245
253
260
264
265
263
261
262
257
252
245
242
246
243
242
243
243
244
248
256
263
265
268
269
265
260
253
248
244
243
243
243
243
242
244
247
253
261
274
280
285
287
287
279
263
257
250
248
248
248
258
260
263
268
278
292
301
310
315
316
314
309
306
301
301
298
300
301
301
304
306
309
317
321
327
321
320
323
247
248
244
243
241
252
245
248
250
257
263
270
274
273
273
267
261
256
259
251
252
253
256
254
256
258
265
272
279
282
281
280
276
269
265
259
259
258
259
257
258
261
262
270
275
282
285
286
284
276
274
265
261
262
261
259
259
260
260
267
298
304
309
316
318
320
320
315
312
306
300
298
299
298
298
299
300
302
305
312
318
326
329
329
326
323
317
310
304
302
305
300
300
301
303
306
312
320
323
328
309
307
296
295
294
296
295
293
296
299
301
309
316
320
322
318
314
308
307
297
294
293
294
292
294
294
297
303
310
316
320
320
319
316
309
305
300
299
296
297
297
297
300
301
308
314
321
321
323
319
315
310
303
298
296
296
294
296
296
297
283
281
281
283
285
297
301
309
312
313
313
306
294
288
285
284
285
284
285
277
274
278
277
285
290
299
300
300
297
291
286
279
275
273
272
274
274
275
284
296
327
330
319
314
307
303
301
300
300
300
300
302
304
309
317
322
328
328
332
319
312
305
301
301
300
299
297
298
290
292
297
303
310
312
313
314
311
307
301
300
298
296
296
296
296
297
299
304
311
317
320
322
323
319
314
310
303
299
298
297
295
291
285
280
276
276
276
276
276
277
280
287
300
299
304
302
298
296
290
287
280
283
282
282
282
284
287
287
292
300
305
309
311
310
305
300
294
288
286
284
303
313
309
299
300
301
298
294
287
283
277
276
275
275
277
279
280
284
293
295
300
306
308
308
302
296
289
282
277
277
279
278
278
280
280
284
290
298
304
307
307
304
301
294
288
285
283
281
281
279
280
281
281
286
294
300
304
308
305
302
314
313
309
307
297
292
293
289
287
288
288
287
292
296
304
309
311
312
311
303
298
292
288
288
286
285
286
284
289
292
299
305
311
313
311
305
299
293
290
287
284
290
285
285
288
292
299
305
308
310
310
305
297
293
288
286
286
286
289
285
286
289
295
301
307
312
312
310
305
299
293
289
286
286
286
287
289
292
292
298
304
310
313
314
312
307
300
296
289
289
283
287
289
288
289
292
295
302
308
312
308
306
308
303
296
290
283
283
281
280
281
280
280
283
284
291
297
304
305
304
300
296
291
283
280
279
279
279
277
279
281
283
288
296
301
302
303
300
296
291
286
292
287
287
288
290
295
300
307
310
312
310
302
299
292
288
286
284
290
283
284
290
286
292
298
305
309
311
307
301
297
290
285
284
283
282
283
282
285
285
288
295
303
308
306
306
303
298
293
288
283
282
282
280
282
282
284
293
293
301
277
278
281
288
293
298
300
299
295
290
285
279
276
275
274
274
273
274
275
277
280
288
293
296
299
298
295
289
283
276
272
270
269
269
269
272
272
274
280
285
284
286
280
280
280
280
280
282
283
288
295
300
302
305
303
298
294
288
288
280
278
278
278
278
280
278
282
287
293
299
301
302
301
296
290
285
279
277
276
276
277
275
276
278
285
290
296
299
300
300
295
294
286
279
277
274
274
273
274
276
360
361
371
368
368
368
370
370
374
377
392
399
403
406
412
411
404
398
392
389
386
385
384
382
381
382
383
382
389
392
399
400
399
397
392
387
381
376
374
371
292
302
294
294
289
285
278
272
271
269
268
270
268
269
270
272
275
280
290
290
291
292
289
282
278
273
270
267
268
266
270
270
272
275
282
289
295
300
302
306
299
297
292
287
288
289
287
288
288
293
293
302
308
314
321
328
353
355
353
354
356
362
368
372
376
377
374
370
365
359
353
350
346
346
346
345
346
345
348
354
358
365
368
368
368
363
358
352
345
342
340
338
337
338
338
338
340
347
353
359
371
374
369
373
372
375
377
383
389
392
393
392
390
385
380
374
369
367
368
363
361
364
364
363
367
370
376
385
386
386
386
383
377
372
366
360
358
356
355
354
355
356
357
361
367
374
377
378
380
375
369
366
358
354
353
352
353
352
354
355
318
318
316
315
314
316
317
317
325
331
335
339
338
337
330
323
317
314
314
310
311
310
309
308
311
318
324
329
334
335
334
329
323
317
311
308
307
306
304
306
359
367
359
354
347
343
336
335
333
332
331
331
330
332
335
347
348
352
358
355
355
347
341
335
330
329
328
326
324
326
326
329
330
338
342
347
349
349
345
341
336
329
325
324
321
321
320
320
320
321
324
331
336
344
343
344
341
334
329
324
315
312
306
301
294
290
291
290
289
289
293
290
293
298
306
311
310
313
311
305
301
297
292
290
289
290
289
288
290
290
296
303
307
312
316
313
311
305
298
293
307
316
312
321
325
328
332
329
320
315
309
303
298
296
295
296
295
296
301
300
306
311
315
316
315
315
313
307
302
297
296
295
297
296
295
297
297
301
309
315
318
320
319
316
312
304
299
296
293
293
292
292
293
294
296
300
306
311
316
317
288
298
301
305
311
306
300
299
289
282
281
281
279
279
278
279
282
286
294
298
303
304
302
297
292
286
282
280
283
278
278
278
281
281
288
295
302
303
303
299
288
294
285
288
287
287
289
289
295
301
307
310
311
311
307
302
294
289
287
286
286
284
284
284
287
296
296
303
308
309
311
306
299
292
294
285
285
286
283
283
290
284
285
293
296
301
311
307
307
307
295
291
291
284
283
284
281
283
285
283
276
280
280
288
292
297
299
299
299
295
288
283
278
276
275
277
276
277
277
285
283
291
296
299
300
298
294
288
282
279
276
275
276
274
275
275
279
280
288
293
295
292
284
282
280
279
278
280
280
281
286
294
298
304
308
304
301
295
294
281
281
279
280
279
280
280
280
283
290
296
300
304
304
301
298
292
288
282
282
278
278
278
279
279
280
285
291
298
301
302
303
299
293
288
282
279
278
277
277
278
281
279
282
282
281
289
294
304
303
306
304
301
296
290
284
280
280
278
277
280
279
282
285
291
299
302
307
303
297
291
286
282
280
278
277
278
280
279
282
285
301
304
298
294
288
284
278
277
277
276
274
274
276
277
281
289
292
299
308
300
298
289
284
278
276
277
275
278
278
278
281
288
296
300
304
306
304
300
292
289
284
280
279
281
280
281
280
284
290
298
303
306
306
306
302
296
288
285
283
282
270
269
268
269
270
272
273
279
287
292
294
294
292
285
281
275
271
271
270
270
270
271
272
276
282
288
293
293
293
289
284
279
274
272
271
272
272
270
274
275
292
305
302
303
301
297
290
283
280
279
276
276
279
280
279
281
286
294
304
300
301
298
293
286
281
278
277
276
274
276
277
276
279
285
292
296
299
300
296
291
285
281
275
275
272
274
274
273
275
276
282
286
295
298
296
294
289
283
277
272
274
272
268
268
268
268
268
269
270
273
278
284
285
284
285
279
276
272
268
266
269
266
268
266
269
270
273
277
280
284
285
282
281
274
272
267
267
265
266
267
278
286
287
293
293
291
285
282
278
274
272
271
271
270
272
273
273
275
288
284
288
289
289
286
283
278
277
272
269
269
269
270
272
272
274
277
282
285
288
288
287
282
279
277
272
269
271
269
268
270
270
272
272
278
285
287
288
285
285
280
276
272
266
264
264
263
260
262
263
265
264
270
275
281
282
286
281
278
271
265
263
260
260
260
260
261
262
264
272
276
281
283
282
279
274
270
264
261
260
261
268
275
270
270
277
282
284
284
284
281
276
274
269
267
268
267
268
268
274
272
273
278
283
284
283
281
279
274
271
271
272
271
274
271
272
271
270
280
276
277
278
275
275
271
270
268
268
269
269
269
268
271
269
272
274
278
279
282
284
283
280
279
274
270
265
259
258
256
256
258
260
257
260
267
271
278
280
280
280
273
268
262
257
257
257
256
256
257
256
258
267
273
278
286
285
282
277
272
266
263
260
264
261
260
262
271
275
281
280
283
280
274
270
265
262
261
260
259
264
262
261
262
267
273
279
281
282
279
280
271
264
263
260
259
257
259
259
260
261
266
273
278
280
280
280
274
269
264
260
259
258
257
258
259
260
262
267
274
277
280
351
356
359
360
357
352
347
343
339
338
340
337
339
339
342
341
347
354
360
365
364
362
357
350
346
339
338
338
337
336
338
338
340
344
350
355
359
360
358
352
265
270
265
266
266
266
268
275
282
288
289
290
289
284
280
273
272
269
275
273
272
274
276
279
285
294
300
305
307
306
307
304
301
300
304
305
315
316
320
324
326
332
340
348
352
353
352
347
341
337
333
330
327
330
329
330
331
333
339
345
329
333
338
347
350
355
354
353
347
343
337
330
328
327
326
326
325
325
328
340
342
347
350
351
350
346
339
336
330
325
328
327
328
329
329
332
336
343
356
352
346
342
335
331
331
330
330
332
332
334
339
345
351
355
355
352
349
339
342
330
327
325
324
324
324
327
328
328
339
343
348
352
351
347
341
336
330
328
325
324
323
323
323
329
333
334
337
343
347
348
345
340
333
329
325
324
324
325
326
327
326
329
330
333
335
343
352
360
364
368
369
369
369
370
374
384
393
396
399
400
403
406
412
421
430
437
438
427
427
430
427
430
426
425
424
425
426
427
430
434
354
359
350
344
337
332
330
328
326
328
327
328
329
330
338
344
347
353
357
347
343
335
329
326
325
323
324
324
325
326
329
335
341
347
348
348
346
340
333
328
325
324
323
321
321
321
323
325
329
336
345
346
348
345
340
335
330
325
326
324
425
423
422
422
422
425
426
433
439
443
447
447
446
439
432
426
421
418
416
416
422
415
416
417
421
428
434
437
440
438
432
425
418
413
409
408
409
406
405
408
442
452
452
453
452
447
439
431
424
420
418
418
416
419
418
418
422
431
442
439
443
441
438
433
429
421
422
418
416
416
417
418
420
424
431
438
443
445
445
442
436
430
425
422
421
421
418
418
417
419
426
433
440
444
443
444
440
434
428
426
378
379
380
381
382
383
387
394
400
403
401
396
390
385
385
375
374
375
375
378
378
383
392
399
406
410
411
410
405
402
397
396
396
397
398
400
405
413
427
437
410
420
423
429
433
430
427
420
414
407
404
401
400
397
400
399
401
404
417
418
423
422
421
414
408
401
394
393
391
392
390
391
392
396
404
409
414
414
413
407
400
394
388
386
385
382
383
384
385
388
397
405
407
408
407
402
395
389
384
383
549
552
556
561
561
560
557
550
546
532
529
530
524
523
523
523
525
530
538
542
545
547
545
538
530
525
519
516
515
513
513
512
513
517
524
530
536
538
538
534
454
471
484
481
475
474
475
480
487
488
493
494
499
507
514
521
526
524
523
513
505
499
495
493
493
494
496
500
500
503
512
515
516
520
518
518
515
514
514
515
515
517
519
522
528
538
548
554
559
564
561
557
553
549
545
549
554
551
549
551
512
503
494
486
480
485
478
474
475
479
480
488
495
501
500
496
490
481
474
468
468
468
466
468
469
474
483
489
491
490
483
475
467
462
460
457
457
456
457
457
531
528
526
525
528
531
533
537
537
542
551
559
564
564
562
555
548
537
532
526
524
522
521
521
523
526
533
538
544
545
538
532
524
515
512
508
508
506
506
506
506
514
519
524
525
524
519
509
499
493
490
489
488
486
487
487
493
500
512
512
442
445
445
441
433
425
420
416
420
415
416
422
419
424
431
437
440
439
433
425
418
412
409
407
409
409
410
410
419
427
431
433
429
422
414
408
405
403
403
402
467
475
479
480
478
471
463
455
448
449
447
447
446
449
453
462
470
471
476
467
460
452
444
441
438
436
436
437
440
447
454
460
462
459
454
444
436
431
429
428
425
425
426
430
439
447
448
450
447
440
433
425
423
421
420
422
421
423
427
436
464
471
471
470
477
487
491
494
507
508
518
532
544
552
555
550
544
542
538
537
537
537
537
540
548
555
557
556
550
541
533
527
524
520
519
519
520
525
535
540
404
411
410
419
426
429
428
421
415
406
402
400
402
400
401
403
409
418
429
426
423
418
410
400
399
395
395
395
397
399
405
413
417
421
418
413
403
394
393
393
393
393
395
397
405
413
417
419
414
408
401
399
398
399
402
406
412
426
439
448
518
519
520
527
528
513
515
518
513
514
522
528
528
525
521
526
524
525
529
528
521
526
529
532
528
531
540
527
531
533
527
531
532
528
521
515
519
514
527
527
543
546
536
528
519
514
509
507
507
506
509
513
520
526
528
526
518
512
501
494
495
482
13
221
2
220
2
221
1
222
1
223
535
539
517
522
524
512
506
517
509
518
520
529
519
520
518
518
512
517
515
513
512
515
523
520
528
525
520
521
513
490
497
487
504
510
509
509
512
513
512
510
507
507
506
499
509
515
503
506
509
508
518
519
523
524
519
517
514
508
509
512
506
504
509
514
504
509
512
510
522
521
526
528
524
520
524
525
516
513
520
529
533
522
520
524
515
521
525
523
518
513
507
512
512
516
519
517
519
512
513
517
509
512
505
512
512
517
523
525
528
506
506
516
516
517
520
519
518
500
506
504
512
517
523
520
520
518
519
519
519
517
517
510
512
516
516
518
521
521
520
519
519
515
519
517
516
512
505
512
534
538
546
545
547
542
542
541
541
539
537
529
532
536
540
544
549
548
550
542
512
512
508
507
514
510
508
512
513
517
522
525
522
525
518
512
516
512
510
512
515
514
515
519
300
480
488
496
482
487
499
484
488
492
484
487
489
493
497
504
501
502
500
494
489
485
491
486
487
485
504
519
516
522
522
524
525
521
520
521
498
495
493
500
500
503
505
503
500
500
500
498
502
498
498
499
494
495
500
499
499
500
501
501
502
502
503
505
504
501
501
502
501
503
508
506
501
500
499
501
544
543
541
539
540
530
533
534
539
544
555
517
506
497
499
507
504
469
484
488
496
490
495
490
488
495
469
483
486
488
488
484
493
487
488
490
486
493
491
490
498
494
493
477
494
493
497
491
491
488
492
494
497
495
491
505
508
505
505
502
493
493
498
502
500
499
498
497
503
499
502
501
493
495
494
493
494
498
498
498
499
500
497
496
496
498
496
492
488
493
490
496
496
218
2
224
2
224
2
224
505
504
504
504
501
503
504
507
511
505
509
505
508
507
507
507
502
502
501
499
500
501
504
503
502
498
501
495
501
498
494
490
488
493
494
499
497
498
498
497
498
499
498
497
497
496
497
497
496
499
493
495
496
495
498
495
500
493
495
493
739
779
806
855
890
891
878
841
826
814
803
793
778
729
737
759
790
836
887
892
897
841
824
811
800
792
780
734
725
737
781
815
873
882
885
846
824
810
800
789
2
230
3
224
3
225

227
3
226
2
228
5
719
506
498
498
801
786
801
813
855
887
883
863
841
826
821
813
806
793
746
756
784
808
849
843
854
879
843
827
818
808
799
783
731
737
776
805
855
890
889
868
842
828
815
803
791
775
731
716
731
765
801
854
866
864
833
811
797
788
777
768
738
708
725
758
785
832
860
865
866
818
803
792
785
777
770
752
711
723
752
782
826
858
857
868
817
802
790
780
743
728
744
781
816
863
876
871
843
821
807
798
790
783
763
723
732
762
789
845
877
876
859
824
807
798
788
779
766
719
721
739
776
812
864
868
868
833
815
803
795
784
774
758
710
714
747
780
830
867
866
866
824
806
795
786
776
768
723
791
783
771
763
749
705
699
706
741
770
827
859
860
871
817
801
787
779
769
763
748
698
701
723
754
783
837
857
862
845
811
794
784
773
762
754
724
692
702
726
785
777
767
739
715
722
752
780
821
858
851
861
811
798
789
780
773
765
738
713
720
758
780
824
854
851
864
813
797
787
779
769
763
748
704
705
729
765
798
848
859
864
839
809
797
788
779
770
763
721
706
718
749
769
821
861
860
872
824
803
748
716
686
693
724
751
784
832
843
844
823
795
782
772
764
755
747
718
687
692
724
753
785
830
837
839
821
795
780
771
762
754
749
728
685
689
723
751
787
832
763
802
849
852
855
829
802
789
779
770
760
752
718
695
707
738
764
808
853
852
853
823
798
784
777
768
759
750
712
693
705
732
758
800
839
846
847
826
803
786
778
769
761
755
741
692
694
709
743
770
821
846
851
862
813
793
781
774
763
754
407
411
412
409
401
395
387
385
384
382
383
383
384
385
394
399
405
409
409
406
400
394
386
384
381
380
381
382
382
384
388
397
404
407
408
405
398
393
384
381
844
845
820
794
779
770
762
755
746
720
683
685
715
745
781
828
835
839
818
789
776
768
759
751
743
394
401
408
414
416
416
411
408
400
393
390
388
388
392
389
390
392
398
405
411
414
415
410
404
398
390
387
386
385
385
385
388
389
394
402
375
372
371
372
373
372
375
381
388
395
402
404
405
399
396
392
389
388
390
389
392
394
401
408
418
425
430
430
427
424
419
417
416
416
417
421
423
426
431
439
380
381
379
381
381
383
393
398
407
406
406
400
393
386
381
379
376
377
384
377
378
385
393
399
402
402
398
391
386
380
375
374
375
375
375
376
378
386
393
398
399
398
390
385
380
377
372
372
373
374
374
376
384
387
394
403
397
392
384
377
439
440
441
434
427
421
416
413
412
412
413
415
417
423
431
434
439
437
432
426
418
413
411
411
409
409
411
416
423
433
438
441
440
433
429
425
425
424
426
430
445
452
449
445
439
433
428
426
425
425
424
425
425
430
439
445
448
447
450
436
429
422
422
420
420
421
425
423
429
437
442
446
447
443
435
430
425
423
422
422
420
422
424
428
436
442
445
445
439
432
425
421
417
416
416
417
417
417
424
431
524
530
531
528
521
513
505
501
499
499
497
500
500
507
514
520
523
522
517
509
502
497
494
493
490
491
492
497
501
508
514
514
512
503
497
492
486
484
483
483
435
444
450
459
465
471
472
469
464
461
461
463
464
465
469
474
484
494
507
506
513
509
504
499
501
502
505
510
515
516
526
533
542
546
547
542
536
529
522
520
518
517
517
517
521
531
535
538
539
534
526
520
513
508
507
507
506
508
509
517
548
553
560
566
569
566
561
555
546
540
536
536
533
533
533
537
542
549
557
558
557
551
545
537
530
528
527
525
526
527
529
534
542
547
550
549
544
536
530
524
484
488
490
496
505
508
509
505
500
495
490
489
493
496
503
504
510
519
533
540
546
548
543
539
534
529
526
530
535
537
543
551
561
571
578
584
588
585
580
571
567
564
563
562
563
564
567
573
581
584
585
580
571
565
557
553
547
548
548
546
479
479
478
478
481
482
490
497
501
501
498
490
484
477
474
471
470
474
471
468
477
484
491
494
492
486
479
470
466
464
462
460
462
462
466
477
489
490
492
489
521
524
520
519
519
528
529
536
541
544
540
534
525
518
514
510
509
508
509
507
512
519
526
529
531
526
520
513
505
504
501
497
499
499
500
503
509
517
521
522
518
509
503
497
492
490
490
489
488
489
492
500
505
512
512
506
502
495
485
483
444
442
441
441
441
441
445
454
464
470
472
468
461
454
445
441
440
440
440
440
440
448
457
464
468
468
468
460
454
447
450
446
447
449
451
458
465
476
488
496
480
477
464
461
460
458
459
461
461
468
477
483
487
487
480
473
464
458
461
452
451
450
449
448
460
468
476
479
474
468
460
452
449
447
446
447
447
450
454
464
473
475
476
470
462
453
449
446
445
443
446
447
450
460
468
473
474
469
459
451
566
561
558
556
555
558
562
573
584
590
592
587
579
569
560
555
554
552
553
554
557
566
576
580
585
576
568
558
549
546
544
544
544
545
554
564
573
577
577
570
499
498
489
483
477
477
476
477
478
481
485
494
502
512
514
512
504
496
493
483
483
483
483
487
491
499
512
526
532
539
539
536
530
528
529
531
530
536
538
544
555
563
568
569
565
556
549
541
540
541
542
545
549
556
568
581
587
587
584
576
509
508
509
510
512
522
529
536
537
533
525
514
504
503
502
499
500
501
505
512
519
526
528
525
518
509
498
495
493
493
492
492
495
502
510
517
519
517
512
503
562
558
548
544
544
544
544
545
550
559
567
572
571
567
557
549
541
538
539
535
535
536
539
550
558
563
563
555
549
539
531
527
528
526
526
527
531
540
549
554
553
549
540
531
523
520
518
517
518
518
523
531
540
546
545
539
532
523
515
512
458
459
461
463
472
480
488
488
487
477
469
461
461
455
454
453
454
457
465
472
480
483
481
475
464
457
452
451
449
448
450
452
457
466
476
478
476
469
462
454
493
494
487
485
486
486
488
494
504
510
513
512
504
497
487
483
479
479
482
477
481
484
494
501
505
505
499
491
482
476
473
469
471
470
472
479
487
495
499
498
493
484
475
469
468
466
465
466
466
471
481
488
493
496
489
479
471
465
462
460
429
430
431
439
449
457
463
453
446
438
430
428
426
424
424
425
427
432
442
448
453
453
450
442
435
426
423
423
422
421
423
424
428
437
444
449
450
448
439
431
449
447
445
445
446
447
452
461
470
473
474
469
460
453
444
443
440
441
442
440
446
455
464
468
469
464
457
447
440
438
436
434
436
438
440
450
459
464
465
462
453
444
437
434
432
432
432
433
436
444
453
459
461
457
450
442
433
430
429
428
409
404
405
404
406
407
411
420
428
433
434
430
422
413
406
403
401
402
402
404
405
410
419
426
429
429
426
418
408
403
400
400
398
400
400
403
410
417
425
428
423
423
419
418
418
418
421
427
436
443
447
446
442
436
426
419
417
414
421
414
414
417
422
432
440
443
443
439
431
422
416
413
413
411
410
412
414
420
428
438
440
440
434
426
419
412
407
408
408
408
409
410
419
428
433
436
435
433
420
412
424
417
415
414
413
413
415
417
424
433
440
441
440
435
427
417
412
411
411
409
410
411
416
428
436
440
440
437
427
419
413
410
409
408
410
411
416
423
432
437
427
424
412
405
400
396
397
396
397
399
402
411
419
424
426
423
414
407
404
395
393
394
393
394
396
401
411
417
421
422
417
409
402
396
395
395
395
398
398
403
414
422
428
428
424
417
409
405
408
406
405
406
410
413
426
435
441
442
440
432
422
413
407
404
403
401
402
404
405
415
423
431
432
432
425
417
409
404
401
400
400
401
402
405
413
420
427
429
427
423
414
405
402
399
398
397
399
399
403
413
441
442
433
424
415
413
412
410
410
413
415
423
430
439
440
440
432
424
419
410
407
408
408
409
411
414
424
433
438
440
436
427
419
412
410
407
408
405
409
417
418
428
436
437
437
427
418
412
408
406
405
404
406
408
414
423
431
435
435
429
419
418
415
408
399
392
390
388
388
387
388
391
395
403
411
413
417
411
403
394
388
387
386
385
385
387
386
394
404
411
413
413
407
398
392
386
384
384
384
384
421
431
428
425
417
410
403
400
398
397
397
397
400
404
415
422
424
425
423
414
406
398
395
395
393
393
395
397
405
412
425
422
422
416
406
399
395
393
392
391
393
394
398
407
416
420
421
419
409
403
395
391
390
389
390
390
392
397
406
412
384
392
400
405
405
400
394
387
379
378
375
376
375
375
377
381
392
399
403
404
399
390
385
377
375
374
373
373
373
377
383
391
399
402
400
395
385
378
374
372
386
393
396
406
412
414
410
405
397
389
385
383
382
384
384
385
390
399
410
411
411
411
398
390
384
382
381
379
379
382
384
392
400
405
408
409
402
395
386
382
380
379
378
378
380
383
390
399
406
407
405
397
390
381
379
377
377
375
377
379
369
370
374
378
386
394
398
399
394
388
382
375
371
369
371
371
374
375
380
391
399
404
406
401
394
388
380
378
376
376
376
379
380
384
393
400
406
405
402
392
372
376
372
373
375
385
394
399
400
403
391
384
378
372
369
369
369
371
375
375
383
393
398
400
399
390
384
375
372
371
370
372
373
375
380
389
395
400
400
396
388
380
374
371
370
371
373
373
376
385
393
399
401
397
389
381
373
372
370
369
435
428
427
427
429
433
437
442
453
465
481
493
497
504
499
493
490
486
487
488
495
501
509
519
539
567
582
597
605
604
603
601
592
589
588
585
584
583
584
593
390
381
375
374
375
374
377
383
387
397
406
411
414
416
410
402
396
393
394
387
388
388
392
395
404
412
417
418
416
406
400
392
388
386
385
384
392
397
397
403
402
402
404
418
413
406
398
400
403
406
408
408
404
407
419
429
427
430
431
441
547
554
555
551
545
535
525
521
519
517
516
517
519
524
531
539
546
548
545
540
534
529
528
528
527
528
530
532
537
549
558
567
571
572
568
565
559
556
555
552
604
617
615
617
611
599
588
581
577
572
568
570
570
572
581
589
594
595
595
581
571
562
557
554
552
550
551
553
555
564
574
577
580
574
567
558
548
543
542
539
537
539
538
541
550
559
565
565
563
555
546
536
532
529
528
527
529
528
530
541
513
513
512
513
514
514
521
530
537
540
542
535
530
525
513
510
506
505
505
505
507
509
518
522
531
533
534
528
522
513
505
502
498
498
496
498
498
501
507
515
555
563
558
562
569
577
585
587
586
579
571
561
552
550
547
546
544
545
550
548
559
565
569
572
566
560
552
540
537
534
532
531
535
533
535
544
552
556
559
559
552
545
537
529
524
523
521
520
519
521
526
535
542
548
549
547
539
531
522
517
471
474
480
487
493
497
499
501
491
483
475
468
466
464
464
464
464
465
468
473
481
488
491
492
490
483
477
470
464
462
461
460
460
461
463
464
467
476
483
488
523
531
525
522
515
507
498
495
495
491
491
491
493
496
503
510
518
519
521
512
505
498
490
487
485
484
483
483
485
488
498
503
512
513
512
506
498
491
483
481
481
477
477
477
480
481
491
499
503
505
504
499
491
483
477
473
471
471
470
470
463
461
462
463
467
475
482
489
484
482
486
481
473
465
462
459
461
461
467
469
473
476
484
486
491
500
502
505
512
513
515
519
530
537
544
551
558
567
587
601
490
495
483
475
469
460
458
454
455
454
456
456
459
462
471
478
491
496
499
491
485
480
472
468
463
458
460
459
460
459
459
465
473
481
486
488
488
483
475
469
463
461
458
460
459
459
461
463
471
481
488
492
494
491
486
483
470
465
464
463
544
541
544
545
552
559
566
569
568
561
552
544
539
537
528
519
520
527
529
531
542
552
560
564
564
561
556
550
543
535
532
528
526
526
527
527
528
535
542
548
615
628
623
616
608
607
598
599
596
589
590
593
594
597
598
600
604
605
608
601
592
585
580
577
572
571
568
567
566
566
569
577
583
590
591
589
586
579
569
561
558
555
553
553
553
555
563
562
571
576
581
582
578
572
564
555
549
546
544
544
488
490
491
496
502
512
514
515
514
508
502
495
489
484
483
481
481
481
482
484
487
496
500
506
506
503
501
495
483
481
479
477
475
476
476
478
480
485
492
499
551
559
550
542
536
528
522
519
518
516
515
516
517
519
526
534
540
543
543
535
530
523
514
512
508
507
506
507
507
512
516
522
530
532
532
528
521
519
507
500
498
494
497
497
498
499
502
509
516
521
525
524
519
512
504
495
493
491
490
490
452
455
455
455
464
470
477
482
483
482
478
472
467
463
462
461
464
467
469
473
479
488
500
512
520
524
528
524
520
516
515
517
516
518
520
520
525
527
533
541
502
507
501
496
489
481
475
472
471
469
470
470
471
472
480
486
492
496
497
483
477
474
469
468
472
472
470
473
480
458
470
483
482
489
484
489
478
473
468
463
461
459
458
457
458
457
459
465
471
479
483
485
483
478
471
464
458
456
453
453
544
540
539
550
546
552
556
562
558
565
564
556
548
540
533
538
537
527
529
530
529
532
540
547
555
555
555
549
543
535
525
522
520
518
516
516
515
515
518
528
550
562
563
568
566
565
568
567
571
575
578
580
581
582
586
591
599
604
609
605
601
594
590
579
576
572
571
569
569
569
570
574
582
587
590
591
591
587
579
570
561
558
557
554
554
554
552
554
559
565
571
576
576
572
569
562
553
549
553
549
487
486
487
487
486
488
490
489
489
489
488
485
482
481
478
479
478
478
480
478
479
480
482
484
485
483
483
481
477
476
473
472
473
472
471
473
472
473
475
478
535
544
536
540
538
526
522
518
515
514
521
515
514
515
513
515
517
520
525
519
519
515
513
509
506
503
505
504
502
503
502
504
504
506
507
508
507
505
502
499
497
494
494
494
495
495
494
495
496
496
497
497
498
497
495
492
490
487
486
486
787
787
786
786
778
781
786
797
798
802
806
798
802
791
789
786
784
783
785
787
783
771
782
789
795
799
801
797
796
795
785
786
786
787
785
788
785
780
782
786
480
485
478
477
480
471
470
468
468
467
468
468
467
468
470
471
473
473
478
470
466
465
464
460
461
460
462
461
462
463
464
464
465
464
461
462
461
460
460
457
457
457
523
782
790
790
788
791
782
785
789
796
798
806
805
801
809
791
789
787
779
779
778
773
773
785
792
796
799
796
792
797
785
784
784
785
784
785
784
779
781
784
787
789
795
795
792
795
783
780
782
781
781
778
777
769
766
776
784
785
794
795
797
794
794
796
786
786
785
786
786
786
785
785
778
783
787
790
793
795
793
790
797
782
784
783
783
781
781
781
773
779
786
791
791
793
798
792
795
787
789
790
789
789
787
788
779
783
787
793
794
798
800
797
798
793
795
790
785
782
754
750
757
764
770
774
783
777
775
772
761
759
759
758
755
756
755
756
755
762
773
770
770
775
768
764
759
757
759
759
759
760
760
759
756
757
760
762
764
764
789
792
787
786
781
779
781
781
780
781
780
780
776
779
780
785
785
787
795
792
810
785
786
784
781
776
776
772
740
747
749
749
739
751
743
746
740
754
748
733
736
728
756
751
736
755
764
767
774
781
779
769
770
759
763
756
753
754
754
751
745
734
737
725
730
738
749
754
758
759
758
756
752
746
746
746
746
742
743
745
744
743
748
754
752
750
753
746
737
741
744
747
744
749
747
746
744
744
747
750
766
766
761
762
756
757
757
758
759
757
757
756
751
759
762
764
764
765
769
765
761
753
752
751
751
748
749
749
748
747
745
752
758
765
768
772
770
765
761
753
751
749
746
746
747
743
746
740
728
738
752
757
757
759
757
757
751
741
745
749
731
732
729
730
734
730
736
740
743
736
751
751
751
744
739
736
735
733
735
732
732
731
732
735
736
741
742
740
740
745
737
735
739
739
737
736
737
737
738
736
757
761
755
757
755
750
750
745
746
745
745
744
744
744
742
749
751
759
757
753
754
750
747
743
743
742
742
742
738
741
743
743
747
749
751
752
755
752
744
745
741
736
735
737
733
733
732
731
736
738
738
745
751
756
749
739
739
738
737
736
