283
287
283
282
281
282
285
286
285
288
288
285
280
273
272
273
274
274
274
262
247
247
244
241
244
245
244
248
253
251
249
234
237
243
263
272
276
264
262
266
270
273
275
275
275
274
275
273
272
272
275
274
274
275
275
276
277
278
282
283
281
285
279
278
276
275
274
274
274
275
274
274
275
274
276
278
277
275
278
277
275
275
273
276
278
278
280
279
280
278
280
277
273
271
276
276
278
282
288
291
296
300
298
299
302
302
300
300
296
292
288
288
287
286
289
292
293
297
300
298
299
296
294
293
293
288
285
280
278
276
277
279
282
283
285
285
286
285
288
289
288
288
287
291
284
282
283
283
285
289
292
296
294
295
296
296
298
299
299
302
302
309
314
321
323
322
318
312
307
303
302
303
297
299
298
301
302
305
315
323
332
336
337
339
335
330
326
324
321
322
323
324
331
333
334
336
337
342
341
342
345
357
346
347
347
349
349
349
350
351
352
363
372
381
388
390
397
400
402
400
400
402
405
406
404
409
403
401
399
402
405
404
404
405
405
405
405
406
407
408
410
411
413
418
416
418
419
421
426
426
427
427
425
425
422
422
423
409
409
410
412
412
413
413
410
405
403
407
415
417
422
429
435
446
448
444
443
444
444
445
447
451
457
459
467
472
475
478
479
480
484
484
487
487
488
491
488
498
489
487
489
495
491
495
494
497
502
503
507
508
512
501
503
510
518
527
533
534
538
533
530
526
523
521
526
525
524
523
523
523
528
536
541
544
542
541
533
525
522
520
521
520
518
520
522
524
527
524
524
527
518
520
518
520
522
522
522
520
522
521
520
520
521
520
519
522
527
524
526
527
526
525
525
527
527
531
532
535
538
540
540
541
544
547
551
556
558
558
560
562
563
567
570
573
574
577
579
581
582
586
588
591
627
597
586
585
584
584
581
582
581
579
578
578
576
576
576
577
575
573
574
577
576
578
577
577
576
576
573
576
575
574
574
613
576
571
569
568
571
571
574
576
579
580
581
581
584
585
585
584
583
582
581
579
575
574
572
570
570
567
569
571
568
566
566
565
565
562
561
561
560
556
557
556
555
556
555
555
555
555
555
555
553
552
551
549
551
551
555
550
550
553
553
553
554
551
553
552
552
552
551
559
551
549
551
550
549
549
550
549
550
550
549
548
549
546
546
543
550
542
541
543
542
543
540
542
542
542
541
541
540
538
540
541
543
547
551
554
559
564
567
576
583
584
586
588
590
594
596
599
598
597
596
596
596
594
593
593
593
592
591
590
588
587
584
585
582
582
581
580
579
579
578
585
577
576
574
573
573
567
569
568
567
565
565
565
565
566
566
566
564
564
564
563
562
560
560
559
558
560
559
564
559
558
561
563
561
559
557
557
555
554
553
553
552
552
550
552
557
557
554
556
557
559
564
566
570
576
579
581
585
585
586
586
587
586
584
584
581
579
573
569
565
564
561
561
557
556
555
555
555
554
553
551
550
550
548
546
549
547
547
545
545
544
544
546
547
546
546
545
544
542
543
541
541
544
544
544
544
544
542
544
543
540
541
540
538
537
536
535
535
535
534
535
534
534
536
535
535
535
533
537
530
529
528
528
526
528
526
527
527
528
529
527
527
526
524
524
528
523
520
520
518
519
518
518
522
519
518
516
517
515
513
512
512
510
512
510
512
510
512
510
512
512
512
510
506
507
502
512
500
500
501
503
501
501
503
504
502
502
501
500
499
498
498
498
499
497
497
497
498
500
500
499
499
497
496
497
494
495
494
494
491
492
491
492
492
491
492
491
489
488
488
484
484
487
484
481
482
483
484
487
483
483
481
480
479
477
476
474
474
474
474
473
473
473
474
475
477
474
473
472
471
471
469
468
466
465
464
465
464
461
465
465
465
462
462
471
459
458
457
457
456
452
455
459
458
457
456
455
455
451
447
446
445
443
445
445
446
446
446
444
444
443
444
445
444
443
441
440
438
437
436
435
434
434
434
433
431
431
432
433
431
431
430
429
426
426
426
423
423
421
420
420
421
420
421
421
420
421
420
428
417
415
416
414
414
414
412
412
412
410
411
411
412
412
411
409
416
407
407
404
411
403
404
403
403
404
402
402
402
402
402
402
400
400
398
395
396
394
395
395
395
395
394
395
396
396
395
393
391
390
388
388
388
388
387
386
388
387
387
388
389
387
387
385
384
383
381
382
380
379
380
377
379
379
378
379
379
379
379
377
376
375
374
373
372
372
374
374
375
376
378
384
388
389
391
395
398
400
405
418
420
424
429
430
433
436
443
443
450
448
448
450
452
455
454
453
456
454
453
451
451
453
451
452
452
452
451
452
449
448
446
445
446
444
444
443
444
441
442
443
442
443
444
442
441
442
441
440
438
439
438
438
439
439
439
438
440
439
439
439
438
438
437
436
435
436
433
434
433
431
431
431
431
430
433
434
436
435
438
437
437
438
438
440
442
441
445
446
444
446
446
447
447
453
446
444
442
442
439
446
440
439
438
436
436
434
436
435
435
435
433
435
433
430
429
429
428
426
427
427
425
425
424
425
427
427
425
426
427
424
423
422
422
421
421
420
421
421
421
419
421
422
422
420
420
420
418
417
416
416
417
416
417
415
415
417
417
418
416
415
416
414
413
411
411
409
410
409
408
407
407
408
407
407
406
409
408
407
404
404
403
407
401
400
402
401
401
403
404
404
408
408
408
408
408
406
409
405
407
412
405
404
403
402
404
404
403
404
401
404
403
402
400
399
398
397
406
397
397
395
395
396
395
396
396
397
396
396
396
394
393
392
391
392
390
390
390
390
388
391
391
390
392
390
390
389
387
387
385
385
385
386
385
385
385
386
385
385
386
386
386
387
387
387
388
388
395
393
396
399
403
409
416
422
429
436
444
448
453
457
466
471
484
494
505
519
536
549
556
568
584
594
599
604
611
621
624
625
640
651
648
646
643
640
648
646
642
638
637
635
635
635
632
629
625
624
625
623
620
618
617
616
616
617
616
617
618
619
620
619
618
617
616
614
613
611
611
610
608
608
607
608
606
608
609
608
608
610
609
608
605
611
604
602
602
601
605
599
600
597
598
598
595
597
595
593
591
590
589
584
585
583
584
583
582
582
581
579
579
579
577
576
574
574
571
568
569
569
568
567
567
568
568
569
570
570
571
571
572
574
568
566
564
562
561
559
557
558
557
555
554
553
553
553
550
549
550
545
542
540
538
537
536
535
533
533
532
531
531
530
531
532
531
532
534
537
539
543
548
561
560
565
569
574
578
580
583
589
592
593
597
604
604
607
610
616
623
633
646
648
653
655
658
663
662
663
661
665
664
661
667
663
658
654
648
644
644
645
646
643
645
646
646
645
644
643
640
642
640
638
638
635
636
633
635
633
629
626
627
633
627
627
626
624
622
622
621
618
617
617
614
613
613
612
610
610
612
608
607
606
607
606
605
603
609
600
598
598
598
598
598
597
597
596
595
595
594
592
592
591
588
587
585
586
584
583
581
580
579
578
577
576
576
573
573
573
571
569
569
567
567
563
564
562
560
561
559
558
557
556
556
554
553
553
550
548
546
546
543
542
541
541
539
538
537
535
535
536
535
533
532
531
529
526
525
524
524
522
521
529
521
522
519
519
519
518
517
518
515
512
512
510
515
508
507
507
516
506
507
507
507
508
509
509
509
509
507
507
506
505
505
506
507
507
508
510
512
512
513
515
516
517
518
518
518
518
517
517
516
516
516
516
514
513
513
512
512
512
512
512
512
512
512
512
515
515
517
520
523
524
525
528
528
529
532
532
531
531
530
530
530
530
530
530
529
529
530
532
531
532
533
535
535
536
538
539
538
544
539
544
540
541
541
543
544
543
544
543
546
548
548
551
554
555
558
560
567
565
568
573
577
579
580
583
581
583
583
586
587
587
587
584
583
584
585
589
595
602
609
613
620
625
632
637
642
648
648
653
657
667
673
678
687
689
692
696
698
705
709
712
712
712
711
709
708
711
709
709
707
705
701
699
699
697
696
696
695
695
696
695
693
692
690
688
688
691
684
683
681
680
679
676
676
675
674
673
672
672
673
674
670
668
667
667
668
667
667
669
668
668
670
670
671
669
667
665
663
662
659
659
658
657
655
655
653
661
654
656
664
657
656
661
656
656
656
652
652
650
650
648
648
648
648
645
645
645
644
643
641
641
640
640
641
643
644
645
646
646
648
646
647
647
647
646
645
644
642
641
637
635
641
632
630
637
628
627
627
627
627
627
627
624
623
623
621
619
617
616
615
613
613
611
611
611
610
609
610
608
606
613
603
604
602
600
600
598
597
596
595
594
594
595
593
592
590
589
593
583
582
580
583
579
578
577
576
575
577
576
575
573
572
569
567
566
565
563
563
562
561
561
560
560
559
558
557
554
550
551
549
554
547
546
546
544
544
542
543
542
542
541
540
537
535
535
537
532
531
531
529
531
530
530
532
532
532
531
531
529
529
528
527
526
527
527
525
525
523
524
524
524
522
521
522
518
517
518
515
514
513
521
512
512
512
512
512
513
512
510
510
507
506
504
503
504
503
503
509
501
501
501
501
501
501
500
497
497
494
494
493
493
493
493
491
492
492
493
494
494
493
494
491
491
491
489
488
489
488
486
488
487
487
488
493
487
486
486
485
484
481
480
479
479
479
479
479
478
478
479
479
478
479
477
477
475
474
473
473
473
472
473
472
471
470
472
472
471
472
473
470
469
466
467
466
466
465
465
465
465
465
472
464
466
466
465
465
463
462
461
460
460
460
459
458
459
459
459
463
458
459
458
458
456
456
454
453
453
452
453
453
453
453
453
453
455
455
454
453
452
451
451
454
449
449
449
448
449
449
448
449
449
449
449
450
448
448
448
445
444
445
446
448
450
453
453
456
460
464
468
472
473
472
473
472
473
473
472
472
472
473
471
472
472
472
474
473
471
473
472
470
469
468
466
466
468
465
465
465
465
466
471
467
467
467
467
466
465
464
462
462
461
462
460
461
461
460
461
464
461
462
462
460
459
457
457
456
456
455
457
455
456
456
465
456
458
458
457
457
456
455
454
454
453
452
452
452
452
451
452
452
453
454
455
454
455
450
451
451
450
450
450
450
452
452
453
453
455
454
455
456
455
456
455
454
454
453
453
453
455
455
455
457
458
459
458
458
457
456
456
456
456
455
458
459
460
461
461
463
465
466
474
467
467
466
466
466
467
469
471
471
474
477
480
480
482
485
489
496
491
493
495
496
495
500
499
501
502
504
505
507
510
513
517
520
525
528
527
530
529
528
528
529
529
529
529
528
527
530
534
535
536
538
539
538
540
540
542
543
544
542
542
542
542
542
541
542
543
541
540
539
536
537
535
536
536
534
533
533
533
533
533
533
531
530
530
528
527
528
527
526
528
528
528
529
531
530
530
530
532
533
536
529
526
527
524
525
526
526
530
530
532
536
538
544
554
553
559
562
558
558
557
555
556
559
559
556
556
554
553
553
550
552
551
550
551
551
550
552
554
555
557
559
562
563
565
565
564
563
566
566
566
564
562
561
561
559
558
558
556
557
559
558
556
557
556
557
555
556
554
553
552
551
550
549
550
550
551
552
555
558
560
564
566
570
572
573
572
573
572
571
568
570
568
567
567
567
568
567
569
569
573
570
568
568
565
572
564
563
561
560
558
559
558
558
558
557
557
562
554
553
552
551
548
546
547
545
544
548
546
544
544
546
548
545
545
545
544
543
543
541
542
544
543
544
544
544
542
542
544
544
544
544
543
542
538
540
540
539
539
537
537
536
538
536
537
538
538
539
538
537
538
535
533
533
533
532
531
530
531
531
533
531
534
533
533
532
531
530
529
528
527
528
527
532
527
527
528
527
527
528
531
525
525
524
523
521
521
522
520
520
520
519
518
518
519
518
517
523
515
513
515
512
512
510
512
510
512
510
512
512
510
512
509
507
509
508
507
508
505
505
506
506
505
505
505
506
506
506
505
503
500
501
501
500
499
499
499
499
500
500
501
502
501
502
500
501
500
499
500
500
498
499
499
499
500
501
499
500
498
499
496
495
494
493
497
493
495
503
495
495
497
498
498
500
500
500
501
503
506
512
518
517
521
526
531
537
545
544
545
547
546
547
546
547
549
548
548
551
546
546
549
551
551
551
557
563
564
565
568
570
573
574
579
578
580
583
583
583
584
582
581
580
578
577
576
576
574
574
574
574
573
575
574
573
573
570
569
567
568
568
567
566
566
564
564
565
566
566
566
564
563
561
559
559
559
559
558
559
563
558
560
560
560
560
560
559
558
558
557
558
559
561
562
563
561
563
565
564
565
564
569
566
563
564
563
562
562
561
560
561
561
561
562
564
565
562
561
565
558
558
556
557
556
554
554
554
553
554
553
553
551
550
550
548
546
547
547
547
547
546
545
545
544
545
544
543
544
541
541
538
539
538
537
538
537
537
537
536
537
536
536
536
535
534
533
533
533
533
532
537
533
534
533
534
536
536
535
535
534
537
539
542
546
553
556
562
567
572
580
587
590
591
592
591
590
589
588
588
586
587
592
587
587
586
586
585
584
584
582
581
578
576
575
574
572
571
571
576
571
569
571
570
570
569
568
566
563
563
562
560
560
559
559
558
559
558
559
559
560
558
557
553
553
553
552
550
550
550
550
550
549
550
551
550
550
549
547
545
544
543
546
543
544
545
545
548
549
551
554
554
555
555
554
554
553
552
551
551
550
551
549
547
547
545
548
547
545
544
544
542
541
540
537
538
538
538
537
537
538
538
543
537
536
536
533
533
533
531
529
529
529
530
528
528
529
529
527
531
526
524
522
521
521
520
518
519
517
517
518
518
518
519
518
518
517
516
516
513
512
512
512
512
513
512
513
512
517
515
517
516
517
516
517
517
525
521
524
525
529
532
538
544
552
559
565
575
590
602
615
624
636
650
664
678
699
704
706
711
711
712
727
729
729
729
729
737
740
745
744
745
748
749
749
752
753
753
750
747
744
741
741
734
730
727
722
720
718
716
714
712
709
707
703
699
697
695
695
701
698
703
708
713
721
729
738
748
756
765
767
772
776
779
781
785
787
793
789
791
791
789
787
786
784
781
777
778
767
763
760
757
753
749
747
742
740
740
738
736
732
731
730
727
725
724
721
719
718
718
717
714
713
713
709
710
709
710
710
710
709
709
708
709
707
709
708
706
705
704
703
702
702
701
701
700
700
699
699
699
700
702
708
701
701
700
699
698
699
698
699
697
697
697
697
695
696
695
693
694
687
686
684
683
682
680
681
679
679
676
676
677
675
674
671
676
668
666
663
662
662
660
659
659
658
657
658
657
656
655
655
654
654
655
657
655
655
655
656
654
653
655
652
651
648
647
645
644
642
642
640
639
638
636
637
635
635
634
631
631
631
628
626
625
624
623
623
622
621
621
622
621
622
620
620
618
615
614
613
612
613
613
615
611
611
617
611
611
617
609
609
616
606
608
607
607
608
609
607
607
612
608
608
617
606
605
604
602
603
599
599
597
597
596
594
593
593
594
594
593
592
590
588
587
566
548
568
586
587
588
587
588
587
586
587
587
587
588
589
592
594
598
601
606
610
615
619
625
637
641
644
650
653
654
653
655
659
659
660
659
659
658
658
659
659
658
657
657
656
654
652
652
651
650
649
647
648
647
647
648
648
651
655
654
656
658
659
665
675
674
680
691
684
686
688
691
691
692
694
700
691
690
691
692
691
696
695
694
691
693
693
694
693
693
691
690
688
686
687
686
686
685
687
686
685
685
685
684
684
684
682
681
677
676
675
673
673
670
671
671
672
669
671
669
669
668
667
666
665
665
667
666
665
667
668
668
668
669
670
669
668
668
666
666
665
665
664
667
664
665
666
667
666
666
667
663
663
661
661
663
658
657
663
656
654
653
654
654
653
652
652
651
649
650
650
649
648
649
647
652
646
646
647
646
646
643
643
640
639
637
637
635
634
634
632
632
630
632
632
631
628
627
626
624
624
623
620
623
619
620
620
619
622
619
619
618
618
616
615
614
614
613
612
611
612
611
611
611
611
611
610
609
608
607
607
605
605
605
603
603
603
602
603
603
603
600
598
603
597
595
594
593
592
593
590
592
591
590
592
592
592
591
599
589
589
586
588
586
586
586
588
588
588
588
589
590
591
589
589
595
585
592
585
585
585
584
583
584
583
584
585
584
582
582
579
577
577
576
576
575
573
571
576
576
572
574
573
572
570
571
567
566
565
564
565
564
564
564
563
564
564
563
563
563
561
563
561
561
561
561
561
562
567
562
563
563
562
560
562
560
558
557
558
556
555
555
554
553
555
555
555
555
554
553
550
552
551
550
548
547
547
548
551
547
547
548
550
548
548
546
546
544
544
543
544
542
544
542
544
541
542
547
544
541
548
540
538
542
537
536
535
536
535
535
536
536
536
535
536
534
533
535
530
530
530
530
530
530
530
528
530
529
528
529
525
525
524
523
523
522
529
522
522
524
521
523
522
523
520
520
518
518
516
518
517
516
515
516
516
515
517
517
517
516
513
512
512
510
509
509
509
508
509
508
508
509
510
508
508
507
506
505
506
505
505
504
505
503
503
504
505
505
508
504
504
504
503
502
502
510
501
501
502
501
500
500
501
501
501
502
499
499
497
496
495
496
494
495
495
492
494
491
495
494
494
494
492
491
495
489
488
488
488
487
486
486
487
487
487
487
487
487
486
485
483
483
483
482
483
483
484
484
486
485
486
487
488
488
483
482
481
481
481
480
481
480
479
480
480
481
482
481
482
480
480
478
477
478
478
477
476
478
485
479
479
480
479
479
477
477
475
473
473
471
472
472
472
471
473
479
472
473
471
471
470
469
469
469
467
467
467
465
467
466
467
467
474
468
467
466
465
463
463
462
462
462
462
459
461
461
462
462
462
462
461
460
460
459
458
457
457
457
456
457
456
456
455
459
459
458
457
456
454
452
452
453
453
452
452
451
450
453
453
453
454
454
451
451
450
448
448
448
449
447
450
448
449
450
449
450
450
449
454
446
443
445
442
445
445
444
444
445
446
447
446
446
445
444
443
444
441
440
440
440
447
439
440
441
441
442
440
440
438
438
437
435
436
435
434
438
436
436
436
437
437
437
435
436
433
431
432
429
430
431
432
431
430
432
432
433
432
432
432
430
429
427
427
428
427
426
427
425
427
426
427
428
428
427
426
424
423
422
423
423
421
422
421
422
423
425
424
423
422
421
421
418
419
418
419
418
417
418
426
419
418
419
419
417
419
420
417
417
421
416
417
416
416
416
416
421
416
417
416
414
414
414
412
413
411
411
410
410
411
411
411
411
412
412
410
408
409
408
407
407
407
407
407
407
407
407
407
409
407
408
406
405
404
403
402
402
402
401
402
401
402
404
403
403
401
400
399
398
398
398
397
397
397
397
395
398
399
398
398
398
397
396
395
395
395
394
394
394
395
397
397
399
399
399
398
397
396
396
401
403
394
394
394
395
395
397
395
395
396
394
393
393
393
392
394
395
391
392
391
391
392
392
392
390
390
389
387
387
387
387
385
387
385
386
387
389
389
388
388
388
385
385
385
386
385
386
387
386
387
385
387
387
388
387
385
386
385
384
384
383
383
384
383
382
383
384
384
384
384
381
382
381
380
379
380
380
380
381
380
381
381
383
380
381
379
379
378
385
377
377
380
377
379
382
382
385
386
387
397
388
392
396
395
393
395
397
397
397
397
396
398
398
396
397
397
403
393
392
400
390
391
389
389
389
389
389
389
389
389
390
392
389
390
390
388
388
387
388
388
388
388
387
387
389
390
389
390
388
384
384
384
383
383
384
383
382
383
383
384
384
385
384
384
384
380
381
382
381
381
381
380
381
382
381
382
388
382
383
382
380
378
378
378
377
377
377
378
376
379
379
380
380
380
380
379
378
375
376
384
376
376
376
377
375
376
377
376
375
375
379
377
375
375
373
373
375
373
372
377
373
373
378
371
373
380
378
373
378
371
370
379
370
369
374
371
370
375
369
370
378
373
371
372
371
370
370
370
370
372
372
373
376
378
379
379
381
385
382
383
381
380
381
380
379
379
379
384
379
378
378
375
375
375
375
375
375
377
373
371
371
371
371
371
371
372
371
370
370
373
373
373
374
374
373
375
371
372
371
376
371
367
371
371
371
372
372
373
374
377
374
376
376
377
377
378
385
379
382
382
382
383
385
384
386
387
389
390
391
389
389
389
388
388
389
388
388
388
388
388
388
388
390
390
390
388
389
388
385
386
386
384
388
384
383
382
383
381
381
382
384
383
383
383
383
381
379
381
383
384
387
390
392
394
396
400
402
403
405
407
410
414
413
413
412
414
416
417
417
418
420
421
422
423
424
427
427
428
429
432
430
436
432
430
435
430
431
435
431
430
436
439
432
435
431
430
437
431
431
434
429
429
429
429
430
431
431
432
433
433
434
435
434
435
433
434
436
435
429
429
438
428
429
434
427
426
426
427
428
428
427
428
424
426
423
423
422
423
422
421
422
422
422
423
421
423
423
423
423
422
422
420
420
418
420
420
420
419
420
420
423
422
424
427
427
427
427
428
428
430
429
428
426
428
429
429
428
429
430
436
431
431
432
430
431
430
430
429
429
427
427
427
427
428
428
427
428
427
428
427
427
426
427
425
424
427
422
427
430
431
431
443
435
438
439
439
440
439
437
439
438
438
437
437
436
436
435
436
436
437
436
434
436
439
436
435
435
434
433
432
431
432
432
432
432
431
432
434
435
439
439
440
441
442
442
445
445
445
444
443
444
443
444
444
444
443
444
444
440
442
443
445
453
454
451
451
450
451
451
457
453
453
452
454
453
454
455
453
455
452
454
454
454
455
454
455
466
464
465
471
460
462
466
475
485
486
494
483
483
481
481
478
482
483
482
487
485
486
491
493
498
502
507
514
516
514
509
512
517
520
522
524
524
524
523
523
524
523
518
522
520
519
523
533
533
533
534
535
533
533
533
533
532
531
530
530
529
524
525
523
521
522
521
523
520
519
517
519
519
520
518
517
516
514
513
512
514
512
512
514
509
511
510
509
510
512
512
517
512
508
508
506
510
505
505
503
505
501
501
501
502
500
502
502
502
502
501
499
498
497
496
495
495
496
494
494
494
494
493
493
495
493
493
492
490
492
489
489
489
488
487
487
487
488
487
486
487
486
486
486
486
486
483
483
483
481
481
481
480
480
480
482
481
479
480
480
481
481
482
481
479
479
479
477
477
479
475
475
473
473
473
472
472
472
471
478
471
470
468
470
467
462
460
460
461
459
459
458
456
456
455
456
457
457
455
455
454
454
452
449
449
450
447
453
447
447
453
445
445
447
446
445
446
445
444
444
443
443
442
441
440
440
439
439
438
438
438
441
440
439
439
440
437
435
436
435
434
434
435
433
433
432
432
431
432
432
432
432
433
433
432
431
431
429
431
430
429
429
428
427
436
427
427
427
428
428
428
428
427
427
425
425
424
425
423
424
426
425
428
434
431
433
435
438
438
438
438
438
437
436
436
435
433
434
433
432
433
430
430
429
431
430
431
429
430
427
426
420
419
419
419
416
418
418
416
418
417
416
417
418
418
416
418
416
416
416
415
414
414
415
414
414
413
414
416
416
417
416
416
416
415
415
412
412
414
413
412
413
419
413
414
415
414
418
416
414
415
413
412
411
411
412
410
411
411
410
414
412
414
415
416
418
418
418
419
417
417
418
416
420
416
414
416
417
420
422
421
421
421
423
422
421
421
420
419
418
424
416
418
416
416
416
416
417
416
418
419
419
418
419
417
418
417
416
417
416
416
416
416
415
416
416
417
417
417
416
416
416
417
416
416
416
417
417
418
418
424
420
419
421
422
423
423
423
427
424
424
427
424
426
427
428
427
427
427
430
430
428
432
430
431
431
430
430
429
429
429
428
429
429
430
429
430
431
431
429
432
430
433
437
431
431
430
430
429
429
430
430
430
429
429
430
431
433
430
432
433
430
430
432
432
432
432
433
432
434
433
434
435
435
436
435
434
432
433
430
430
431
429
430
431
430
432
432
432
432
432
445
435
434
434
435
433
434
431
431
430
430
430
431
430
430
430
430
430
430
430
429
428
428
427
426
426
426
426
425
426
425
426
427
427
428
427
427
427
426
426
425
426
424
424
424
423
423
422
423
423
423
425
429
426
424
423
426
422
422
422
421
420
422
421
423
421
421
422
423
427
423
423
425
423
424
424
422
423
424
423
422
423
422
424
424
428
423
424
430
423
422
421
420
419
419
419
419
419
418
417
419
417
418
419
418
420
421
419
421
421
423
422
423
422
423
426
430
431
429
433
432
433
431
431
431
429
429
430
428
427
426
426
425
425
425
425
425
425
426
425
425
424
424
422
422
420
421
420
420
420
421
420
427
421
422
423
421
422
421
421
420
419
420
419
420
419
418
421
420
427
420
421
420
420
420
421
417
416
416
423
414
416
413
413
414
416
415
415
414
415
415
418
417
414
413
413
412
413
412
414
410
411
412
413
412
412
412
412
411
411
410
409
409
407
407
407
407
408
408
406
407
407
405
407
407
408
406
405
404
403
404
402
403
402
402
402
402
401
403
403
403
401
403
401
401
400
398
398
397
398
399
398
406
398
398
399
399
400
399
398
399
397
398
397
395
397
396
396
397
400
400
397
397
400
401
401
403
403
403
403
405
405
406
407
410
412
411
412
412
414
414
414
414
412
413
414
415
417
418
418
419
421
421
421
424
424
424
426
425
426
425
424
423
424
421
421
421
420
420
420
420
420
420
420
421
421
419
419
418
416
418
416
416
414
414
414
412
413
413
416
414
416
416
416
415
414
413
412
412
411
412
411
419
412
412
411
412
412
418
412
412
413
410
410
408
408
408
407
406
414
406
406
404
407
406
407
406
406
404
405
404
404
403
401
402
401
403
402
402
402
402
401
403
401
403
403
400
399
399
398
398
400
397
397
398
397
397
396
397
397
398
397
397
397
395
394
394
394
393
392
393
393
392
393
394
394
397
398
397
398
398
399
398
397
395
398
397
398
396
395
396
395
397
400
397
396
396
395
395
392
393
392
397
391
391
391
391
391
391
392
393
391
391
391
390
389
387
398
398
397
389
387
384
384
399
403
405
404
403
400
399
393
391
391
391
391
390
389
388
389
389
388
390
391
391
391
391
388
388
386
386
384
385
385
385
384
385
384
384
386
386
386
386
386
386
385
385
384
385
385
386
385
388
388
389
389
392
395
396
395
397
401
395
394
393
393
394
393
394
395
397
395
396
395
396
397
396
397
396
397
395
395
401
395
392
392
393
392
392
391
391
391
392
392
392
394
393
392
392
392
387
387
386
388
388
387
387
386
386
386
385
386
386
387
386
388
385
386
382
383
381
382
382
383
380
381
379
380
382
381
382
382
381
382
380
379
378
377
378
378
376
378
380
381
382
383
383
383
384
392
384
384
384
381
383
381
381
381
382
381
380
381
380
381
383
388
386
387
384
385
383
383
384
384
384
384
385
385
386
386
385
385
392
388
384
387
385
385
384
384
385
385
385
386
386
389
393
393
381
370
363
368
370
372
373
371
372
365
362
360
359
369
377
377
380
380
384
383
375
372
372
373
371
371
370
368
370
371
370
371
371
373
372
373
376
375
375
382
374
375
375
373
373
373
373
372
371
372
372
373
372
375
374
374
374
374
372
370
371
370
370
369
370
368
370
369
370
370
371
371
370
369
368
369
368
366
366
368
366
366
372
366
372
371
367
367
373
367
367
365
364
363
362
363
363
363
362
363
363
362
364
363
364
371
363
363
363
360
361
360
357
361
360
360
359
360
360
361
360
361
361
360
359
358
358
356
356
357
364
357
357
357
356
357
359
359
359
358
359
359
359
359
357
358
357
357
359
358
357
358
358
359
360
360
361
362
362
359
360
361
361
362
361
364
364
364
365
365
365
366
366
367
367
366
365
364
364
362
364
362
363
364
369
364
366
363
367
365
367
368
368
367
365
365
363
365
364
365
366
370
365
365
366
367
368
368
366
365
366
365
364
363
363
362
362
362
369
362
363
363
364
363
365
364
363
362
360
358
360
359
360
360
358
359
360
360
359
361
361
360
361
359
358
357
357
356
356
357
356
357
356
357
357
358
358
359
359
358
359
357
356
354
355
354
355
354
355
353
353
352
354
355
356
356
355
355
353
355
352
352
352
353
355
351
352
351
350
352
353
353
355
353
354
353
353
351
351
352
350
355
349
349
348
349
355
350
350
351
351
351
350
350
348
349
346
347
347
346
345
347
346
347
345
347
346
347
348
348
349
349
346
346
348
348
350
349
349
347
347
347
347
348
349
347
348
349
348
347
347
345
344
346
345
346
346
346
347
346
346
347
346
347
348
348
346
345
344
345
344
344
344
343
343
342
344
343
345
344
345
344
344
344
351
342
343
342
342
342
342
342
342
343
345
343
343
344
344
345
342
348
340
341
341
340
341
340
342
341
341
340
340
340
341
341
339
338
339
340
340
340
339
338
338
338
339
340
338
337
338
336
337
337
338
340
341
341
342
341
341
339
341
341
340
339
338
340
339
342
344
347
348
351
352
359
363
363
365
365
366
364
365
364
374
368
372
376
380
382
385
384
385
385
387
388
389
387
388
386
384
386
387
390
401
401
394
395
394
395
394
394
392
393
392
390
390
388
387
387
386
393
389
390
392
392
393
391
392
392
391
391
389
387
386
387
388
388
390
393
394
393
395
395
396
395
394
395
401
392
390
389
388
388
388
390
392
391
393
394
392
393
393
393
394
392
393
392
389
389
390
390
389
393
394
394
396
396
396
397
398
397
397
398
395
394
394
394
393
395
397
399
400
405
400
400
400
400
400
398
397
397
395
394
402
394
392
394
393
395
397
396
395
396
396
397
395
395
393
392
390
398
389
389
391
391
393
394
394
393
392
393
393
393
391
390
388
386
385
384
385
386
388
388
391
392
391
392
391
393
393
392
392
390
387
387
386
387
387
387
389
389
390
391
390
389
388
387
387
386
385
384
381
380
381
382
383
383
384
386
385
387
385
384
393
384
383
381
380
377
378
378
377
379
379
381
381
383
383
382
382
382
382
381
384
375
376
376
375
374
377
377
379
380
381
380
380
380
378
380
377
381
374
373
371
370
371
374
372
374
376
377
376
376
375
376
375
376
374
373
371
369
369
367
369
368
369
369
372
373
373
372
373
373
372
372
371
369
369
368
366
365
365
364
366
366
369
369
369
369
370
369
370
369
370
374
371
368
366
365
363
364
365
365
366
368
368
369
369
369
369
369
369
368
368
368
365
363
362
363
362
362
363
364
373
367
367
367
366
367
367
368
365
365
366
365
363
362
366
368
369
373
372
373
373
373
375
374
376
375
375
375
374
376
376
375
379
380
382
386
390
396
400
407
411
419
431
438
442
449
464
477
490
496
506
509
512
515
520
530
535
545
546
559
564
566
567
579
595
608
609
610
609
608
610
611
609
612
619
621
621
624
623
624
630
630
629
629
636
638
639
640
644
646
645
645
646
646
647
647
646
645
643
642
644
640
638
636
634
631
627
625
621
621
620
619
620
621
621
619
619
625
614
614
616
614
611
609
609
607
606
607
605
606
606
606
606
607
608
608
607
606
607
611
609
607
604
603
599
598
598
604
599
597
599
600
598
599
597
595
597
597
598
600
602
605
609
615
620
627
634
642
651
661
666
672
675
680
683
683
681
681
679
679
676
672
668
667
664
662
662
664
667
668
673
677
680
685
689
691
695
697
696
695
703
692
690
687
688
689
685
683
681
678
677
673
668
664
661
659
657
663
653
654
654
647
627
618
619
649
653
660
659
657
657
658
660
659
657
660
653
653
653
652
651
650
649
648
648
647
645
645
646
645
646
647
649
651
652
655
655
657
659
661
662
664
662
661
658
659
657
656
655
652
651
649
647
647
646
644
646
644
643
642
642
643
644
644
642
645
644
643
643
643
642
643
643
642
643
641
640
638
637
638
643
635
634
634
632
627
626
626
626
624
619
615
619
624
626
622
623
626
619
618
617
616
616
614
614
612
619
611
609
608
609
608
606
605
606
605
604
604
602
602
600
600
596
595
595
593
593
592
592
590
587
588
588
587
584
585
583
582
586
587
587
586
585
584
584
584
582
581
581
580
576
576
573
572
575
576
577
580
584
584
580
584
586
587
588
592
594
596
601
601
599
599
600
601
605
610
616
623
631
643
663
672
691
694
705
723
728
741
756
759
762
775
780
778
785
783
783
791
784
791
789
787
786
782
779
775
772
768
767
764
760
756
751
746
743
741
738
734
733
729
726
724
721
719
716
712
712
709
705
704
703
708
701
699
700
696
695
697
694
691
690
690
687
688
686
685
685
682
682
679
681
679
677
677
676
674
673
673
672
671
670
670
668
673
669
668
667
666
664
665
663
664
664
661
663
661
660
659
659
657
661
655
656
654
653
658
655
658
661
666
670
674
677
682
686
687
691
691
692
692
695
693
696
693
695
693
693
694
693
693
696
697
698
698
698
700
699
698
698
698
697
698
697
695
694
693
691
689
689
688
688
688
686
685
683
679
679
679
678
677
676
676
675
672
673
672
672
670
669
668
668
666
666
666
666
665
663
663
663
662
661
661
661
660
660
660
655
655
655
656
659
658
661
672
667
670
677
685
690
699
714
726
739
749
756
765
770
782
787
789
793
801
800
797
792
789
785
785
780
778
781
782
779
776
775
773
770
766
767
765
761
763
761
759
757
755
753
753
752
753
751
751
751
752
752
747
744
746
745
743
740
738
736
734
732
731
731
729
728
728
726
725
725
723
721
720
718
717
713
712
710
710
709
709
707
705
704
703
702
702
699
703
697
698
695
693
691
690
688
685
685
684
683
682
680
681
681
678
677
678
682
675
674
673
671
669
667
667
666
665
666
664
663
662
661
661
659
663
657
655
655
653
652
650
649
647
645
646
644
643
643
642
642
640
640
639
638
636
635
633
635
633
634
632
632
631
629
628
627
625
626
624
624
623
621
621
619
617
618
616
615
611
612
610
608
608
606
607
607
608
605
603
605
601
600
599
599
596
596
595
590
593
590
591
590
588
587
588
586
585
585
583
583
582
581
581
578
576
576
576
581
574
573
573
571
572
572
571
570
569
569
569
569
566
566
563
561
563
559
559
557
555
557
555
555
553
554
553
552
551
551
549
549
548
549
546
544
543
544
543
542
543
543
542
542
541
540
540
539
538
539
538
537
536
535
537
533
537
532
532
539
533
530
530
530
529
529
528
527
527
524
525
524
524
524
522
524
524
527
526
529
532
531
532
533
536
537
538
539
537
533
534
535
534
534
537
541
545
546
547
551
545
547
548
548
549
547
545
546
544
542
541
541
539
539
540
540
544
538
537
538
537
535
536
534
535
533
532
529
530
528
529
528
529
529
529
529
526
528
526
526
524
526
525
524
522
522
520
524
519
520
518
519
520
520
519
520
513
512
513
512
512
512
509
507
508
508
508
508
506
506
505
505
505
504
503
503
502
502
500
501
500
499
498
500
498
497
499
499
500
500
502
505
505
506
507
510
512
513
516
518
519
521
521
520
522
521
520
521
521
522
520
520
519
518
518
518
519
516
517
515
514
514
513
513
514
512
512
510
512
509
509
509
509
507
508
509
506
508
505
504
504
503
503
503
503
503
503
503
501
501
499
500
499
498
499
498
497
498
495
496
495
496
494
496
495
494
494
493
492
490
492
491
492
490
489
492
489
490
488
488
487
485
485
486
485
484
483
484
484
483
483
483
482
480
481
480
480
481
480
487
481
479
479
478
478
478
479
477
477
475
476
476
476
474
473
473
475
472
471
471
472
471
470
473
468
469
467
468
467
468
467
469
466
466
465
464
465
465
464
464
463
463
463
462
463
462
461
462
459
460
458
457
458
457
458
458
455
456
455
456
455
454
455
453
453
454
453
453
452
451
451
450
450
450
449
449
448
447
447
448
446
447
446
446
448
445
445
443
443
443
444
443
442
442
440
441
440
439
443
443
439
439
438
440
438
437
437
437
444
436
436
443
434
432
435
434
439
433
431
431
431
430
430
430
429
429
427
429
427
427
424
427
426
426
426
426
425
425
424
425
423
425
423
421
423
422
421
423
420
420
421
420
419
419
418
417
418
418
417
416
415
416
416
416
416
416
414
415
413
412
413
412
413
412
412
413
411
411
410
411
409
408
409
409
408
408
408
407
407
407
407
406
408
405
406
404
405
404
404
409
404
402
402
403
404
403
403
402
403
403
402
400
401
401
400
400
407
399
398
398
397
399
397
399
398
398
397
399
395
396
395
396
395
395
394
395
393
393
393
393
392
393
393
390
393
392
391
391
390
391
391
391
390
391
391
390
392
390
390
390
391
391
390
390
391
390
391
389
390
390
389
387
389
388
390
388
389
389
389
387
387
388
388
387
392
387
385
386
385
387
385
386
385
385
384
385
384
382
384
387
385
384
383
385
385
384
384
383
381
383
381
382
383
382
382
382
388
381
380
381
380
379
380
379
378
380
380
379
379
378
378
378
379
378
378
378
379
378
376
377
377
377
377
379
375
377
376
375
375
375
377
375
375
375
375
374
375
375
374
375
374
373
373
373
373
375
372
373
373
371
372
372
376
373
372
371
372
370
371
371
369
370
370
368
370
369
368
370
368
368
368
370
369
367
368
367
367
367
368
372
368
368
367
366
366
366
365
365
365
365
366
365
364
362
365
364
368
363
363
363
364
363
363
363
362
361
362
361
362
361
361
361
360
360
360
360
360
360
359
360
360
358
360
358
358
358
360
358
358
357
358
358
356
358
364
358
357
361
357
356
356
356
356
357
356
356
356
356
357
356
356
356
356
356
355
355
355
355
354
355
355
355
354
354
354
354
353
354
355
353
355
354
353
352
352
353
353
352
353
355
353
352
352
352
351
351
351
352
351
350
350
350
351
350
351
350
357
348
349
348
348
349
349
348
348
347
347
348
348
347
348
346
347
347
345
346
346
346
345
345
348
344
352
345
346
345
347
346
345
344
344
345
344
344
344
344
343
343
343
342
342
342
341
342
341
342
341
341
340
341
341
342
339
340
340
339
339
341
339
339
337
337
338
339
338
338
338
338
336
336
336
337
337
336
336
337
336
335
336
341
336
335
336
335
334
336
334
336
333
334
335
335
334
332
332
333
337
331
331
332
331
332
332
332
332
332
331
340
331
331
334
330
331
330
330
329
331
330
330
331
329
328
328
329
330
329
330
330
329
329
329
329
327
329
328
327
328
329
327
328
327
327
327
327
327
327
328
327
326
326
327
326
325
327
326
325
326
325
326
326
325
325
325
325
325
324
324
326
324
325
326
326
322
323
323
322
324
323
325
328
325
323
322
323
322
323
322
322
321
322
322
321
322
322
323
325
325
320
321
320
321
320
319
322
318
319
319
320
318
320
320
319
318
318
319
317
318
316
319
317
318
318
317
318
318
317
316
317
316
317
316
316
316
316
316
315
315
316
316
316
315
315
314
314
315
315
314
315
315
313
313
314
313
314
314
313
313
313
313
313
313
312
313
312
314
312
313
312
312
313
312
312
312
313
311
312
311
317
312
317
320
312
311
311
311
310
310
310
310
311
310
309
310
310
309
309
314
308
308
310
308
309
307
308
308
307
307
308
308
308
307
307
306
307
306
306
307
307
307
305
307
308
305
306
307
305
305
306
306
306
305
304
305
304
304
304
304
304
304
304
304
303
304
304
304
304
304
303
304
304
303
302
302
302
302
301
302
302
302
301
301
301
307
300
300
300
300
300
301
299
300
299
300
300
299
299
300
298
300
303
299
298
299
299
299
299
299
298
297
299
298
298
297
296
297
297
301
298
296
297
295
296
297
297
296
296
296
295
295
294
296
296
294
294
294
294
294
294
296
294
292
294
294
293
293
291
292
293
292
292
291
291
291
292
292
292
290
291
291
290
292
290
290
290
291
290
290
294
290
290
288
289
289
288
289
288
288
288
289
288
289
286
290
287
288
288
288
287
288
286
287
287
286
287
286
285
286
286
288
292
285
285
285
285
286
286
285
285
284
284
284
283
284
284
285
284
288
285
284
282
282
282
283
282
283
281
282
281
282
282
281
281
279
280
281
281
280
282
280
280
280
282
278
280
280
279
278
278
277
279
277
277
277
276
277
281
277
277
277
274
276
276
277
276
277
276
276
275
275
275
275
275
275
276
274
275
275
274
272
274
277
273
274
274
274
274
273
273
275
273
273
273
274
274
274
273
273
273
272
279
273
274
274
272
274
270
272
273
272
273
272
272
271
271
271
270
273
271
271
272
273
273
274
276
275
276
278
280
290
294
295
298
299
299
299
301
303
304
305
307
314
322
324
324
327
329
340
336
339
343
344
346
351
355
357
359
360
363
365
368
369
371
372
374
377
377
377
377
377
377
380
379
381
381
383
383
384
386
386
386
384
385
384
383
384
382
382
382
382
385
396
399
398
400
400
400
400
399
401
404
400
398
397
395
394
392
392
390
390
388
387
387
386
386
387
388
394
388
385
384
383
381
381
380
381
381
379
378
377
376
377
376
376
377
383
377
376
385
375
375
374
373
371
371
370
371
368
369
369
368
368
367
368
368
371
368
367
368
368
366
365
363
363
364
362
362
361
361
360
359
360
360
360
363
361
362
360
360
359
357
357
357
356
356
356
354
354
355
355
354
356
356
356
355
354
355
353
352
352
357
350
350
350
349
349
348
349
348
348
348
347
350
351
349
348
350
351
347
344
344
341
343
345
343
341
347
341
341
342
342
343
343
342
343
341
340
341
341
340
336
338
337
336
337
336
338
335
336
337
339
340
340
341
342
341
341
340
340
339
338
338
338
339
337
338
338
337
338
337
338
338
338
337
339
339
337
338
335
334
335
335
334
335
333
334
333
334
335
337
337
338
338
339
339
338
338
337
338
337
347
339
340
341
341
342
344
346
349
349
353
361
359
361
363
366
367
373
372
375
382
393
398
404
406
410
413
418
422
429
433
437
441
443
443
446
444
445
445
444
445
444
444
444
444
445
446
445
446
446
447
453
454
455
455
454
454
454
457
456
456
454
452
452
450
449
447
446
446
446
448
446
448
449
449
447
449
448
448
448
448
448
446
445
445
444
444
443
441
441
440
440
437
436
436
434
436
432
432
430
436
429
427
427
426
426
426
425
426
426
425
424
423
421
420
421
417
424
415
415
415
414
415
414
414
413
415
414
415
416
417
413
413
412
412
410
409
410
408
408
407
408
408
408
410
409
408
408
409
409
409
409
408
407
405
404
405
404
403
402
402
402
402
400
403
402
402
403
404
404
403
402
401
400
399
398
396
398
403
396
397
404
398
396
396
396
397
395
398
396
395
394
393
393
392
392
390
389
389
389
398
390
389
391
390
390
390
391
390
389
388
388
386
386
387
384
384
390
383
383
382
381
382
384
382
380
382
383
383
381
381
379
379
378
378
376
377
376
376
378
376
375
374
375
375
374
376
376
376
375
374
371
371
371
371
371
370
370
370
369
370
370
369
375
370
371
380
371
371
370
370
367
367
367
364
365
365
365
364
363
363
364
365
365
366
365
365
365
365
365
362
362
361
362
361
361
360
361
358
361
367
363
361
360
361
361
360
360
357
358
357
356
355
356
356
355
355
358
360
355
356
363
355
355
355
354
353
352
352
352
352
351
350
349
349
352
351
353
353
354
354
354
353
353
352
350
351
350
350
352
350
348
349
349
353
348
349
352
350
352
352
349
348
348
345
346
345
346
345
345
344
345
345
345
346
346
346
347
348
346
344
347
345
343
343
342
341
342
341
341
341
342
342
342
343
344
344
344
343
342
345
341
338
340
338
339
340
339
338
339
338
340
340
341
342
342
340
346
339
337
336
336
335
335
336
335
335
332
336
335
335
336
337
337
336
336
335
335
333
333
333
331
336
332
332
332
332
333
332
333
334
333
332
332
331
332
331
330
330
329
330
329
328
329
328
329
329
328
330
330
330
330
330
329
330
328
328
327
327
328
326
327
328
328
327
327
330
329
327
329
329
328
327
326
326
326
326
327
327
326
337
328
328
335
329
327
328
330
329
329
329
328
327
326
328
326
326
326
326
326
332
328
326
328
328
329
327
327
330
329
332
328
327
328
330
331
331
330
329
329
328
330
330
330
331
334
336
339
343
347
351
353
357
364
373
384
387
392
400
405
408
411
411
413
417
417
421
425
426
427
429
426
426
427
423
423
423
421
421
422
421
421
421
421
421
420
421
420
420
420
419
418
416
416
415
414
414
413
411
411
417
410
410
411
408
409
408
407
406
406
406
404
411
402
403
401
400
404
398
400
396
395
396
396
396
396
396
394
395
393
392
391
390
389
387
389
387
386
386
386
384
384
385
384
384
384
384
383
383
380
380
379
378
376
377
378
376
376
375
374
375
375
373
374
374
375
373
372
371
371
369
369
368
368
367
367
366
366
366
366
364
366
365
365
364
365
364
364
363
361
362
362
360
359
360
359
359
364
358
358
368
358
358
360
358
358
357
356
356
356
355
354
353
353
352
354
352
358
351
351
352
350
352
352
351
350
350
350
349
348
347
348
347
346
346
346
347
346
345
347
347
347
346
347
346
345
344
343
342
343
342
342
342
341
342
341
341
340
340
341
341
341
341
339
339
338
338
337
338
337
335
336
336
335
335
335
335
334
336
336
336
335
343
335
334
338
335
332
333
332
332
332
333
332
332
333
335
333
333
334
343
333
334
333
333
332
332
332
332
332
331
330
330
331
330
330
330
336
329
329
330
328
329
327
327
327
329
329
332
334
336
339
341
348
357
359
360
363
369
373
380
400
404
412
422
426
426
428
432
438
448
461
471
475
475
479
486
492
502
509
515
522
521
519
525
516
517
518
513
508
515
503
500
499
494
492
490
487
485
486
482
482
479
478
477
475
473
471
470
471
469
467
465
465
464
464
463
460
462
460
468
460
459
459
460
462
462
463
465
467
469
470
471
471
471
472
475
481
477
478
478
480
481
481
483
480
478
480
477
474
475
472
470
468
465
464
463
462
462
462
459
460
457
458
457
456
454
460
452
452
452
450
449
449
447
449
446
446
446
445
445
443
443
445
448
448
452
456
464
470
475
480
486
492
494
497
498
501
501
512
523
522
522
519
522
521
520
518
516
514
513
512
511
510
508
509
506
506
505
504
507
505
500
500
499
498
497
495
495
494
495
494
492
492
492
491
489
489
493
487
488
487
487
487
486
486
487
488
490
494
497
498
500
502
504
506
507
507
507
508
507
507
506
510
503
502
502
499
499
498
498
496
496
495
495
493
492
494
490
487
489
487
487
486
486
484
483
484
484
483
482
483
482
481
487
485
325
2
109

112

112

112
2
108

112
1
113

111
1
110

112

113
2
117

113

113

112

110

113
1
112
1
111
1
118
1
110

110

113
2
113
2
647
534
521
514
509
512
503
500
497
499
501
498
498
496
495
495
495
493
493
491
490
489
489
487
487
485
484
484
482
481
480
480
479
479
479
479
475
477
477
477
475
475
474
474
473
471
472
471
470
469
469
470
469
470
469
467
469
468
467
466
466
464
465
463
462
462
461
463
460
461
462
461
461
460
464
461
461
460
461
460
460
459
457
456
456
457
455
456
456
457
454
455
454
453
453
454
456
450
452
450
449
451
448
449
449
448
449
448
448
448
446
445
446
445
445
443
443
443
441
441
442
442
442
442
441
438
441
440
440
440
439
439
439
436
436
438
436
436
437
436
438
438
438
437
439
441
441
446
446
451
452
455
458
463
462
465
467
470
471
474
477
480
481
481
484
487
487
490
494
495
493
496
498
498
503
501
502
501
502
503
502
499
500
501
498
499
497
501
495
494
495
499
493
492
492
492
493
493
491
490
490
488
489
489
488
489
488
486
485
484
484
483
483
483
483
482
483
482
482
482
482
483
481
483
482
479
480
480
482
480
479
479
479
476
476
476
474
478
477
475
474
474
472
474
473
471
471
470
471
472
473
475
479
480
483
484
490
492
496
499
502
505
505
506
509
509
510
514
515
517
517
519
519
518
522
524
516
516
516
516
515
516
514
516
517
518
514
516
515
515
515
516
513
513
513
512
514
510
510
508
507
506
506
506
506
505
502
504
504
505
503
502
503
502
501
501
499
500
499
497
496
496
496
495
495
495
495
495
495
493
492
492
492
491
491
489
489
488
487
487
487
487
485
488
489
489
489
489
490
488
489
490
488
487
490
486
485
485
484
484
488
483
483
488
482
483
481
480
481
481
479
480
481
479
482
482
480
479
480
476
477
478
478
478
477
477
478
476
476
476
477
479
476
475
477
473
472
471
472
471
472
472
471
470
471
469
470
469
469
467
468
468
467
467
467
465
465
465
465
466
466
466
465
465
463
463
463
462
461
462
461
459
460
460
457
458
458
458
458
457
456
457
457
455
454
455
454
454
461
453
451
451
450
450
451
448
451
448
448
449
449
448
447
448
447
447
447
445
446
443
443
442
441
442
451
440
441
440
441
441
440
439
440
438
437
438
437
437
435
434
435
438
432
433
432
436
432
433
433
432
433
431
430
430
430
428
428
428
426
426
425
425
425
426
426
424
424
424
424
424
422
423
422
422
421
420
421
420
418
417
419
417
419
423
418
418
417
417
417
417
416
418
413
415
413
413
412
412
411
414
411
411
413
414
414
415
417
416
416
416
417
415
416
413
413
411
410
412
412
411
413
411
412
411
419
410
410
409
409
409
408
408
406
408
406
405
403
405
405
405
405
409
404
404
402
404
404
401
401
400
399
399
400
401
400
399
399
397
397
396
396
392
393
398
403
406
412
418
424
433
449
467
467
474
484
496
507
522
532
557
578
610
635
653
679
700
726
738
747
763
768
773
775
789
800
807
811
821
832
841
849
859
866
869
877
879
876
873
869
864
865
863
861
860
856
855
851
848
845
841
838
837
833
828
829
821
824
813
809
805
798
796
797
787
784
781
778
775
770
769
771
770
768
769
765
760
756
754
750
750
748
745
743
739
740
735
735
734
733
735
733
731
736
725
724
721
718
717
714
713
711
708
711
710
711
710
713
715
717
725
727
726
725
724
722
722
721
721
717
714
710
708
706
709
706
701
697
697
694
692
688
684
682
678
679
678
677
677
678
679
679
681
681
681
680
678
678
675
671
671
670
667
665
663
668
659
656
654
653
654
652
648
645
645
642
638
638
634
635
634
634
634
632
631
625
623
622
623
618
616
621
614
623
623
623
621
620
620
617
617
615
616
615
615
615
612
611
609
608
607
605
604
602
593
592
591
589
587
586
588
589
589
587
586
587
585
585
583
582
580
579
578
577
576
574
575
574
574
573
571
573
572
571
570
569
566
567
565
565
563
566
563
561
561
560
559
557
557
557
554
555
554
555
554
558
552
552
550
547
549
549
548
555
545
544
545
544
542
543
543
540
546
539
537
535
534
533
530
530
530
529
527
525
526
524
525
526
525
524
524
524
522
522
520
520
518
516
517
515
517
516
515
515
515
514
513
514
513
513
512
512
510
510
509
507
504
502
504
503
501
502
502
501
499
499
499
499
500
501
499
498
498
496
497
495
494
494
493
493
492
493
491
491
491
498
491
491
490
489
489
489
488
487
487
489
486
485
486
486
487
486
487
486
488
487
489
490
491
490
490
489
493
486
484
486
484
483
483
482
484
484
485
487
493
496
501
506
512
515
518
525
528
531
535
537
552
555
558
560
560
561
560
560
560
559
556
558
558
557
557
556
556
558
559
561
564
569
570
575
576
582
586
590
596
599
597
598
601
599
607
601
601
600
602
602
601
599
599
598
597
597
596
595
594
595
592
591
591
590
589
587
588
590
588
595
589
589
589
589
588
589
589
590
590
589
588
587
587
587
586
587
588
583
584
582
582
580
581
580
580
580
579
579
576
577
574
574
573
572
572
571
570
570
568
569
568
568
569
567
568
569
566
565
565
564
564
563
562
561
562
561
564
559
559
557
556
558
561
559
557
558
558
556
556
556
553
554
552
551
553
552
552
552
551
553
553
554
555
558
561
563
568
571
575
577
583
583
585
590
593
594
599
603
607
610
608
609
607
608
608
606
605
604
601
599
599
598
598
596
596
597
598
594
593
594
593
594
594
594
590
592
591
590
590
588
589
587
586
586
585
585
586
585
592
586
586
588
587
589
589
588
589
588
588
587
586
587
586
586
586
587
586
587
585
588
589
588
590
593
590
589
587
589
587
586
585
583
585
583
582
583
584
584
583
582
583
583
582
582
581
581
579
579
579
579
577
578
579
578
576
576
575
576
576
585
576
575
573
575
573
572
570
569
570
569
569
567
567
568
565
566
571
565
565
565
568
565
564
564
562
561
560
561
558
559
559
558
557
557
558
557
556
556
557
556
556
555
555
554
553
552
552
550
550
549
549
548
548
548
547
547
546
547
546
546
547
547
546
546
547
544
544
542
540
540
541
540
540
541
541
540
540
541
541
544
540
541
538
539
539
538
538
539
539
539
539
538
540
539
538
538
538
538
538
544
538
538
544
536
533
532
533
532
533
530
532
530
530
530
530
530
534
531
529
530
528
528
527
527
526
525
524
525
527
525
524
526
525
525
525
524
523
523
523
522
520
521
519
518
519
517
517
516
515
515
515
515
516
517
513
515
514
514
513
512
512
512
512
510
509
512
510
509
508
509
509
512
512
509
510
509
509
506
505
505
504
505
503
504
504
504
504
510
504
505
505
504
504
503
501
502
498
498
499
504
499
498
499
498
497
497
497
499
499
498
498
498
496
496
495
496
499
494
494
495
493
493
494
495
494
495
495
496
495
495
493
492
491
489
491
498
502
503
502
502
501
502
501
501
501
503
501
500
500
500
499
497
499
496
497
494
497
495
497
497
497
498
498
500
501
501
498
497
497
496
495
495
500
495
495
494
495
494
493
495
495
495
493
497
495
493
492
491
491
490
488
489
489
488
487
489
488
486
489
492
489
488
489
488
489
486
486
485
482
484
480
482
482
483
483
482
488
481
482
482
480
482
481
480
480
478
477
476
475
475
475
475
475
476
475
474
475
475
475
475
473
475
473
472
470
471
470
469
470
468
470
470
469
470
468
472
471
479
471
471
470
471
467
469
468
467
466
467
467
466
466
465
465
465
466
467
466
465
465
465
463
462
462
460
459
461
460
461
461
460
462
462
462
463
462
462
463
462
463
467
463
463
466
464
467
468
469
474
476
482
490
503
512
517
526
531
544
552
565
575
583
599
605
613
621
639
657
663
669
679
681
682
685
683
682
680
679
679
680
680
674
674
681
669
668
665
661
661
659
660
658
657
655
653
649
648
644
645
642
641
639
639
637
636
633
633
630
633
633
632
629
628
627
623
621
621
621
621
618
617
616
616
616
615
615
613
614
613
611
610
611
608
608
605
604
604
602
602
601
607
600
599
598
598
599
595
595
594
593
589
587
589
587
583
584
583
585
580
580
582
579
579
581
577
577
575
576
577
572
569
567
566
566
566
565
564
562
563
559
562
561
561
559
557
558
556
556
555
553
552
553
552
552
554
552
551
552
552
551
550
551
551
547
548
548
546
545
544
545
541
539
539
538
536
536
535
533
533
533
532
534
533
531
532
529
529
528
527
525
525
523
525
524
524
521
521
520
520
519
524
519
520
521
518
517
518
517
514
515
517
512
512
512
510
511
509
516
509
510
512
513
516
518
522
522
525
527
528
532
533
536
537
539
541
543
541
542
546
546
548
548
546
548
547
546
545
545
544
544
541
543
541
541
542
542
541
541
541
542
541
541
540
537
536
535
535
534
532
532
531
531
531
532
533
537
538
542
547
552
554
560
562
565
567
568
571
573
574
574
575
576
580
583
587
598
597
602
605
608
613
611
611
611
612
611
611
613
615
614
614
615
615
615
616
613
615
614
613
611
609
611
610
609
608
607
606
605
604
603
604
604
603
602
602
601
601
600
601
600
602
598
597
594
593
593
592
594
591
591
590
590
588
587
589
587
587
588
588
585
585
587
585
585
583
582
582
583
582
580
580
578
579
578
581
581
581
587
580
580
577
577
577
575
574
574
573
572
573
572
573
572
573
575
574
574
576
575
576
576
580
574
574
571
571
570
569
567
569
567
567
568
569
574
576
579
580
584
581
582
584
582
583
584
586
589
589
590
591
591
591
591
593
596
597
600
599
602
603
603
606
607
607
609
609
610
613
619
625
623
624
624
624
623
624
621
627
620
618
626
615
612
612
611
608
609
608
607
605
603
603
603
603
604
604
602
600
602
600
599
600
598
598
599
597
598
597
597
597
596
595
595
595
597
596
595
595
595
594
593
597
589
594
589
588
589
586
586
589
587
585
589
585
587
593
586
586
585
585
584
582
580
582
580
580
578
578
578
577
577
578
576
581
576
575
579
574
571
575
570
569
578
568
567
573
568
567
568
566
567
567
568
567
565
566
565
563
563
561
561
559
560
559
559
559
559
558
559
561
558
556
560
559
558
559
558
561
564
567
576
583
592
604
615
626
646
658
672
690
702
724
732
747
756
765
770
773
771
773
776
777
771
769
765
761
759
754
752
751
748
746
744
741
740
737
735
732
734
726
724
726
720
717
719
715
713
713
709
709
708
709
708
706
705
704
702
699
699
696
695
693
693
690
691
689
688
687
688
686
685
685
685
685
684
678
680
680
677
678
675
675
673
672
670
670
669
667
666
668
665
666
664
662
661
661
658
657
656
654
654
652
651
650
649
649
648
647
645
646
645
644
644
643
643
641
640
638
640
640
641
646
642
647
642
643
643
645
641
640
641
640
641
641
637
635
634
632
637
629
629
628
627
625
625
624
625
622
623
622
620
623
621
620
618
619
616
616
615
613
612
611
610
609
608
607
605
608
606
605
605
605
603
602
604
600
600
598
597
596
595
594
593
592
591
591
591
591
590
589
589
590
589
587
586
585
583
583
581
581
581
580
578
578
578
584
578
576
575
576
576
577
576
574
572
571
571
570
567
567
567
574
566
566
565
563
563
563
564
564
563
563
562
561
561
561
559
560
563
560
558
561
561
560
563
562
561
563
561
561
565
567
566
563
565
564
564
562
562
561
561
561
561
559
560
557
557
555
554
554
554
553
552
552
552
551
550
547
535
535
535
532
533
531
539
528
529
532
531
529
528
530
526
526
525
522
523
523
521
520
520
520
518
519
520
519
518
518
519
518
519
517
518
515
514
513
512
513
512
512
512
518
510
513
510
512
512
512
510
510
509
508
508
507
506
505
504
504
508
502
502
501
500
502
501
501
503
502
501
501
499
498
498
496
496
495
495
495
492
493
493
493
493
492
494
495
493
491
492
496
489
489
489
487
488
487
486
485
486
487
486
487
486
487
487
483
482
481
481
480
479
480
479
477
480
479
478
478
478
478
477
478
479
477
478
477
474
475
473
475
473
472
473
473
472
472
471
473
471
473
474
481
473
472
472
469
471
470
469
469
469
467
469
468
468
470
469
472
471
469
467
467
466
466
465
464
464
464
463
462
462
465
462
462
463
463
463
463
462
463
462
461
461
459
459
458
459
457
458
458
458
458
455
458
459
460
460
461
462
461
460
463
461
461
463
464
465
465
466
470
470
472
473
477
479
479
482
482
482
482
483
481
482
480
481
478
480
481
479
479
478
480
479
482
483
482
483
482
481
481
