221
227
218
220
217
219
219
220
224
230
239
240
242
240
234
228
223
219
226
217
216
225
218
221
222
227
236
241
240
239
233
226
223
218
219
215
216
216
218
226
223
225
230
240
240
238
234
230
235
219
216
220
215
214
228
220
221
234
229
234
240
240
238
231
224
220
214
215
216
215
215
216
217
219
228
224
238
241
234
229
225
219
215
215
213
215
214
216
217
222
224
234
237
237
236
231
224
216
216
214
212
223
212
216
216
220
224
235
236
236
234
229
222
216
214
214
214
214
220
216
216
222
227
235
238
236
232
226
221
213
215
212
211
214
213
217
217
224
230
234
237
234
231
225
220
225
214
212
226
215
213
226
218
225
231
234
234
231
226
220
215
210
211
212
212
213
215
217
221
228
233
234
234
233
225
219
216
212
209
212
212
214
211
215
220
224
232
236
236
233
230
222
218
215
214
214
213
212
214
216
219
237
229
235
236
233
230
225
220
215
214
213
214
219
221
221
221
226
239
236
239
237
235
233
224
218
216
226
214
212
214
216
216
221
229
235
244
237
234
239
220
218
214
212
211
214
218
217
219
222
231
236
239
236
232
230
220
213
217
215
212
214
212
214
218
225
232
226
225
224
223
218
215
211
214
215
214
214
214
214
220
229
235
232
229
225
217
215
212
211
214
215
216
219
220
224
228
226
223
221
220
222
216
214
216
216
216
217
220
220
220
224
225
222
223
221
217
216
224
214
217
215
217
217
219
219
220
232
218
218
227
217
215
220
217
219
218
219
217
220
218
219
219
217
216
216
217
218
217
219
222
219
220
220
220
220
217
216
216
217
214
216
216
216
216
217
219
218
215
216
213
211
210
219
228
234
233
230
224
220
213
208
209
208
208
209
209
210
215
224
231
231
222
219
214
216
215
219
216
217
217
227
217
217
218
218
216
215
214
216
215
215
217
216
206
208
207
208
221
221
217
223
214
215
228
215
216
215
217
217
218
217
215
217
217
216
214
216
215
214
214
215
215
216
217
217
218
217
216
216
216
216
214
212
213
213
214
215
216
218
198
204
205
216
215
215
216
214
214
216
217
211
213
213
213
214
215
215
215
214
216
215
213
214
214
212
215
212
213
213
214
214
215
215
214
214
214
214
214
212
212
222
213
211
212
214
223
216
215
223
214
215
218
214
214
227
210
210
228
212
212
212
213
214
214
213
214
213
215
213
212
213
212
211
212
211
210
214
213
214
214
213
214
213
214
216
213
212
212
210
211
211
213
212
212
215
213
214
213
214
214
215
213
212
213
210
209
209
210
211
211
213
213
214
214
215
212
213
213
213
212
213
211
211
210
211
213
214
213
215
213
211
212
215
213
213
213
217
211
210
217
218
214
220
212
215
213
213
212
213
213
214
214
211
207
211
229
227
226
211
205
203
203
203
201
205
207
205
214
220
225
229
227
223
218
211
206
202
203
202
202
205
205
204
215
222
228
230
228
222
215
207
205
199
202
201
202
202
206
210
216
222
228
225
230
220
213
208
203
202
201
204
201
203
206
209
217
224
230
228
224
219
213
204
204
200
202
203
212
206
206
218
221
226
227
228
223
216
206
202
202
209
201
201
204
204
209
215
225
228
227
226
216
211
205
201
202
201
218
202
202
207
213
222
228
229
226
220
212
206
202
200
199
200
204
204
205
211
220
226
226
224
219
215
206
202
202
203
201
201
202
206
213
223
227
228
224
217
210
203
200
201
200
201
202
203
205
217
223
228
226
222
214
208
200
201
210
200
200
211
205
209
228
224
226
225
220
211
203
201
198
198
199
201
202
204
211
219
222
224
222
231
210
204
200
200
200
200
198
202
204
212
221
224
226
223
215
211
214
200
197
201
200
200
200
204
208
221
223
226
221
216
210
206
203
201
200
201
200
201
202
209
214
221
222
223
218
209
206
200
198
199
199
200
202
205
208
218
225
230
231
228
222
218
218
217
218
230
220
220
231
229
239
253
248
250
245
238
231
229
229
228
233
230
233
235
244
254
261
263
263
256
252
247
246
247
255
254
257
260
261
276
278
282
285
279
274
267
261
260
266
265
269
269
271
274
283
291
298
292
288
279
277
268
266
265
265
266
268
270
274
282
288
290
289
282
274
266
264
264
262
262
264
265
267
274
282
288
286
283
275
269
262
260
258
261
259
261
276
264
269
288
282
284
292
275
265
256
258
257
257
257
259
257
261
268
276
279
280
276
270
261
257
254
256
254
254
254
257
260
264
273
276
277
272
266
258
252
250
250
249
261
256
254
270
267
272
275
274
268
262
253
249
247
247
247
249
251
251
256
265
281
273
271
265
258
252
248
246
246
246
246
248
248
254
262
268
272
269
265
257
251
245
244
245
243
245
246
247
264
256
265
280
269
263
271
249
244
241
250
242
244
242
245
247
258
265
267
266
261
251
245
239
240
239
237
239
240
245
251
258
262
262
260
251
245
238
237
236
237
235
238
239
248
254
261
263
260
252
246
239
247
236
236
238
239
239
242
252
259
264
261
256
248
241
238
238
238
244
236
238
242
249
257
262
261
258
250
244
237
237
234
235
235
239
240
251
256
264
260
258
250
241
246
235
233
247
232
236
247
247
254
259
257
253
245
239
232
234
232
231
232
235
237
242
253
258
257
250
245
237
232
232
227
228
230
232
234
240
248
256
256
253
248
241
232
230
229
228
228
230
230
233
242
248
253
253
250
243
237
231
235
230
228
231
230
232
235
242
249
254
252
246
241
232
229
228
228
233
228
229
231
240
248
252
252
248
241
236
227
225
225
226
228
229
229
234
250
248
253
262
243
237
238
226
225
225
224
227
226
232
237
244
249
251
246
240
232
227
224
225
226
225
229
228
231
241
247
248
247
244
236
230
224
222
223
225
224
226
225
231
238
247
246
247
241
235
228
224
220
224
221
220
227
228
228
241
247
247
244
240
241
226
221
220
219
222
221
221
226
232
239
246
248
244
237
232
227
233
221
221
220
221
223
225
232
237
245
246
240
235
241
223
219
227
219
217
226
220
226
232
239
244
244
238
234
229
218
218
217
217
218
220
222
226
235
242
243
242
236
229
223
218
217
216
217
217
218
220
226
235
239
240
239
235
226
221
217
217
215
216
216
218
221
227
235
240
239
238
230
225
218
216
215
215
216
216
221
224
228
237
251
237
234
228
222
217
213
213
214
214
217
221
224
232
238
240
237
243
223
219
214
228
212
214
223
217
220
236
234
239
241
235
232
223
217
216
213
215
214
216
217
219
229
234
238
237
233
228
222
216
211
212
211
214
214
216
217
222
233
238
238
236
232
224
219
212
212
212
211
216
218
219
226
232
239
239
236
231
222
216
213
213
213
213
210
216
219
226
235
236
239
233
225
221
213
213
212
212
213
214
229
221
230
237
237
236
229
221
214
212
210
214
212
213
214
227
222
235
249
235
233
235
215
212
210
210
210
209
212
215
218
229
235
235
234
228
221
214
209
208
211
210
210
213
214
222
233
233
233
229
224
217
210
208
208
209
210
210
211
219
226
234
233
233
223
219
212
208
208
209
209
209
211
214
223
226
233
233
229
223
214
209
209
207
209
208
210
212
220
228
231
233
232
225
219
215
209
205
209
209
222
210
213
218
228
233
233
233
228
223
214
212
219
208
210
217
209
220
215
223
229
234
233
230
221
216
210
209
208
208
210
210
212
215
224
230
234
233
231
223
214
208
210
206
208
207
209
209
216
225
232
235
232
228
220
211
208
207
205
206
206
209
211
218
224
228
233
231
223
218
211
206
204
206
208
208
208
213
218
227
228
234
229
223
217
210
207
205
204
206
207
210
212
219
228
232
231
229
223
217
221
208
207
208
205
206
222
211
217
235
232
233
231
227
219
210
205
218
205
205
206
209
210
215
223
229
231
229
225
221
216
208
205
204
206
206
208
210
214
218
228
231
233
229
223
213
211
207
206
206
206
207
212
214
221
227
234
235
233
229
223
218
212
210
210
212
213
211
214
217
226
232
235
237
235
227
221
215
211
211
210
212
212
213
217
219
229
233
236
236
231
224
217
213
212
211
213
213
212
214
228
226
230
245
238
237
228
222
214
212
211
212
213
213
214
215
218
239
231
237
234
229
226
218
213
210
209
212
211
211
212
214
220
225
232
235
235
231
224
217
211
208
209
209
211
212
212
216
221
231
236
236
236
227
224
217
210
209
208
208
210
210
209
215
221
230
233
236
231
225
218
216
213
206
207
209
207
213
214
217
224
230
234
232
225
221
217
209
207
209
207
209
209
212
228
225
231
244
234
228
230
214
208
208
205
206
210
209
212
218
227
232
233
231
226
219
214
219
208
209
206
205
209
209
213
222
229
235
234
230
225
219
212
209
207
206
207
206
209
214
218
226
231
232
230
226
220
210
207
208
208
207
207
210
210
215
225
232
233
232
227
222
215
208
208
206
206
208
210
214
214
220
228
234
233
228
222
216
211
205
207
204
204
207
209
211
215
223
241
231
230
237
221
214
223
206
207
212
204
206
217
211
215
226
230
230
228
226
217
210
207
205
204
205
206
205
206
226
221
227
230
227
222
217
208
203
203
202
203
203
206
208
213
220
225
231
227
223
219
210
206
203
204
202
204
206
207
209
215
226
229
229
228
222
214
207
204
203
202
204
206
204
207
212
220
225
229
228
226
219
212
207
204
204
203
205
203
206
208
214
224
229
231
230
224
216
213
205
206
204
205
213
204
208
224
219
225
229
230
227
228
215
206
205
204
204
203
206
206
209
217
224
232
229
226
218
215
215
204
202
202
205
204
207
210
216
224
227
226
224
219
212
206
204
204
202
205
207
207
210
217
227
227
228
224
220
214
208
207
211
209
208
210
218
224
234
241
244
247
245
241
235
232
229
230
233
240
240
243
246
256
261
265
264
263
255
244
243
240
239
244
243
243
246
256
261
266
268
279
259
253
256
242
245
241
242
244
246
247
254
274
264
264
261
256
246
241
239
237
241
242
242
244
251
258
263
262
273
253
247
242
238
242
240
240
241
243
247
255
259
261
261
257
249
243
241
238
239
237
237
239
242
245
251
259
259
258
252
248
242
239
236
237
235
237
236
239
245
250
258
261
256
253
245
238
235
235
235
234
236
238
238
246
253
257
257
253
248
240
234
235
233
242
232
234
246
238
244
267
254
256
252
245
239
236
233
230
231
234
234
250
236
245
252
254
254
249
244
236
232
231
230
229
229
228
231
235
256
251
251
256
247
239
235
230
228
227
227
228
229
233
236
244
251
250
249
242
236
228
228
226
226
228
229
233
235
243
249
251
247
238
235
227
225
223
225
226
224
227
231
241
248
248
247
240
233
226
226
222
224
224
226
228
236
244
247
259
245
239
241
225
225
239
226
224
228
231
240
248
248
250
243
237
229
230
225
227
227
230
230
248
246
252
251
249
239
233
226
228
225
228
228
229
232
241
248
251
260
244
236
229
226
227
226
226
227
230
233
238
247
247
244
241
234
228
226
226
222
225
226
228
235
241
248
250
246
239
233
231
224
221
225
224
225
228
231
238
246
252
247
240
235
227
222
223
223
224
222
226
227
246
243
248
260
245
242
240
226
222
224
222
221
224
227
232
239
246
247
246
236
233
226
222
222
224
221
224
226
227
236
255
251
249
247
244
236
233
229
230
230
233
233
236
242
248
256
259
268
257
249
243
237
239
240
239
241
241
246
253
260
266
268
275
270
265
261
262
267
268
271
272
278
286
297
306
308
309
303
297
291
289
289
288
289
290
295
296
303
314
316
317
321
305
299
307
295
292
304
295
296
299
304
311
317
315
314
309
300
295
292
293
293
292
294
296
297
308
315
317
316
310
302
296
293
293
290
293
296
296
300
316
313
315
314
311
304
296
292
290
288
288
290
292
294
298
305
310
320
312
303
297
290
288
288
289
288
291
292
296
304
310
309
312
305
298
293
289
291
288
290
291
289
294
301
310
312
310
306
298
292
288
288
294
286
288
298
292
296
314
309
312
309
300
295
291
284
286
285
288
288
288
291
301
307
309
312
305
297
292
288
287
286
288
288
288
291
297
304
310
307
305
297
292
287
283
284
285
284
286
286
305
298
306
306
304
295
291
284
280
283
281
280
283
284
287
295
300
320
302
296
288
282
279
276
277
277
278
278
282
289
294
300
299
294
285
277
275
273
274
274
275
276
277
300
292
296
305
294
285
287
273
272
274
267
272
274
275
282
289
294
297
299
292
286
282
278
279
279
278
282
284
290
297
305
311
307
302
293
288
283
283
285
283
285
287
293
301
305
305
304
300
291
286
282
280
283
282
283
285
293
304
303
305
299
292
287
284
280
282
282
282
284
288
294
302
304
305
312
293
285
281
280
280
282
281
283
284
292
297
303
302
299
291
284
281
278
279
285
281
279
296
287
293
306
300
298
293
285
278
276
276
275
276
277
279
282
291
296
298
298
292
285
279
275
273
272
274
274
275
279
287
293
296
298
294
287
278
274
272
272
274
275
275
279
286
293
296
298
293
286
277
276
274
273
277
278
279
283
289
295
303
289
281
276
276
272
270
270
271
271
271
274
284
288
295
292
288
297
273
272
267
268
268
268
271
272
276
285
292
289
285
293
273
269
275
265
268
267
268
270
277
280
288
288
284
280
272
267
265
268
268
269
276
276
284
293
299
298
298
295
288
285
286
286
291
288
291
294
301
306
309
311
309
300
296
289
289
290
289
291
291
292
298
305
309
310
306
299
293
286
287
286
287
288
288
292
296
305
307
308
315
298
291
284
284
285
281
286
289
288
295
303
307
307
303
298
291
299
281
285
284
284
287
288
295
314
307
309
315
298
293
288
288
285
286
288
290
289
292
303
306
306
305
299
291
285
280
282
280
282
282
284
286
294
298
303
298
296
287
282
277
277
276
275
276
276
280
284
293
297
299
295
287
282
278
274
272
272
274
276
276
284
288
294
295
293
287
282
275
274
269
272
273
275
276
277
285
295
293
295
295
279
274
269
272
270
270
271
271
275
282
289
292
294
288
282
274
277
268
279
267
269
282
273
278
283
291
291
285
281
275
270
268
265
267
268
266
271
276
282
289
290
288
280
276
269
262
263
264
265
267
266
271
278
286
286
287
279
270
266
264
260
263
262
263
266
267
277
281
285
281
276
272
264
262
261
260
260
262
265
269
277
281
284
281
275
269
262
259
259
261
262
262
264
272
276
283
281
280
274
279
260
259
259
258
260
260
262
268
276
282
283
280
277
269
263
281
269
262
274
263
264
267
276
281
284
282
278
274
267
259
259
261
260
260
263
263
270
277
279
283
277
271
264
262
256
258
256
258
259
262
265
271
279
280
278
275
267
260
256
256
254
253
254
256
258
266
274
278
276
274
268
262
256
253
254
254
253
256
259
262
268
276
278
277
273
266
260
256
258
257
257
259
260
262
271
276
279
282
274
280
263
256
256
257
256
256
260
261
265
290
280
278
291
267
262
257
266
251
253
253
256
256
263
270
275
279
277
271
263
256
254
253
253
253
253
254
259
266
273
278
277
273
266
259
252
254
252
251
252
252
256
259
266
273
275
276
269
263
256
249
250
248
250
251
250
251
258
266
271
273
272
266
261
253
247
246
248
247
247
249
252
255
262
268
272
270
265
259
252
247
246
247
247
247
246
248
252
261
268
278
271
266
259
261
248
246
259
244
245
243
247
248
257
261
268
267
277
257
249
245
243
243
242
243
243
246
259
256
265
267
266
264
257
250
244
244
242
244
243
249
246
250
256
266
267
268
262
256
250
245
242
243
243
243
246
249
249
257
259
266
266
264
257
250
245
242
244
243
243
243
243
248
254
260
266
266
265
259
252
246
244
239
241
242
240
240
245
247
252
261
263
265
260
255
249
243
242
249
239
243
257
241
247
260
255
259
264
263
260
256
248
242
240
240
239
239
249
240
241
247
253
258
263
263
262
256
249
244
240
239
239
239
241
241
241
242
250
258
259
262
262
256
251
245
240
237
238
236
240
237
238
239
244
250
256
259
260
260
258
248
243
237
238
237
239
236
237
238
241
245
250
257
259
260
257
253
244
240
238
235
236
235
237
236
238
241
245
253
257
260
259
266
248
244
245
236
236
249
235
246
239
239
243
250
256
260
261
258
252
247
241
238
235
237
237
236
245
237
241
247
253
259
261
260
256
248
245
238
237
236
236
237
236
238
240
240
250
256
258
257
257
251
245
240
234
233
234
233
235
235
236
240
247
254
260
258
256
249
243
238
234
234
234
233
237
235
235
240
244
252
256
257
252
249
243
239
235
232
231
232
230
234
233
236
240
256
254
257
260
252
244
244
233
231
233
230
231
232
233
242
238
243
250
253
256
256
249
244
238
232
232
230
232
232
232
232
248
238
245
251
255
256
254
247
243
236
231
233
229
231
231
232
233
232
241
247
251
256
256
253
247
240
235
230
229
230
233
230
231
233
234
240
247
252
254
256
251
245
240
235
232
231
230
231
230
231
231
236
239
245
260
253
255
251
244
239
241
232
231
238
232
232
242
231
233
242
248
253
251
254
248
239
236
230
228
227
227
228
230
243
235
240
249
254
256
251
247
241
235
230
229
232
230
228
231
231
243
237
243
250
254
253
252
247
241
234
234
230
230
228
229
231
230
234
240
246
252
253
254
250
244
237
230
228
227
231
228
230
232
230
235
243
247
250
256
249
244
236
232
230
229
227
228
229
229
230
233
238
245
249
261
251
245
251
235
230
240
227
226
228
227
229
230
236
242
247
251
252
249
245
237
232
226
226
224
226
225
227
228
245
234
241
247
248
253
247
244
235
232
228
225
225
226
226
226
229
238
235
243
249
251
249
241
235
231
230
224
225
226
224
226
226
229
238
245
248
249
248
243
238
232
224
224
225
224
226
224
226
228
232
239
247
249
250
246
242
235
231
226
224
224
224
225
226
229
225
232
254
246
250
263
244
238
234
228
225
226
226
225
226
230
228
232
236
246
249
250
251
245
238
232
226
225
225
226
225
226
226
230
242
240
248
251
250
248
244
239
229
226
225
224
226
228
226
227
231
250
245
260
249
248
244
237
231
225
223
225
226
227
227
228
230
236
244
249
249
246
242
236
231
227
225
224
224
225
228
226
229
233
241
247
249
248
247
239
243
229
225
224
226
225
233
227
227
237
238
243
264
250
246
243
238
231
225
225
225
227
225
224
224
226
231
235
241
248
249
247
243
236
231
225
223
223
223
224
224
224
226
230
245
245
248
247
247
242
236
230
227
222
223
222
222
222
222
225
226
240
240
247
247
246
243
237
231
226
222
221
222
221
222
223
224
226
233
242
247
248
245
241
234
229
223
221
221
220
218
220
222
225
228
233
241
254
244
243
254
233
229
237
221
221
221
220
220
224
222
228
236
240
243
244
242
239
232
224
221
221
220
219
221
222
222
225
228
236
239
245
246
243
240
231
228
222
218
220
218
221
223
222
230
227
233
237
243
246
240
236
232
225
222
221
219
220
220
219
222
231
229
234
241
246
245
245
239
235
230
225
225
225
227
227
229
231
234
240
247
264
268
271
274
272
267
261
278
262
268
285
272
276
291
286
288
292
302
309
313
315
314
310
306
304
303
298
303
303
302
302
308
308
312
317
326
326
326
323
320
312
307
302
300
299
298
299
300
301
301
306
309
316
322
320
318
314
305
298
296
293
294
295
302
295
297
297
305
310
314
320
315
313
307
301
295
292
291
290
288
294
291
290
291
298
304
309
310
309
306
300
293
288
284
282
282
283
284
283
285
286
300
296
302
316
305
300
301
289
283
279
278
280
277
279
278
280
283
288
295
300
301
300
294
289
281
275
273
272
274
273
273
275
277
280
285
293
297
298
295
291
285
277
274
271
271
272
272
272
274
275
281
288
289
295
292
292
286
279
275
269
270
268
280
271
272
274
280
286
294
300
301
301
304
299
294
291
291
291
291
305
294
293
298
305
312
317
317
314
308
300
294
293
293
292
300
295
294
304
296
303
319
314
315
314
309
300
296
294
287
288
289
287
289
288
290
294
301
308
309
310
307
300
294
288
285
282
283
285
281
284
287
288
293
300
306
306
303
299
293
287
281
280
279
278
277
279
279
281
285
294
300
299
299
295
289
284
278
276
275
275
276
279
284
280
284
290
297
301
301
296
289
284
279
275
275
276
275
278
279
290
284
292
300
300
302
298
290
287
280
278
277
292
278
277
292
280
284
307
297
300
302
298
292
288
280
276
276
274
273
274
275
277
278
282
291
296
298
297
295
287
280
275
272
272
269
271
273
271
274
275
283
290
294
296
293
291
283
280
276
273
275
275
276
277
278
281
286
293
300
301
301
298
293
288
284
279
280
283
283
285
291
291
309
303
309
314
315
315
310
305
301
298
299
302
302
307
309
315
318
338
341
348
354
354
357
362
352
350
364
356
356
379
370
378
381
390
403
413
423
424
429
425
419
415
415
419
419
421
424
423
427
430
436
440
443
441
446
443
432
431
427
424
424
423
422
420
421
423
431
434
436
436
432
425
418
412
410
410
411
410
408
409
410
410
418
424
425
423
423
417
410
405
402
402
404
401
403
407
408
411
417
419
433
423
419
411
405
399
397
394
396
397
395
394
398
399
402
409
413
423
408
405
407
393
387
404
387
387
389
386
389
392
398
402
407
405
404
401
392
389
382
381
381
381
385
383
383
384
390
397
399
401
399
395
388
381
375
377
376
375
375
374
378
380
385
391
397
393
389
383
377
373
369
369
371
369
370
370
372
376
381
387
388
387
381
378
371
366
365
367
364
365
368
370
371
378
387
395
399
398
396
394
395
387
389
391
397
398
401
405
406
412
417
425
425
424
430
412
409
419
404
407
413
410
410
411
415
419
425
430
430
430
426
422
417
412
409
407
407
406
409
408
408
409
416
422
422
423
419
411
406
399
397
396
396
397
397
398
400
400
408
414
413
411
408
403
395
389
387
386
384
385
387
387
386
391
397
403
403
405
400
395
387
383
381
379
376
377
380
380
380
383
386
393
395
396
395
389
384
378
373
371
376
371
370
372
372
374
375
384
401
391
389
396
384
379
380
368
368
383
368
370
369
369
373
375
381
386
388
386
384
376
371
368
363
362
361
364
362
364
363
363
367
375
380
380
381
377
372
366
361
358
358
359
356
359
360
362
364
373
375
379
377
372
365
360
355
352
352
351
353
353
354
357
358
366
371
373
372
367
363
356
352
348
347
346
348
348
348
351
355
357
365
370
369
366
361
352
347
343
343
355
346
346
356
344
346
366
363
365
363
361
355
351
344
341
340
339
338
353
341
340
346
351
359
359
361
358
354
347
343
336
336
337
338
335
336
338
340
347
354
357
357
356
348
341
339
334
332
331
333
332
331
333
336
341
349
350
355
350
345
337
332
329
327
328
328
328
332
329
331
337
346
350
351
349
343
339
334
329
329
327
327
329
330
332
334
339
344
351
350
351
345
338
333
336
325
324
335
327
328
333
341
336
345
345
347
344
340
332
326
323
323
320
323
330
330
332
337
354
349
350
350
345
338
331
326
326
325
326
326
326
329
330
339
345
348
347
343
335
327
323
320
317
320
321
322
324
327
334
339
341
342
336
330
322
317
315
315
317
315
314
316
321
325
335
338
338
332
326
319
315
310
315
311
312
312
315
316
322
331
335
336
331
324
317
312
309
309
308
310
310
319
314
321
342
331
331
331
321
316
310
316
306
306
305
305
309
315
322
327
329
328
322
316
310
303
303
302
307
304
304
305
309
317
324
326
324
322
314
306
300
301
302
302
303
302
306
310
317
323
326
325
319
313
306
301
300
300
299
301
303
305
308
317
321
322
322
316
312
301
299
295
299
298
299
299
304
309
319
322
319
315
307
301
295
296
297
297
299
296
300
306
312
316
319
324
308
305
309
291
294
308
289
294
294
297
304
311
315
317
314
314
300
295
293
289
293
290
292
294
299
307
312
314
314
308
301
294
302
288
289
291
291
291
295
302
308
314
312
307
300
294
287
284
287
286
288
289
289
295
305
309
310
308
305
295
289
286
284
284
285
285
290
290
297
304
309
308
304
295
291
286
285
283
283
285
286
289
292
299
306
308
304
296
293
285
282
281
280
298
281
285
297
298
303
317
305
300
293
288
279
281
280
281
282
283
284
289
299
304
304
315
299
290
285
283
282
280
282
282
283
288
296
305
304
301
297
288
292
278
281
278
278
281
282
283
294
300
303
301
296
288
280
277
276
278
278
277
280
282
290
298
300
301
295
289
282
279
278
278
279
280
283
284
295
301
308
307
305
298
291
287
285
284
284
283
286
290
291
298
308
308
308
304
295
290
292
282
284
296
283
287
287
295
299
305
311
310
308
306
303
301
301
305
306
308
309
312
318
327
334
343
334
330
323
318
312
313
312
312
311
315
314
318
327
333
334
335
341
323
317
310
309
309
309
312
314
312
315
323
331
333
333
330
325
319
312
308
308
308
308
309
308
312
312
319
328
331
330
328
320
313
308
306
305
305
306
305
309
307
310
320
326
328
327
324
317
311
305
302
312
301
302
313
303
306
326
316
325
326
327
322
313
310
302
302
303
302
302
301
303
304
310
317
321
324
324
316
312
305
300
309
296
298
298
299
301
301
308
315
321
320
320
313
308
302
295
295
306
297
297
299
299
304
309
317
319
320
315
308
303
296
297
295
295
295
294
297
300
305
314
318
319
315
308
301
297
292
291
291
293
290
294
294
299
308
315
315
313
311
302
295
290
290
299
291
290
302
290
293
311
309
312
313
310
303
296
292
288
288
286
288
283
290
291
300
305
311
311
309
301
296
290
287
283
284
286
287
288
288
294
313
309
310
307
303
297
288
288
284
285
285
286
286
288
295
301
308
313
308
305
297
292
284
282
281
281
281
283
284
287
294
305
307
309
308
301
292
288
280
279
280
281
285
288
292
294
297
296
295
293
289
285
284
281
282
285
286
294
288
288
300
296
295
303
293
283
281
281
280
285
283
281
276
276
279
291
299
304
308
303
300
292
288
285
286
288
290
294
297
311
320
329
340
341
338
329
331
317
313
314
330
315
317
320
323
333
342
351
359
355
352
345
342
339
339
339
340
349
345
345
352
361
366
367
367
360
354
348
344
342
343
343
346
348
348
353
358
366
367
370
362
356
347
342
340
340
339
341
340
344
343
360
359
363
372
359
352
352
340
337
337
336
337
338
338
340
347
352
360
361
360
353
348
338
335
333
333
335
337
336
337
337
346
352
358
357
351
345
339
331
329
328
328
327
330
331
329
341
347
352
363
351
343
335
330
324
327
323
324
325
328
331
336
344
349
349
346
345
333
326
323
322
321
323
322
325
325
334
342
346
347
341
339
330
326
318
320
318
321
320
320
324
327
335
342
341
340
334
336
324
316
320
312
315
323
316
319
323
328
337
340
340
338
329
322
315
316
313
311
313
314
314
318
323
334
338
340
336
332
324
317
314
315
316
318
314
319
324
330
336
335
336
333
327
319
315
313
314
313
312
325
314
324
321
329
338
337
335
327
319
314
311
310
310
309
310
311
320
316
324
332
334
332
326
319
312
308
306
309
315
316
316
311
313
322
329
331
333
328
322
314
309
305
302
305
314
305
313
333
321
330
349
340
336
333
326
317
311
312
310
310
311
312
316
317
324
331
336
337
333
327
320
309
310
310
312
312
310
312
316
322
330
333
334
331
324
315
312
311
314
303
305
308
308
311
315
321
325
331
