224
242
235
234
235
230
223
216
212
209
208
210
211
209
213
214
218
226
245
233
234
233
224
219
214
209
211
211
209
211
212
211
213
219
223
231
233
236
231
225
219
214
210
208
208
205
218
207
209
211
216
222
229
231
229
225
223
217
213
208
207
208
207
207
208
210
212
218
225
229
230
231
226
220
214
209
206
205
208
207
214
213
211
213
214
213
214
211
213
211
212
213
211
202
202
203
203
202
205
209
209
226
223
227
226
226
224
216
210
207
203
202
202
204
205
206
207
210
230
224
229
230
225
218
211
206
202
204
202
201
203
206
206
207
213
216
223
240
225
221
226
212
208
206
204
205
202
205
206
206
210
215
221
225
226
226
224
218
214
209
207
206
207
205
207
207
210
212
219
223
229
227
228
225
219
214
212
211
209
209
207
210
214
216
220
217
220
222
224
232
227
222
218
215
216
216
217
218
220
221
225
239
230
231
231
233
233
235
233
231
230
225
227
226
229
228
227
229
249
232
237
238
241
238
239
245
233
232
241
233
234
245
238
237
241
244
251
259
259
260
263
257
260
256
258
256
256
259
257
263
265
266
272
274
278
280
280
279
276
273
272
274
273
275
275
275
278
278
280
284
284
286
286
285
282
281
277
278
278
276
279
278
281
281
281
284
288
289
292
293
291
289
285
283
282
281
280
282
282
281
283
297
285
290
291
291
292
289
288
284
280
280
280
278
278
277
282
281
292
291
285
290
306
292
290
289
283
279
277
277
276
277
277
276
277
279
280
284
289
291
292
288
284
282
277
275
274
276
275
275
278
275
277
282
285
286
286
284
282
280
277
274
276
274
274
273
273
271
272
276
279
284
283
286
281
278
275
271
272
270
269
269
268
270
273
274
275
280
283
283
283
280
278
275
270
272
271
270
269
270
271
289
274
278
281
285
285
282
282
277
276
274
274
286
274
273
275
275
346
282
285
286
286
285
284
280
276
274
271
275
275
276
276
273
274
278
283
288
290
289
288
280
276
272
267
267
266
267
269
269
275
274
282
289
295
296
296
292
289
282
278
278
278
281
282
286
288
288
294
300
309
309
313
308
302
296
293
289
290
291
292
295
294
296
298
304
310
312
314
310
307
302
298
292
290
291
293
289
293
293
297
308
302
308
321
313
312
324
302
294
291
288
288
287
290
291
292
292
313
302
307
310
310
307
302
294
289
288
287
288
288
291
290
291
292
299
303
307
308
307
305
295
292
288
286
286
284
286
289
287
290
294
298
305
308
313
308
306
299
294
289
286
289
291
292
291
293
292
295
301
306
314
314
316
310
304
298
293
291
290
290
291
291
292
294
295
298
306
311
313
311
307
303
298
293
305
288
288
300
290
291
301
297
302
309
314
312
309
305
299
294
290
288
289
289
292
291
290
305
294
300
306
310
312
308
306
301
296
291
289
290
290
292
290
295
293
296
303
308
313
314
312
309
303
295
294
290
291
290
292
294
294
297
298
304
310
317
315
314
309
305
297
294
291
292
292
292
295
295
297
299
304
309
312
313
313
311
305
298
292
292
291
291
293
291
293
308
297
300
307
311
314
311
308
301
296
292
288
289
290
288
302
291
295
293
301
308
310
304
308
303
296
288
286
285
285
284
286
297
286
289
294
300
306
308
307
305
300
294
288
286
287
285
285
288
285
288
289
295
298
302
307
307
304
298
292
288
284
283
283
283
283
284
287
289
292
300
303
307
303
300
294
288
283
281
282
280
280
282
284
283
286
294
298
303
302
298
300
290
284
279
278
276
279
280
281
280
281
288
295
298
299
299
293
288
281
277
273
276
277
276
287
277
280
285
290
295
297
298
298
292
286
281
277
272
274
278
279
291
280
281
284
290
298
301
298
297
289
284
280
276
276
274
276
275
278
277
280
282
289
296
298
299
294
290
284
278
275
276
274
275
278
278
279
282
284
292
296
297
293
290
285
281
274
274
272
273
268
285
274
274
276
281
287
292
292
293
292
284
279
274
272
269
270
269
270
273
274
276
284
286
292
291
292
291
286
279
275
268
270
270
281
271
274
274
277
282
288
291
293
292
288
283
276
273
271
268
271
284
269
271
271
275
277
283
289
291
290
285
280
276
270
266
268
266
269
268
270
271
274
277
284
288
289
290
284
282
272
270
266
266
266
267
266
268
271
279
274
279
294
286
288
282
277
271
268
266
265
265
265
267
267
272
275
279
289
294
296
295
291
288
284
285
288
293
297
302
309
313
321
330
342
350
355
361
365
368
369
374
379
387
407
402
406
413
418
426
435
445
449
452
450
450
451
451
451
450
454
463
457
459
460
463
469
474
476
475
471
468
460
457
455
453
455
455
456
459
458
459
462
467
470
471
465
466
456
456
460
447
450
461
451
451
453
454
457
460
464
466
468
460
458
448
444
442
442
443
443
444
444
445
446
450
455
456
455
451
446
441
436
432
433
431
431
431
431
433
434
441
442
446
447
443
440
434
427
423
421
422
425
422
434
425
426
428
430
437
436
434
426
425
418
417
413
414
414
416
427
427
419
421
425
427
425
424
416
409
405
403
405
405
403
404
407
407
412
417
421
417
413
409
415
396
394
404
394
394
395
394
398
400
403
409
409
406
404
396
387
384
385
384
383
385
384
386
388
393
399
402
399
395
388
383
377
376
376
377
378
382
381
384
391
397
398
399
397
391
385
381
379
380
381
382
382
383
384
389
394
395
396
394
395
383
374
375
372
371
372
375
373
376
377
382
388
390
388
384
377
387
367
365
364
366
364
364
368
370
375
380
378
381
375
368
362
357
371
357
358
359
357
359
362
369
373
375
372
369
362
355
354
350
351
351
351
353
355
362
364
369
367
362
357
352
345
343
342
343
343
345
347
349
353
360
358
361
355
347
341
337
336
336
340
338
339
342
347
354
356
355
352
346
341
334
331
332
334
332
334
336
340
344
367
355
350
345
338
331
326
328
328
328
329
328
334
338
345
345
345
354
334
333
325
321
323
320
325
337
325
329
352
340
344
341
337
330
322
319
320
318
319
320
323
322
328
333
337
339
337
330
327
319
313
315
315
316
317
315
318
324
330
333
335
333
327
320
315
311
311
312
312
313
313
315
320
326
331
332
326
321
317
310
308
308
307
306
310
312
313
320
326
328
328
322
316
310
304
302
303
305
306
305
316
310
317
322
324
324
319
313
307
301
313
299
299
301
302
304
323
325
320
324
322
319
313
305
304
299
301
300
302
305
304
307
314
322
325
325
317
311
306
303
298
302
301
303
310
308
314
320
324
326
322
316
310
306
303
302
302
303
305
310
310
317
324
326
327
325
317
309
305
303
303
304
307
306
309
311
317
323
325
324
318
312
308
301
304
303
303
303
306
306
311
318
322
322
320
314
308
301
298
298
317
302
304
307
312
317
326
345
330
328
326
324
323
330
340
357
375
403
403
417
429
439
443
449
453
458
459
462
469
476
484
493
509
518
524
528
532
532
532
527
522
519
520
521
523
525
525
526
529
530
537
535
531
527
521
518
520
522
523
529
531
535
538
544
553
550
550
547
541
538
537
536
540
539
541
540
543
547
550
552
548
543
538
532
530
528
529
531
533
531
531
537
538
544
540
537
528
522
530
519
526
529
520
519
522
520
526
530
529
527
522
517
508
507
504
505
508
512
509
509
508
516
520
519
514
509
503
497
494
495
494
496
496
497
499
503
507
509
509
504
497
492
484
486
485
487
485
488
489
489
507
499
497
493
490
482
476
472
472
472
475
471
472
475
477
484
485
484
480
475
467
464
464
461
465
463
466
467
468
473
476
477
474
480
462
454
451
452
454
465
454
456
470
463
467
469
465
461
455
450
454
447
446
444
443
443
447
452
457
459
456
454
447
442
433
434
435
449
435
438
440
441
445
449
451
445
437
432
428
425
424
425
425
428
427
428
431
441
443
443
433
429
421
418
417
417
419
418
421
420
425
430
433
433
429
424
418
412
411
410
410
414
412
412
417
419
426
429
427
424
418
414
411
413
412
413
415
416
418
421
424
433
434
438
428
422
426
408
411
409
411
412
413
416
417
423
429
429
426
421
422
408
404
405
404
406
406
406
410
414
417
424
421
421
414
405
403
405
400
400
402
401
402
404
407
414
418
416
414
408
402
397
394
394
395
394
398
399
400
410
411
413
411
407
398
393
389
388
389
390
390
391
393
397
403
408
406
403
398
392
388
382
382
384
384
389
387
387
391
398
400
400
396
391
388
380
379
387
378
379
379
380
384
388
394
396
395
389
383
377
373
371
371
374
375
375
375
376
384
389
402
389
389
379
373
368
367
368
366
368
370
370
373
377
383
386
385
394
376
370
364
361
363
362
362
364
365
368
374
380
381
383
379
373
365
364
358
361
362
361
362
364
367
374
378
379
380
375
368
363
357
355
358
358
359
359
359
368
371
378
376
372
366
361
356
352
353
355
373
357
357
358
365
371
375
374
371
362
356
353
351
353
353
352
357
356
359
367
373
370
370
365
357
350
347
349
351
349
351
352
367
359
365
366
367
362
356
352
346
344
345
343
346
347
349
350
353
370
367
364
359
354
348
342
340
339
338
340
342
344
345
352
358
360
359
355
349
343
337
340
336
336
336
337
340
342
347
353
357
354
352
346
340
333
332
332
332
335
334
350
336
344
365
352
352
347
339
334
330
328
329
329
329
333
331
334
342
346
350
347
345
337
331
325
324
326
326
327
329
330
333
340
346
346
343
339
332
325
321
321
331
325
325
326
329
335
344
344
342
335
332
326
323
321
324
321
324
341
327
333
339
342
346
341
336
331
328
332
334
339
346
352
363
372
395
413
427
434
438
438
440
444
455
463
474
480
489
498
509
516
521
521
520
532
519
520
533
523
527
528
529
528
536
539
538
537
533
525
521
517
518
519
522
521
523
524
529
529
532
529
525
521
515
512
509
508
512
512
510
513
513
517
520
520
520
513
510
504
499
495
509
497
498
497
501
500
502
508
507
507
504
498
491
486
485
485
486
490
485
487
489
491
494
497
496
491
485
479
473
472
473
472
472
473
474
476
475
480
484
481
480
471
469
462
460
458
461
468
459
462
477
463
467
468
470
470
467
461
454
450
447
448
448
451
449
449
451
456
460
462
460
453
449
445
440
436
437
437
438
437
436
438
441
445
449
448
447
443
436
431
427
425
423
425
424
427
427
425
430
437
454
439
433
429
423
419
414
414
415
412
416
416
417
419
421
425
427
437
426
422
412
410
407
407
405
405
405
407
407
409
413
418
421
421
416
411
405
399
409
397
393
412
398
399
400
402
407
410
414
413
411
403
397
393
391
389
389
387
390
390
392
395
398
404
405
405
402
395
390
384
384
382
384
381
383
385
384
388
394
399
400
398
390
384
382
377
374
373
375
377
376
376
381
386
390
392
390
388
384
377
381
371
370
370
370
372
372
373
379
384
388
386
384
379
374
371
366
373
365
367
364
365
367
368
373
380
383
384
376
381
366
363
369
359
361
358
363
361
365
367
373
377
377
375
372
366
360
354
352
353
353
354
354
355
359
359
363
373
373
374
370
362
357
351
349
347
348
349
350
353
351
354
359
366
373
367
361
354
349
346
342
343
342
343
346
345
348
347
355
361
360
361
355
351
345
341
336
336
338
338
344
340
341
345
347
352
359
358
355
352
349
344
339
340
340
341
342
357
348
352
366
364
373
390
379
378
375
373
372
370
373
376
379
381
385
387
389
395
400
407
404
402
398
394
389
385
387
386
387
389
387
392
394
398
401
407
406
403
399
393
388
384
384
387
387
387
390
390
393
397
401
405
403
398
393
389
384
381
382
384
385
384
385
388
393
397
403
400
399
396
390
384
381
379
379
380
381
380
385
385
393
392
400
397
397
394
387
383
377
376
375
389
378
379
389
382
386
398
396
401
398
396
392
388
382
378
377
378
379
381
383
381
383
387
392
396
397
395
391
384
380
377
376
372
375
377
378
379
381
385
388
393
392
394
389
382
379
374
371
371
373
372
374
373
376
376
380
385
390
392
389
386
382
377
371
369
368
368
367
368
368
370
371
373
379
383
386
388
384
378
375
370
364
363
364
361
363
366
364
367
379
376
392
381
382
390
375
369
365
361
361
363
362
363
361
363
366
385
370
378
380
380
379
374
369
363
359
356
356
357
357
359
358
361
362
367
373
376
376
375
371
365
360
354
355
353
352
355
355
358
357
361
366
368
374
372
370
367
359
356
352
353
350
350
351
352
353
354
356
360
365
371
368
367
363
355
354
348
343
346
346
346
348
348
349
351
357
360
364
365
366
363
359
362
349
346
352
347
343
346
353
347
349
350
354
358
362
364
363
359
356
350
346
342
338
339
340
348
342
342
342
344
349
353
358
359
357
354
352
345
341
338
335
335
337
348
340
342
344
349
351
357
362
367
367
369
365
361
360
361
363
367
372
385
393
405
419
445
482
514
548
565
574
583
593
597
609
622
633
639
658
670
676
684
695
701
709
721
740
734
737
749
738
735
742
729
733
736
735
732
734
734
732
733
735
735
735
731
727
724
723
713
711
709
709
706
707
705
705
708
706
706
711
715
711
707
702
711
693
688
685
685
687
687
685
686
686
685
687
687
690
691
688
685
679
676
670
666
666
663
665
663
664
665
665
665
669
672
673
674
670
665
659
655
652
649
650
648
648
650
649
650
648
650
652
655
656
653
652
656
640
634
644
630
631
629
628
627
629
629
627
630
630
633
632
631
625
622
614
610
606
605
605
602
601
601
601
599
602
603
615
606
608
604
602
595
589
587
582
578
578
580
577
580
577
577
576
588
585
586
584
582
577
573
565
563
559
558
558
555
554
558
555
558
559
560
564
565
565
562
556
550
545
541
541
541
540
540
540
539
541
542
544
549
551
553
549
563
541
537
542
527
529
525
527
524
525
526
527
526
528
532
535
536
534
531
527
522
517
512
512
510
510
511
510
512
511
512
516
518
521
522
520
514
510
505
502
497
495
498
509
496
497
497
498
501
501
506
508
509
506
502
499
494
488
485
483
495
481
482
482
483
485
483
489
495
497
496
493
491
486
481
477
473
473
473
471
471
473
473
474
476
475
486
488
495
483
478
475
469
465
463
461
461
461
461
463
463
463
468
471
476
475
474
470
469
460
457
453
451
450
449
450
452
452
453
454
461
465
466
465
461
457
448
445
443
441
441
442
443
443
444
445
446
453
456
457
458
457
450
450
439
437
434
433
435
435
437
436
438
439
444
451
453
452
450
443
444
432
430
427
429
427
429
429
429
431
431
437
440
444
444
442
452
430
426
436
421
420
422
425
420
423
425
427
432
438
438
437
435
429
424
419
417
415
416
415
417
417
417
421
423
428
433
431
433
427
423
416
413
410
409
410
410
410
411
413
415
420
425
429
432
427
425
417
412
409
405
405
408
407
407
410
409
414
417
423
425
423
421
426
407
405
400
400
401
401
402
406
402
404
408
412
418
419
416
416
421
403
397
396
393
393
394
406
397
398
411
399
406
411
410
409
410
404
399
392
388
389
387
390
391
389
390
392
394
399
404
407
406
404
400
394
386
383
381
382
382
382
383
383
385
385
392
394
399
399
397
394
387
382
378
376
375
375
375
375
375
377
379
380
386
389
392
392
392
387
382
376
372
370
368
370
368
370
371
369
371
375
380
396
391
388
387
385
377
375
376
377
381
387
395
421
409
414
435
432
447
446
446
448
447
442
443
441
442
447
451
459
472
482
491
509
530
555
577
601
630
644
662
674
688
710
727
741
753
768
782
798
810
825
847
854
852
849
846
839
833
834
830
834
831
829
829
830
829
830
831
830
830
824
821
814
807
803
802
798
799
795
798
799
795
797
806
812
810
808
803
795
789
784
780
776
774
773
773
772
770
769
770
781
774
773
779
765
758
765
746
741
739
740
737
737
737
734
734
735
749
740
735
735
729
722
717
710
709
709
706
707
703
703
703
703
706
712
707
705
697
693
686
680
678
679
675
672
673
669
670
673
674
677
678
674
673
665
660
652
647
646
645
645
640
641
643
643
642
645
649
648
646
643
639
632
629
624
626
625
627
626
626
627
628
628
633
636
634
633
626
619
614
607
604
604
603
616
601
602
611
604
608
619
612
609
603
596
591
584
581
580
581
580
579
579
580
580
583
587
597
591
585
578
573
567
562
561
561
558
560
560
558
563
567
572
581
582
586
589
592
596
610
614
626
633
640
649
663
673
683
698
709
720
727
740
743
745
749
752
755
759
761
764
765
763
766
769
772
771
766
763
754
749
743
740
737
739
738
738
739
741
739
743
746
746
743
741
741
727
722
735
718
717
718
715
715
714
717
718
721
721
716
719
708
702
697
693
695
694
691
690
693
691
691
695
696
700
698
695
694
682
677
675
670
673
673
673
673
672
672
677
681
678
679
671
665
661
655
653
656
653
654
651
650
652
653
657
658
661
654
650
643
638
636
634
631
635
632
631
631
631
636
637
639
639
635
631
622
617
614
611
613
627
611
612
612
615
614
631
621
618
629
609
601
597
594
592
592
590
590
589
591
591
594
600
600
600
593
588
584
578
572
580
572
574
573
574
574
574
578
583
580
579
576
568
564
556
557
554
562
555
552
554
555
555
559
563
567
562
558
554
548
541
539
538
539
539
537
540
540
542
547
551
551
550
545
537
531
528
525
523
526
525
525
527
528
530
535
539
537
537
528
524
520
514
514
515
513
513
528
515
516
535
524
529
519
515
519
510
506
503
500
500
502
501
502
503
503
510
513
516
513
510
505
496
493
491
488
488
491
489
490
504
499
500
505
505
503
497
488
485
481
481
481
481
484
484
485
487
503
498
502
500
497
488
485
481
479
479
479
479
480
482
483
487
494
497
495
489
483
475
474
470
470
470
469
474
474
474
480
485
491
487
488
482
473
469
465
466
465
479
466
467
475
466
475
478
480
482
478
474
467
462
457
459
459
457
459
460
460
463
467
472
473
473
468
462
456
452
450
450
446
451
453
452
457
459
464
468
471
468
464
467
454
448
447
447
448
448
448
450
450
453
459
463
464
462
459
451
451
440
440
450
440
442
440
443
442
445
452
458
456
455
447
443
438
435
431
432
431
431
433
433
435
440
445
450
451
450
445
438
443
430
427
430
429
429
430
430
431
435
440
446
448
447
443
434
430
425
425
425
424
423
427
427
430
436
443
445
444
441
434
427
423
423
421
421
423
425
424
423
429
437
440
441
440
435
428
423
420
419
418
429
419
420
419
423
428
433
436
439
436
430
425
418
417
415
415
415
426
416
421
421
426
432
436
433
428
422
417
412
409
411
408
409
410
412
416
420
437
427
426
425
421
415
409
403
405
401
405
404
408
409
411
415
422
423
421
417
411
406
401
400
397
399
396
400
402
403
408
415
416
418
416
413
404
398
395
389
394
394
397
398
399
401
407
411
416
410
408
401
394
389
392
390
390
391
393
394
398
404
410
421
410
405
403
398
390
389
390
390
392
393
396
396
402
406
409
410
422
403
396
390
387
387
387
388
400
389
395
398
405
408
407
404
400
394
388
383
384
385
383
385
386
388
394
400
403
402
399
393
386
381
380
380
380
379
379
382
386
392
398
397
398
397
387
380
377
376
377
376
376
378
378
378
384
390
395
396
395
389
384
379
374
375
375
377
377
376
380
381
384
394
399
395
394
390
382
376
374
372
373
385
374
376
375
381
386
392
394
392
388
384
377
372
385
369
370
389
377
374
377
382
386
390
392
390
386
382
375
371
371
372
373
373
377
382
382
390
398
404
411
415
410
411
413
416
419
426
430
438
443
456
468
488
501
513
525
533
539
557
569
579
585
587
596
597
601
606
611
613
617
618
614
608
602
601
599
600
600
603
604
605
606
609
617
617
616
615
611
606
603
601
599
601
600
602
600
602
602
606
611
622
620
609
605
615
597
592
592
588
592
591
593
591
593
597
599
600
612
596
589
585
580
578
578
577
577
578
577
579
582
585
590
586
585
580
574
570
566
565
565
568
566
567
566
568
571
573
575
575
570
563
559
555
555
552
554
554
554
554
556
557
562
564
564
559
557
550
545
541
541
541
542
541
541
543
543
548
553
553
550
544
541
539
532
530
530
530
530
532
542
533
536
548
540
540
537
530
527
518
518
527
519
518
521
519
519
520
524
528
531
529
524
518
516
508
506
506
517
504
506
509
507
507
514
518
519
516
513
507
501
498
497
495
495
495
497
495
499
503
508
508
512
503
498
495
491
488
488
488
487
488
489
488
492
499
499
499
496
491
487
480
479
477
477
478
479
477
479
482
485
489
490
490
487
481
478
473
472
471
469
487
470
471
489
475
482
485
483
481
476
471
466
462
463
462
463
464
464
464
468
483
479
477
476
471
466
461
458
457
456
458
457
458
458
461
466
471
480
470
465
459
454
453
451
450
450
451
451
454
455
456
461
464
461
462
458
452
448
446
445
444
444
444
447
449
452
455
459
459
456
454
449
443
442
437
439
439
439
441
442
443
444
450
454
456
454
450
444
439
437
433
434
436
437
445
438
438
442
447
449
447
446
437
436
431
425
429
427
428
427
430
430
433
436
443
443
442
438
434
429
432
424
425
421
422
423
425
424
433
433
437
440
435
431
426
418
419
429
421
420
421
420
423
424
431
434
435
434
431
424
418
416
413
415
416
418
416
416
421
425
429
432
430
425
419
416
411
410
409
411
412
410
413
411
416
423
426
424
423
418
413
410
403
404
405
413
405
406
418
410
411
420
421
415
416
412
405
400
401
402
400
401
403
402
406
408
414
417
417
416
408
405
401
397
394
397
399
395
399
397
411
407
412
412
408
409
403
397
395
390
392
392
393
393
396
396
401
422
411
407
403
402
396
393
389
390
388
391
391
394
395
396
401
405
406
404
399
396
393
388
387
385
389
387
388
388
393
394
401
402
402
404
397
392
388
385
393
386
387
404
388
391
391
397
402
405
405
398
396
392
388
383
384
385
384
383
387
388
389
391
400
400
396
396
390
386
381
379
380
379
380
381
383
384
386
392
398
397
393
389
391
382
377
376
379
378
379
380
381
384
388
392
393
391
390
384
381
390
375
373
375
377
375
378
380
383
385
391
390
388
383
378
375
373
371
371
373
372
378
377
378
386
391
386
385
379
373
373
368
370
382
368
369
382
372
373
378
384
386
386
382
378
369
369
366
365
364
365
369
369
368
372
380
381
383
382
381
370
367
364
364
363
363
365
366
367
368
372
379
381
380
380
373
368
362
363
361
362
360
361
377
367
368
369
377
380
378
373
372
365
360
359
358
357
359
358
358
368
361
367
372
380
375
376
371
362
356
353
352
352
352
354
355
356
357
363
372
374
370
365
361
357
361
356
371
354
355
363
357
355
359
359
361
362
364
361
358
356
353
353
352
352
352
353
354
353
355
357
359
362
361
360
360
356
353
353
351
350
353
352
353
355
356
354
358
359
361
362
358
357
354
353
348
350
351
351
352
353
353
350
363
359
365
367
365
359
355
353
350
347
349
349
350
350
353
356
356
374
361
361
361
358
357
354
351
347
352
348
351
351
353
354
353
357
359
360
357
356
360
352
350
347
344
344
343
343
346
349
351
357
362
366
364
361
357
348
343
338
339
339
344
347
347
350
352
352
351
351
350
348
348
345
342
338
339
339
341
342
343
346
350
359
361
361
355
349
343
339
336
335
337
336
341
342
343
350
357
359
360
357
364
345
339
335
335
348
336
336
337
341
345
352
357
358
353
350
344
345
333
332
333
335
336
337
338
342
348
350
349
346
343
339
346
333
333
344
335
336
339
338
339
344
343
341
341
339
336
332
329
328
330
329
329
331
330
336
342
350
353
350
345
339
331
327
325
323
327
326
330
329
331
342
347
349
346
341
335
328
325
325
324
322
326
325
328
335
342
347
343
341
333
325
323
321
321
318
324
323
328
