478
489
482
480
478
481
483
481
480
480
482
477
477
483
472
476
480
475
477
474
481
473
478
486
487
489
486
491
494
495
499
504
507
512
509
516
524
525
531
534
537
543
545
548
552
555
554
562
563
568
570
575
577
581
586
594
590
594
594
596
595
597
600
599
602
603
605
607
609
609
612
618
616
620
623
629
632
635
637
633
638
646
646
653
658
665
672
682
691
699
703
705
710
708
711
717
717
716
712
714
711
710
704
704
698
697
691
689
684
682
683
678
681
679
675
676
673
673
675
668
670
672
672
674
671
672
673
671
672
670
672
670
667
670
667
669
667
666
665
663
665
667
669
675
672
677
676
679
679
679
683
685
688
694
698
702
710
716
724
727
734
738
740
745
747
747
747
747
747
747
748
750
749
750
747
744
745
745
744
744
743
748
755
756
759
770
775
779
783
785
782
783
783
782
781
779
777
773
771
768
769
769
769
768
767
764
763
760
761
759
760
758
754
752
749
744
742
739
746
740
740
740
739
739
736
736
733
729
730
725
720
724
715
712
711
711
709
713
713
712
712
711
711
709
704
709
712
711
717
721
727
732
735
742
743
748
750
755
759
761
761
762
762
759
758
754
750
745
742
740
741
741
738
738
739
739
736
736
734
733
734
731
724
721
722
717
719
716
714
717
720
718
714
716
715
715
717
719
720
719
715
715
718
717
715
713
715
718
720
724
729
734
742
749
762
775
788
795
809
812
818
826
832
841
849
857
860
867
870
873
878
882
890
892
899
902
904
908
913
915
917
919
917
916
914
910
908
903
899
896
890
883
880
875
873
870
867
864
861
857
855
854
858
862
869
878
888
897
908
917
924
931
935
938
934
939
938
942
945
948
947
947
944
943
943
939
934
932
928
921
918
913
909
903
903
900
897
895
894
892
893
894
889
889
890
883
880
877
873
871
867
865
865
865
864
862
861
859
862
855
854
853
852
850
848
844
843
838
837
837
837
836
837
838
838
838
838
837
836
836
833
832
829
825
822
821
819
816
820
820
822
822
823
823
823
822
823
824
825
826
827
830
835
838
843
849
852
859
864
868
869
873
873
872
872
870
870
866
863
861
858
856
856
854
854
852
852
852
852
850
850
849
850
845
841
838
832
828
829
827
825
827
829
827
827
825
824
823
823
820
819
814
815
813
810
807
805
803
803
800
800
801
802
801
799
798
796
796
794
794
793
790
787
786
785
784
782
783
779
783
782
782
777
780
780
779
780
780
781
783
781
786
788
791
795
798
802
804
808
812
811
813
815
816
815
817
813
810
807
802
803
805
800
800
804
800
799
795
795
794
796
795
791
792
791
786
783
785
781
780
781
782
780
781
781
782
784
780
780
779
782
785
778
777
774
772
770
765
769
769
771
765
770
770
771
770
768
768
766
761
758
757
755
755
750
752
756
753
752
751
747
750
751
751
751
750
744
747
745
741
746
747
739
741
741
745
738
748
735
740
736
736
739
738
734
735
741
731
718
733
727
725
722
727
722
721
724
725
723
720
724
720
723
727
723
721
720
718
718
710
717
716
718
718
718
713
718
717
713
716
711
710
707
705
702
706
704
707
706
710
714
710
707
708
709
711
710
707
706
697
701
694
692
690
690
690
693
694
693
690
695
690
696
696
693
695
694
693
692
692
691
692
693
696
696
697
700
702
699
698
699
701
701
701
706
696
698
699
698
700
701
706
707
712
711
713
714
715
714
711
709
709
705
707
704
702
703
703
706
706
702
707
714
712
715
712
714
713
710
710
708
706
704
701
704
704
703
704
705
707
708
708
707
707
707
707
707
706
707
704
706
712
713
719
727
738
749
754
762
773
783
792
798
806
808
815
815
823
829
828
827
826
827
829
833
834
837
835
835
835
831
829
825
825
819
818
819
818
820
813
816
817
815
815
815
819
822
822
824
828
832
833
832
830
827
829
829
828
831
835
837
837
835
837
839
840
843
844
849
849
853
853
854
858
860
865
871
876
881
882
883
883
882
881
878
877
873
868
865
859
855
852
854
854
854
853
855
854
853
848
848
852
841
841
835
829
827
822
822
821
823
827
826
830
835
829
827
827
826
832
829
823
824
822
819
817
819
819
821
829
828
832
833
834
833
833
835
836
838
842
844
844
850
848
850
853
853
860
863
865
867
867
866
863
860
858
855
853
852
844
841
840
838
835
834
838
841
844
839
841
839
838
837
835
834
829
825
820
818
817
819
822
827
835
842
849
854
860
863
864
864
867
869
867
868
865
866
872
877
887
889
893
891
891
891
887
887
883
881
879
874
870
866
865
867
875
881
886
891
891
893
895
897
896
894
894
892
887
883
877
876
869
869
868
869
868
869
867
867
864
860
858
857
855
851
848
843
837
837
838
837
840
844
845
847
846
848
846
844
845
843
840
838
833
829
825
824
822
822
824
826
825
828
827
826
826
823
821
820
818
815
810
806
804
805
802
803
811
807
809
811
809
807
806
804
802
802
800
793
791
788
787
784
785
787
784
789
791
791
789
787
789
788
786
786
781
779
775
773
769
767
769
772
774
775
778
776
775
775
775
773
770
769
767
765
759
755
753
752
753
755
759
758
758
759
759
755
756
754
754
752
748
742
739
736
733
731
736
736
737
741
741
740
741
744
739
740
736
733
733
727
725
728
722
720
721
725
727
730
730
731
728
728
728
727
726
725
723
720
715
715
713
713
716
718
721
724
725
724
723
723
726
721
719
716
713
708
705
703
706
706
708
709
711
713
714
713
712
713
710
707
705
702
698
695
693
690
693
697
698
702
700
701
701
699
702
696
695
697
691
689
683
684
684
687
685
688
691
694
693
693
694
694
689
693
689
684
681
677
678
681
678
682
684
686
687
687
685
687
685
687
685
684
682
675
674
673
671
677
679
683
684
683
683
683
683
684
682
683
680
677
673
670
668
668
672
672
676
676
678
681
682
678
677
675
674
672
669
667
663
662
662
667
666
670
672
673
672
675
672
669
669
669
668
662
661
657
657
657
656
658
665
667
668
668
665
664
663
661
658
658
656
653
654
657
660
668
675
690
694
701
711
714
719
724
730
736
736
736
734
735
737
746
746
752
754
756
757
753
756
755
755
752
749
746
743
745
745
747
749
752
759
760
759
759
756
755
752
751
745
741
738
738
740
742
745
749
746
746
746
745
748
743
741
736
733
729
729
731
730
735
737
740
738
741
741
736
734
743
733
729
723
724
722
724
729
732
734
733
730
728
725
723
720
720
714
707
704
711
720
717
724
724
727
730
733
734
734
735
729
728
730
727
734
736
739
744
749
752
756
763
767
769
765
765
766
768
775
778
784
789
790
789
788
789
786
784
778
771
767
767
768
773
771
773
773
774
772
771
769
763
762
754
749
750
751
751
756
755
755
759
761
754
753
754
748
743
739
736
737
741
743
745
745
745
745
745
744
747
741
736
731
731
728
728
733
737
739
739
739
745
743
737
739
733
731
726
725
725
729
730
735
734
735
734
735
730
728
729
726
719
717
714
714
715
717
719
722
720
719
721
719
719
717
711
707
706
706
706
709
712
711
716
716
714
710
711
710
706
701
696
698
699
702
704
707
708
709
707
706
707
704
702
699
696
695
698
701
702
708
710
710
707
709
708
704
700
699
693
691
691
695
697
702
701
699
698
696
696
691
689
684
681
679
688
683
685
689
689
690
689
689
686
684
682
677
674
673
675
677
680
679
682
683
681
680
680
676
674
669
665
663
661
665
668
669
672
675
672
671
670
668
669
665
661
657
658
656
659
660
664
663
665
664
661
661
660
656
653
647
648
647
649
652
653
653
654
655
656
655
652
649
642
641
638
639
641
645
647
647
650
653
645
645
642
640
636
631
632
629
637
638
641
642
643
647
641
641
642
639
638
639
642
650
657
666
677
686
695
704
708
715
719
720
726
731
734
738
743
750
757
761
763
766
771
772
774
777
774
778
778
780
783
785
791
799
805
810
811
817
819
821
830
828
833
835
842
842
846
847
849
848
847
847
842
839
835
829
826
824
821
822
823
822
818
817
817
817
816
813
811
809
809
812
813
813
816
819
819
819
821
825
820
818
812
809
807
807
808
811
807
806
805
805
803
801
801
798
794
787
785
784
784
787
786
787
785
785
786
784
783
780
775
773
770
769
770
770
773
773
769
770
770
768
766
766
759
757
753
755
757
755
757
756
756
754
753
752
753
749
749
744
743
738
740
737
740
741
741
740
739
739
735
734
731
729
725
726
725
724
731
730
727
726
723
723
722
720
720
719
712
711
708
708
709
710
713
711
709
707
708
710
705
708
699
695
694
693
695
696
697
694
698
696
692
693
689
688
687
681
679
676
681
681
682
681
680
679
678
677
674
673
667
667
666
664
668
666
667
670
668
667
664
665
665
662
659
656
654
655
653
656
655
656
657
657
657
656
656
655
653
650
648
650
645
646
647
648
649
649
649
650
647
647
646
644
642
640
640
640
641
642
645
642
646
644
642
642
638
637
635
633
631
629
636
634
634
633
634
633
633
635
635
635
629
627
627
625
624
629
630
632
633
631
630
630
628
629
630
622
619
621
622
621
623
625
624
623
624
623
621
620
620
617
614
612
609
612
615
617
617
617
618
618
617
618
618
615
614
613
610
610
613
615
617
619
620
623
621
622
622
626
630
637
640
661
661
662
662
665
671
675
683
689
692
697
701
708
712
716
713
709
703
698
695
698
695
697
704
710
719
731
748
756
764
766
768
767
763
767
773
776
774
782
777
789
795
799
803
796
799
792
787
785
784
778
781
787
789
792
802
808
811
809
807
801
795
792
788
789
787
789
788
787
799
794
796
795
794
790
785
781
776
777
778
776
777
778
784
789
801
801
804
800
794
787
781
779
777
777
777
781
781
785
789
794
797
795
793
788
781
777
778
778
780
780
787
783
791
800
800
806
803
795
789
785
782
779
776
777
781
781
784
790
794
795
796
791
785
779
774
776
769
768
767
769
769
772
779
783
785
784
775
772
767
763
759
759
760
756
755
757
763
768
772
773
774
766
762
754
750
750
749
750
749
748
754
757
762
766
766
758
757
750
746
740
740
735
736
738
736
742
744
749
751
749
743
737
733
731
729
727
726
726
732
730
736
748
746
747
745
741
739
738
744
750
757
767
776
783
798
819
831
839
842
849
847
851
853
858
862
867
869
872
870
876
879
871
876
871
864
858
847
841
839
835
834
837
839
841
846
852
851
848
843
837
835
825
825
813
810
813
814
813
818
824
827
824
823
822
816
809
801
800
799
797
794
797
798
801
808
809
810
811
807
795
789
784
779
779
777
776
775
781
785
794
796
797
797
790
776
773
768
766
765
762
764
762
765
769
780
780
780
777
771
764
756
754
753
750
753
752
754
758
765
768
770
767
761
756
748
745
740
740
739
739
736
739
740
747
751
755
753
747
741
735
731
724
728
725
726
727
729
732
739
745
744
741
741
728
714
712
709
709
708
708
715
716
722
727
730
732
732
727
720
712
709
707
704
703
706
705
707
709
715
724
727
721
720
713
706
701
697
697
694
693
696
693
696
699
704
710
711
709
705
700
691
689
686
684
684
684
687
690
698
702
705
707
706
698
692
684
680
680
677
681
679
681
681
685
692
693
695
698
690
686
684
678
677
681
687
692
690
699
706
720
735
745
754
757
759
760
760
762
771
775
780
787
794
797
807
813
818
821
816
814
810
804
803
800
798
801
800
800
810
813
816
818
813
809
804
797
794
791
793
796
797
791
796
809
817
821
823
822
817
815
815
819
826
834
843
854
867
880
888
901
915
919
918
918
912
910
911
909
906
906
907
910
921
932
941
949
959
965
968
973
982
997
1011
1019
1037
1050
1066
1079
1091
1101
1104
1104
1101
1100
1101
1111
1106
1111
1118
1127
1132
1139
1149
1144
1147
1138
1131
1114
1104
1096
1086
1083
1079
1068
1065
1065
1068
1083
1080
1082
1074
1066
1064
1053
1051
1050
1045
1042
1037
1036
1036
1041
1044
1046
1044
1041
1040
1032
1024
1021
1014
1017
1018
1015
1014
1015
1020
1029
1028
1026
1020
1013
1005
997
992
994
987
985
985
987
988
995
996
998
997
985
980
969
964
959
959
955
953
951
951
954
958
962
963
960
953
947
936
929
927
923
915
921
917
918
919
925
927
927
917
910
899
899
895
895
894
892
890
893
897
901
903
902
900
896
888
879
870
869
871
862
861
859
861
866
867
872
874
875
872
867
860
853
846
843
838
838
836
836
836
836
843
846
850
848
846
840
835
826
820
819
816
813
812
812
815
810
816
827
823
828
827
821
816
810
804
797
794
794
794
792
791
791
796
801
811
807
805
808
796
790
784
775
779
777
779
776
777
776
781
785
792
793
793
789
782
777
774
770
770
766
767
767
769
775
772
775
780
774
773
770
765
761
753
753
754
752
749
749
748
749
748
752
760
763
760
755
753
748
741
738
737
737
736
737
737
737
738
742
747
748
745
745
741
736
731
728
724
721
724
724
723
724
725
727
729
735
734
732
729
724
722
718
713
713
712
713
715
715
714
721
721
726
725
724
722
719
716
712
707
707
702
706
704
705
708
707
712
714
717
717
717
719
711
707
705
698
699
704
699
700
701
703
703
705
713
712
711
709
708
701
701
697
691
691
693
692
692
691
689
692
692
698
703
704
705
702
700
696
689
687
681
684
684
680
682
682
684
688
692
696
697
698
698
695
687
683
681
676
676
675
676
677
677
678
680
685
689
694
695
697
694
688
681
676
672
669
667
669
668
668
669
668
674
679
687
689
689
690
687
687
676
670
667
665
665
664
665
667
667
668
672
675
680
687
690
691
686
687
678
675
670
670
665
668
665
667
665
672
670
682
680
691
693
688
688
681
676
668
664
668
663
667
668
671
676
683
683
695
697
705
710
719
719
712
712
712
709
706
706
710
709
712
712
709
709
712
721
720
726
728
726
720
715
711
703
703
704
703
702
704
705
705
707
714
724
724
721
725
717
712
706
700
699
697
695
696
694
699
698
701
705
711
710
717
712
707
701
695
693
693
693
687
689
684
695
688
693
714
708
711
713
712
706
709
696
691
695
688
691
693
691
693
702
705
718
723
719
720
716
712
706
701
698
696
697
697
695
698
703
701
709
715
718
717
717
711
707
701
696
691
691
691
689
687
697
697
693
708
708
708
707
705
699
701
687
687
689
683
684
684
685
686
688
696
701
711
705
699
701
689
683
676
678
676
682
671
681
678
680
687
693
697
695
696
685
679
672
672
669
668
668
668
669
669
673
680
687
691
688
688
683
676
676
664
668
661
660
661
663
663
664
670
675
680
675
673
666
666
660
652
654
648
652
655
655
650
646
653
666
674
673
673
664
659
649
645
644
643
641
643
645
647
648
661
663
668
668
667
664
656
648
642
640
639
636
638
637
639
641
642
647
654
654
655
649
639
630
625
619
621
622
624
623
621
621
629
640
642
645
645
643
638
632
626
621
618
621
621
620
622
623
621
634
638
635
635
632
629
621
615
613
612
614
616
618
617
621
631
635
644
649
651
648
647
645
635
631
633
629
632
631
633
633
639
645
649
652
653
651
645
640
641
634
633
627
632
626
633
629
626
634
645
646
653
653
648
645
638
633
628
628
625
623
617
621
627
630
634
640
643
645
642
640
629
626
623
619
618
618
616
618
618
620
625
631
639
641
646
642
637
626
617
613
613
610
611
612
613
613
615
620
629
629
632
629
626
621
619
609
609
606
607
605
605
608
606
611
616
621
624
622
619
614
611
609
610
615
611
615
620
627
634
648
657
665
673
675
675
672
671
664
664
664
665
665
669
670
669
677
681
685
689
686
683
675
672
662
661
661
656
655
660
654
664
668
677
683
680
687
687
681
675
668
665
666
666
667
674
672
678
687
695
706
713
716
717
713
709
703
700
702
708
707
705
701
710
717
719
727
728
728
725
720
712
699
701
701
705
701
701
703
703
704
711
719
715
712
707
701
695
690
689
688
687
689
687
687
686
693
695
700
700
701
693
687
681
675
672
671
672
674
669
670
676
677
682
686
691
690
687
682
675
670
663
669
666
669
666
666
670
673
677
682
680
678
673
669
664
657
653
652
649
648
650
651
649
654
659
663
664
664
662
654
651
644
637
642
637
639
638
641
640
646
653
658
663
655
647
648
639
634
627
628
625
630
632
630
642
638
638
641
640
633
622
625
616
616
615
616
619
618
620
625
630
637
635
633
628
622
616
613
610
614
610
615
619
614
623
627
633
634
635
631
631
622
619
619
620
619
624
634
647
656
672
686
703
719
726
730
730
735
741
747
756
765
768
773
777
790
803
814
814
815
816
808
811
807
806
804
802
808
807
811
827
823
834
833
832
833
830
832
825
824
825
817
823
823
821
821
827
832
833
833
831
823
818
812
808
804
807
803
800
801
800
804
810
813
815
818
809
803
794
793
790
788
785
785
781
781
786
790
797
798
797
793
792
787
772
766
769
773
768
772
771
774
775
779
785
787
785
783
776
767
764
758
755
753
754
756
749
756
763
766
766
768
771
766
757
752
739
737
744
737
739
738
736
737
749
763
758
759
756
749
745
737
737
733
737
741
741
743
743
748
753
763
767
770
770
763
763
758
757
751
751
759
759
757
769
768
777
782
784
783
778
773
767
762
758
759
757
756
757
759
761
766
768
770
775
775
772
769
772
776
785
795
802
809
820
826
838
851
863
873
882
886
884
880
876
875
876
880
879
879
882
885
892
897
902
905
908
902
895
887
891
885
882
881
879
878
877
881
886
891
890
891
885
881
871
864
861
857
856
856
856
856
859
861
867
871
873
873
869
862
856
849
845
844
843
845
841
842
839
846
852
855
859
857
858
851
841
833
832
828
824
825
825
826
824
830
838
844
845
846
840
833
825
818
813
811
809
811
808
809
809
815
819
824
827
827
824
815
810
804
800
796
796
794
795
800
796
797
804
809
813
815
814
809
803
797
789
787
785
784
784
784
785
786
792
799
801
803
802
801
799
789
785
786
786
784
785
784
786
787
789
795
802
806
807
808
804
798
791
783
781
779
778
777
776
777
779
783
788
792
796
795
796
792
789
779
773
770
768
768
767
768
770
772
779
788
795
801
807
812
813
816
813
812
812
816
819
824
826
828
836
837
845
851
854
853
853
846
843
836
828
827
824
823
826
825
825
827
830
837
840
843
843
844
839
833
827
823
817
815
814
813
813
815
813
815
820
826
830
831
830
825
818
811
807
804
802
801
801
800
801
802
804
809
815
817
819
817
813
809
802
794
791
791
790
787
789
782
783
781
786
792
800
800
807
800
794
789
782
776
774
773
779
774
775
779
775
778
787
793
793
798
796
791
785
780
773
771
767
767
767
765
765
763
768
777
777
781
783
782
781
775
768
763
759
755
757
755
752
753
754
753
754
760
765
768
771
772
766
762
758
751
747
745
744
741
742
740
741
741
747
751
748
760
761
760
759
753
747
742
740
738
740
739
738
741
740
737
741
744
751
760
766
766
767
767
762
766
756
752
748
749
747
744
749
747
747
745
749
755
758
762
764
765
761
756
754
745
737
734
733
737
730
729
732
733
730
735
742
746
750
752
755
750
752
745
742
738
730
735
730
730
729
728
727
728
728
731
741
744
750
748
748
746
742
736
732
727
727
721
720
719
718
717
717
718
718
725
733
735
737
738
735
733
730
725
725
715
713
713
713
712
712
713
713
715
723
723
728
727
728
724
719
715
708
704
701
700
702
701
698
700
699
700
708
710
715
715
716
716
713
710
703
697
692
687
690
689
688
687
689
692
689
692
698
704
708
711
711
708
704
698
693
687
685
685
682
683
681
682
682
681
686
692
697
701
701
702
698
694
688
683
678
676
676
679
673
672
677
676
676
683
688
692
698
701
701
697
689
688
681
678
677
677
676
676
675
678
677
678
685
690
695
695
693
691
686
682
676
672
670
670
669
665
667
668
667
670
672
677
683
685
685
687
687
679
675
666
663
663
662
661
659
660
660
661
662
669
672
675
679
683
675
671
665
660
654
650
648
649
650
650
649
650
652
655
660
669
669
667
672
668
662
657
651
646
646
643
644
643
643
645
646
646
651
656
660
663
666
663
658
655
648
642
640
638
637
637
637
638
641
640
643
650
654
657
658
659
655
649
645
638
636
632
633
633
632
633
633
635
635
641
645
646
645
640
640
638
636
635
628
629
630
630
633
630
633
631
634
634
637
638
637
638
637
642
637
633
624
629
621
623
622
617
619
621
624
629
636
640
643
646
646
643
638
633
628
624
621
623
624
626
626
627
629
632
637
643
647
648
650
647
641
636
632
629
630
634
639
646
654
659
668
678
690
705
716
725
732
735
740
749
754
770
771
773
780
785
792
800
805
816
829
844
861
875
887
907
921
932
938
944
950
961
965
971
981
991
990
993
994
1000
999
996
997
988
981
975
970
966
963
963
963
963
966
966
966
969
973
978
982
984
980
977
969
961
954
946
943
940
937
934
932
932
929
931
936
939
939
937
934
932
926
915
911
906
907
906
905
903
901
903
903
909
910
915
915
912
908
901
892
886
879
875
872
871
869
866
867
867
869
877
881
881
878
879
874
869
865
861
859
859
861
863
861
864
869
870
874
879
883
883
880
875
867
860
853
848
842
842
841
841
845
843
851
853
861
865
864
866
861
856
851
843
838
835
831
828
827
825
824
823
825
835
834
837
837
832
825
817
810
803
800
798
798
796
795
798
805
805
817
811
812
815
803
800
794
787
782
781
780
785
785
790
803
810
819
834
848
853
867
865
869
862
861
861
863
862
861
863
860
864
863
869
870
870
870
867
861
850
842
835
832
830
832
827
828
828
829
830
838
839
842
842
839
833
827
820
813
809
807
807
806
809
812
811
817
825
830
832
830
829
826
818
812
804
800
799
794
793
793
793
790
793
799
805
808
809
804
802
795
790
785
778
773
773
773
773
774
772
775
782
785
790
789
790
787
779
773
767
761
760
759
756
759
758
757
755
760
767
772
776
777
773
768
764
757
753
750
745
745
745
747
748
747
744
752
753
759
761
761
758
753
747
741
736
737
735
732
734
733
735
738
738
747
750
755
759
760
759
754
749
747
743
743
741
743
749
755
759
768
774
788
802
810
817
819
822
818
816
816
815
811
812
810
809
808
808
807
809
814
818
819
818
816
809
803
796
791
787
784
787
782
780
780
781
783
791
795
799
798
796
796
790
781
773
770
769
768
767
768
768
768
770
773
781
783
788
788
788
783
776
770
766
762
759
758
757
759
760
761
764
768
775
776
776
775
772
768
761
753
751
749
746
747
746
746
746
749
750
756
760
763
766
767
759
755
745
739
738
736
737
733
734
735
736
736
742
748
751
753
750
748
747
737
730
725
723
721
722
720
722
722
720
725
732
736
740
740
739
731
728
721
717
713
711
710
710
710
710
711
711
721
723
723
729
726
721
715
709
703
702
705
702
702
704
704
706
709
716
722
719
721
721
717
707
706
703
700
697
694
693
691
696
696
699
701
706
712
713
715
709
709
700
694
689
690
689
691
689
689
690
691
697
707
709
711
712
714
702
699
694
687
681
678
684
684
682
686
685
691
696
699
702
703
701
689
687
681
673
675
670
673
673
672
673
673
683
691
692
695
694
687
685
677
672
666
667
669
669
668
671
673
678
686
689
690
689
683
676
670
664
662
663
664
663
664
664
669
674
679
683
682
679
674
668
659
656
657
658
654
656
657
660
667
673
676
678
676
670
664
657
653
651
650
650
654
656
652
658
665
668
672
672
671
659
656
646
647
647
645
647
650
650
657
664
667
671
665
659
650
649
640
642
638
637
640
635
641
648
653
658
660
656
649
642
635
633
635
636
636
637
635
639
646
650
654
659
654
648
642
636
628
631
632
627
629
629
634
639
644
649
650
649
643
641
628
624
622
622
621
621
623
624
630
637
641
641
641
636
629
623
617
616
620
615
616
619
619
625
631
635
637
636
631
626
618
614
612
611
612
613
612
617
626
626
632
634
634
629
623
616
611
609
609
607
611
609
611
617
625
631
630
629
623
619
613
609
609
609
608
611
611
611
616
625
628
630
632
615
617
615
616
615
616
614
615
615
614
614
613
612
611
611
611
619
610
607
606
605
605
603
603
610
610
611
616
621
623
628
619
615
610
605
603
603
605
607
613
615
620
629
640
649
660
663
662
661
661
662
663
667
676
677
682
683
688
690
690
690
688
688
688
