328
340
334
337
340
342
340
338
333
328
326
326
324
325
328
326
329
329
345
339
342
348
347
347
348
342
336
349
338
337
336
337
339
338
341
346
348
352
354
353
350
344
343
339
339
338
338
338
345
336
338
346
340
344
350
350
350
348
342
338
339
336
336
335
334
335
333
336
336
338
341
343
349
347
347
343
340
339
335
335
334
333
335
335
337
335
338
339
346
348
346
346
341
337
336
333
333
331
331
332
330
342
334
340
343
346
345
341
342
337
333
331
331
329
329
331
330
330
344
339
342
341
345
342
338
336
335
333
331
329
331
331
334
335
334
341
345
348
347
346
346
344
348
335
335
337
333
334
337
339
339
343
349
351
355
359
355
353
349
346
343
343
344
342
341
344
346
346
345
350
355
357
357
355
357
354
357
365
365
368
374
377
385
388
393
405
412
422
427
429
431
434
437
435
436
444
449
457
463
473
480
498
500
512
524
528
527
528
527
526
531
529
532
536
537
541
543
548
556
557
562
565
555
554
551
546
546
547
548
546
547
546
545
546
549
548
562
547
546
541
538
533
531
528
530
530
529
526
530
531
532
536
540
540
536
534
532
526
523
523
521
522
520
525
526
527
526
531
533
535
533
529
524
520
517
514
510
512
510
510
507
509
511
515
516
514
514
512
505
502
497
497
494
492
489
492
491
492
496
495
499
504
498
493
488
481
479
476
476
474
473
472
473
471
473
480
479
481
483
472
469
465
462
461
459
457
457
456
456
458
468
464
464
464
463
457
454
452
447
445
444
444
446
443
444
444
446
449
452
452
451
445
444
439
436
431
431
431
431
430
430
431
434
437
442
439
438
438
431
426
424
419
418
417
417
417
418
417
423
427
427
427
426
420
419
414
412
412
411
410
408
407
409
413
415
423
428
428
433
433
434
444
439
441
444
448
450
452
458
466
474
481
489
494
498
498
503
504
519
523
530
552
565
572
586
585
595
610
606
603
601
597
590
587
584
581
578
577
574
576
572
576
578
579
580
576
573
568
561
560
561
562
557
558
559
559
557
562
565
567
567
563
559
548
545
545
545
546
542
543
545
545
551
556
561
564
566
566
561
563
558
560
564
564
566
571
576
578
586
589
590
589
584
582
574
571
567
562
562
565
565
569
565
558
567
565
567
563
559
554
552
547
546
543
544
544
545
543
553
546
550
557
551
547
544
537
536
533
533
531
532
528
531
531
545
549
554
562
554
548
540
532
535
527
522
525
523
524
525
529
533
537
533
535
527
520
513
506
506
505
504
503
502
502
504
505
513
516
513
515
509
502
497
492
491
489
487
485
488
486
490
496
499
502
499
499
491
488
482
480
479
480
481
479
481
484
490
497
502
507
512
522
513
514
522
528
542
555
567
583
595
615
635
646
652
657
668
673
685
680
683
685
687
689
692
693
701
707
712
711
711
709
710
706
704
699
697
697
695
694
695
698
698
697
696
688
683
678
671
671
669
667
665
669
669
672
677
675
677
675
669
661
654
648
647
645
644
647
647
646
651
652
660
657
656
651
645
640
634
634
635
634
639
643
652
663
676
692
703
711
716
722
733
735
739
748
753
761
767
770
773
788
785
785
781
779
773
761
758
751
751
750
743
742
739
749
740
745
750
740
735
731
730
730
736
742
748
756
763
771
784
795
801
800
802
797
791
788
779
775
773
768
767
765
763
759
767
765
766
764
758
755
747
741
739
738
737
740
742
744
749
758
769
777
780
785
780
780
778
773
773
770
772
768
765
767
767
769
773
779
775
769
762
759
755
752
756
758
761
766
769
773
779
786
789
789
787
782
773
768
759
765
751
751
748
747
747
746
747
761
755
754
763
746
737
733
733
732
740
731
731
735
734
742
745
751
748
747
744
735
728
723
722
718
718
716
715
713
714
719
723
720
719
713
708
704
697
695
695
691
692
693
689
690
693
695
697
696
694
685
679
674
673
665
666
663
663
664
665
667
673
679
682
684
680
675
676
668
670
669
667
668
670
667
668
669
672
677
675
672
671
665
659
654
650
646
645
645
645
643
645
652
650
662
654
653
659
642
641
641
630
630
630
629
626
627
628
631
637
638
646
640
636
628
623
619
617
616
615
614
614
614
616
619
624
627
629
624
623
614
611
606
604
608
609
612
618
624
632
644
657
672
687
697
709
714
721
728
736
741
747
749
755
761
760
758
763
763
762
761
754
749
743
740
738
740
739
744
745
751
757
762
770
776
777
779
779
777
774
777
784
791
800
807
820
830
839
846
855
865
865
868
859
858
841
837
829
827
820
819
816
814
814
814
818
816
812
803
803
788
783
781
778
775
773
772
771
774
778
779
780
777
770
766
759
755
751
748
749
745
748
748
744
747
751
749
750
747
741
734
729
726
722
723
720
717
716
719
719
721
724
724
724
719
709
707
700
695
695
694
693
689
688
689
690
692
694
695
690
689
681
674
669
668
664
663
664
662
660
658
663
666
666
667
663
659
652
656
641
635
643
645
635
635
631
633
636
640
639
640
639
631
626
620
615
615
613
614
615
614
627
619
623
629
631
632
632
627
621
615
616
612
613
611
610
609
610
611
613
616
623
621
621
615
610
606
600
598
595
597
592
592
594
593
595
598
604
601
602
597
592
586
583
579
577
578
576
575
573
575
576
579
582
585
583
584
583
576
571
567
565
562
564
564
563
561
561
566
569
571
574
578
570
563
563
555
550
547
547
547
546
552
546
549
553
557
558
558
554
551
545
539
537
534
534
534
536
536
542
539
541
549
550
548
545
541
538
532
530
529
528
528
527
528
528
529
533
539
540
538
535
529
525
519
516
517
516
514
517
515
516
519
525
528
529
528
524
519
513
508
505
504
505
505
506
505
506
512
513
519
515
516
512
507
504
500
499
497
496
498
495
496
499
503
503
517
509
509
516
499
497
493
489
488
487
489
486
490
490
493
497
512
502
503
500
493
487
486
484
486
484
485
485
481
487
491
497
499
505
497
494
490
485
480
477
479
479
479
479
478
479
484
489
489
491
490
487
482
473
471
470
472
470
471
473
472
477
480
487
487
492
495
494
491
490
488
494
494
497
500
501
505
507
513
517
523
524
525
522
515
512
507
506
502
505
503
502
503
503
513
512
515
520
512
506
506
501
500
497
495
494
493
494
495
497
497
498
502
507
507
505
513
499
494
491
487
488
488
486
489
486
488
489
494
499
500
499
497
502
487
484
481
482
481
477
480
480
483
484
493
494
502
507
507
512
512
514
516
521
528
534
544
553
567
583
601
627
657
674
693
716
731
746
767
783
810
829
840
853
881
894
900
913
932
945
956
967
966
976
987
1007
1005
1003
1022
1021
1018
1016
1018
1017
1013
1013
1013
1013
1010
1006
999
992
983
979
975
971
965
966
963
961
955
953
956
957
956
953
950
938
933
925
917
913
910
907
901
899
895
892
892
894
897
896
891
895
879
874
869
867
867
868
870
871
871
872
874
877
879
881
879
873
868
860
854
846
838
835
829
825
823
817
815
812
811
812
813
813
809
805
797
790
784
780
772
769
766
766
762
764
761
770
763
766
765
762
755
750
745
739
732
729
725
723
722
719
717
715
715
718
721
719
717
713
707
702
696
689
688
687
684
683
681
680
681
678
683
686
694
686
679
674
668
661
658
654
652
649
644
644
643
645
647
651
651
658
649
644
640
634
627
625
623
621
619
620
617
619
616
621
624
626
624
621
614
608
603
599
596
596
595
593
597
593
593
598
602
601
601
600
592
587
594
579
576
583
574
576
575
575
579
583
591
595
598
594
594
592
589
587
589
591
592
593
595
595
601
608
615
619
623
623
624
620
623
623
629
632
633
635
640
646
649
655
658
658
657
651
652
644
640
644
639
640
637
636
637
637
642
646
650
653
649
645
642
637
634
633
642
630
631
631
631
630
635
637
641
639
639
634
630
625
621
617
614
615
618
615
617
618
620
623
628
625
622
621
623
611
607
606
605
604
603
604
604
604
611
613
616
613
612
608
600
597
595
593
593
592
595
593
592
594
601
605
603
602
598
591
587
583
583
581
580
580
578
580
583
587
588
593
588
587
580
576
572
569
569
567
576
565
568
576
573
576
579
578
576
569
566
560
559
559
556
555
556
556
556
560
567
568
568
571
565
561
557
550
549
547
545
546
545
543
545
550
554
558
556
556
554
547
552
540
536
537
536
537
537
537
537
540
544
546
548
548
547
539
536
531
530
526
529
527
527
529
529
535
539
544
545
541
539
533
531
525
525
525
526
526
525
525
528
529
533
535
539
537
533
528
523
520
517
517
514
517
514
515
516
520
532
530
528
526
525
522
513
512
505
506
509
504
507
505
509
507
512
530
521
521
523
520
518
519
519
525
535
542
552
559
567
577
585
602
602
607
618
612
609
609
607
606
611
612
613
615
618
624
626
634
639
647
649
650
651
649
650
647
647
645
644
642
642
645
645
644
649
651
651
649
649
643
639
634
632
632
631
627
626
627
629
626
634
639
642
639
638
635
630
623
617
621
617
619
618
617
617
618
622
626
634
629
627
621
619
613
610
610
610
612
612
615
617
618
623
629
630
639
628
624
620
613
612
607
619
608
605
615
604
607
611
615
615
615
612
608
602
599
595
591
590
592
590
591
589
592
596
600
598
601
598
592
587
585
581
577
579
577
576
577
574
577
579
584
587
585
586
584
579
574
570
566
566
567
567
565
566
566
568
572
575
582
578
578
575
566
562
561
559
557
557
557
558
554
557
560
563
566
566
565
571
558
553
547
546
547
544
546
544
545
545
548
553
556
558
558
555
557
551
537
534
536
535
535
534
535
534
537
542
547
547
547
541
535
533
526
526
528
525
524
522
524
524
530
536
537
536
534
529
525
518
521
514
516
515
514
517
517
515
521
527
528
528
525
520
517
511
506
507
507
507
506
507
508
507
512
517
519
516
517
509
509
501
501
500
498
498
499
500
499
500
508
512
516
514
517
512
510
508
505
517
509
512
518
520
528
536
548
562
574
587
602
616
613
621
631
638
658
658
668
696
711
726
744
762
786
793
800
804
801
799
800
797
795
793
790
791
793
793
794
794
796
793
793
788
780
779
773
774
778
778
783
785
789
789
794
800
801
802
802
797
790
781
775
774
766
766
762
759
758
757
756
758
761
760
758
750
743
738
730
731
729
727
726
724
719
722
723
724
727
727
723
719
710
706
699
700
696
696
695
700
693
692
703
699
699
707
697
691
686
680
675
673
671
672
668
672
674
677
681
724
689
692
693
688
683
682
676
682
675
673
673
673
676
679
683
690
693
697
694
691
692
685
683
683
684
683
680
680
679
683
686
687
686
687
683
676
671
666
661
660
658
655
655
657
653
659
665
665
661
661
655
651
645
640
638
639
638
637
636
638
640
643
646
646
642
636
632
628
623
620
622
621
620
621
621
623
625
626
628
635
623
615
623
605
605
602
603
601
603
603
603
604
610
610
612
609
608
597
594
592
592
592
591
591
592
592
595
604
604
605
602
595
591
585
581
582
578
579
577
579
577
582
587
590
590
589
589
579
573
570
568
567
566
565
565
565
566
570
572
577
575
575
570
565
559
557
556
552
553
552
554
554
555
559
563
566
564
564
559
553
548
545
544
543
541
542
544
541
544
548
554
556
557
554
551
544
547
536
537
543
534
535
535
537
535
542
546
550
551
547
543
536
534
529
528
528
534
525
528
527
527
535
538
539
541
539
531
529
524
522
520
519
518
520
518
520
519
523
532
532
533
533
529
523
519
516
513
514
514
512
514
512
517
517
523
525
528
528
525
521
515
512
508
507
507
510
515
515
517
519
523
527
530
531
526
523
520
514
509
510
507
507
509
510
510
515
518
524
530
528
538
524
523
531
520
520
523
523
525
535
528
532
536
546
545
545
542
540
534
531
525
525
525
522
523
523
523
526
533
535
548
542
540
535
543
528
526
523
521
522
525
524
525
527
533
538
538
540
538
534
530
526
524
521
522
523
521
525
526
527
535
540
545
544
541
535
530
527
526
525
526
525
525
527
527
529
537
539
538
539
536
531
523
524
519
518
521
520
519
521
520
525
532
536
536
532
524
534
519
517
516
516
513
513
517
516
517
525
528
536
530
526
520
516
514
512
510
509
509
510
512
513
518
523
523
524
530
517
514
507
503
506
503
503
505
507
507
512
515
520
522
519
517
510
503
501
500
500
501
500
501
501
503
509
512
516
517
515
508
501
496
497
495
495
494
496
495
495
500
505
507
512
512
507
499
496
491
491
491
491
491
493
492
493
502
507
505
505
501
494
489
496
484
483
485
483
485
489
493
495
500
502
500
494
491
485
487
485
483
492
484
485
488
493
501
503
507
507
505
502
503
504
509
512
518
523
537
533
543
549
551
554
553
547
547
546
547
550
553
560
563
569
582
599
612
622
628
641
655
672
693
703
712
720
727
739
755
767
776
776
783
781
782
778
777
775
775
775
773
778
781
782
779
781
774
767
765
758
759
756
755
753
751
749
755
769
759
755
749
745
739
733
733
730
727
729
726
728
730
735
736
731
729
720
714
710
709
706
705
711
700
704
707
711
711
707
701
694
689
682
683
679
680
679
677
681
693
688
687
690
679
672
666
665
661
660
658
659
660
664
667
673
676
671
668
663
660
659
657
658
660
659
656
661
666
669
666
664
657
652
648
645
643
643
641
641
639
645
650
654
654
656
650
643
640
639
636
633
635
637
635
637
647
643
645
642
638
632
625
620
620
616
618
614
616
616
621
624
627
624
621
615
609
604
602
601
600
600
601
610
605
612
610
613
607
606
599
598
602
602
604
603
610
612
619
628
642
633
631
624
619
612
615
614
612
612
609
613
613
622
627
625
622
619
612
607
606
605
605
606
603
607
609
613
618
617
617
609
607
600
598
598
597
593
595
597
600
605
610
611
608
603
597
595
592
592
601
591
594
603
595
599
602
605
604
601
595
589
587
584
584
583
579
583
581
584
591
593
595
595
590
585
578
575
574
573
573
573
573
583
579
582
586
589
586
579
574
570
567
568
565
566
567
569
571
576
586
581
583
578
571
568
565
563
563
561
562
561
561
564
570
573
575
575
569
566
557
555
554
558
554
556
558
560
565
569
571
573
567
564
557
554
550
553
550
550
551
551
557
561
575
569
566
572
559
552
554
552
552
552
555
556
562
569
575
578
578
577
573
569
569
571
571
572
575
579
579
582
592
592
593
589
582
578
576
574
573
574
577
586
577
585
590
593
588
585
578
574
571
572
572
571
574
573
578
584
597
593
594
593
586
584
580
576
580
579
582
576
579
586
589
593
590
587
582
577
576
573
574
573
572
573
576
579
585
585
587
580
578
573
569
567
567
569
569
569
569
580
581
585
586
583
578
573
569
566
564
563
565
565
563
566
569
577
580
581
579
574
569
567
565
568
567
566
566
568
573
576
579
583
583
579
575
568
564
564
565
563
565
571
564
570
575
579
578
576
571
568
563
561
560
559
560
562
563
563
579
577
577
578
574
570
562
560
558
560
559
558
561
561
564
568
575
575
573
570
563
558
555
554
555
553
555
556
557
563
566
571
569
565
561
563
551
550
550
551
550
550
552
553
560
562
564
565
558
555
547
544
545
544
543
544
546
546
551
556
561
563
562
555
552
548
548
544
544
545
545
547
547
552
557
556
561
558
554
546
542
540
540
551
540
538
542
545
548
552
556
553
550
544
537
534
536
534
535
534
546
535
542
549
553
550
544
537
536
532
531
528
531
528
528
534
537
544
546
544
541
534
533
526
525
522
522
525
525
533
527
533
545
539
539
534
529
522
522
521
518
518
520
520
523
527
533
535
533
531
527
521
517
515
514
515
514
515
518
520
526
528
530
530
528
521
516
513
512
512
513
509
512
512
516
520
526
528
528
521
518
510
507
517
505
505
508
507
508
512
518
522
524
523
516
514
507
503
503
504
510
505
504
506
512
518
520
520
517
510
503
501
500
499
498
497
499
499
506
511
514
517
515
516
505
499
502
495
493
495
495
495
496
503
510
512
512
508
503
497
493
490
491
491
493
492
495
496
503
506
506
508
500
495
492
491
490
490
492
493
494
494
499
507
509
507
507
501
494
491
488
491
490
487
488
491
493
497
504
507
507
501
495
495
487
486
486
485
482
484
484
491
497
502
499
499
495
490
482
480
488
483
482
483
483
487
491
496
495
497
492
485
481
478
479
476
477
478
479
479
484
493
496
500
489
486
489
475
475
474
475
473
475
476
480
483
489
490
490
487
484
477
473
473
472
471
472
470
473
476
481
489
489
489
484
479
474
470
468
469
466
468
468
470
472
476
482
486
485
486
481
474
471
468
465
467
467
469
470
472
476
482
485
493
480
480
474
469
467
464
465
462
467
465
465
471
477
481
483
481
486
475
469
465
464
464
463
463
461
463
465
471
478
480
481
479
472
467
464
460
466
460
461
461
462
463
467
471
473
477
475
471
468
462
459
458
458
458
457
457
458
460
464
467
471
473
474
468
465
458
456
453
452
453
450
454
455
455
462
468
471
471
471
465
463
458
454
451
452
452
449
458
454
458
463
466
469
468
467
462
455
451
450
454
449
450
448
451
452
452
462
466
467
464
459
454
451
447
447
447
454
448
447
445
452
457
463
463
463
458
451
457
445
445
452
442
444
446
447
449
453
460
460
464
459
453
446
443
442
439
438
440
442
444
446
451
457
458
458
457
451
445
443
437
438
438
439
438
441
440
444
452
454
459
455
453
447
443
439
435
439
435
435
438
439
439
446
451
455
453
453
449
444
439
439
438
438
435
438
440
441
443
452
459
455
451
447
442
437
435
433
434
433
432
434
433
440
445
451
453
463
448
442
434
431
437
430
430
430
430
430
433
436
446
446
447
449
443
438
433
429
428
428
426
425
428
428
430
432
436
441
443
447
446
440
434
431
426
425
426
426
422
424
425
427
431
436
441
441
442
440
436
431
424
422
422
424
422
425
425
425
427
432
440
439
442
440
436
431
423
421
419
420
421
422
419
422
425
426
427
434
435
436
442
429
425
421
419
417
417
416
419
417
417
422
427
443
437
435
438
436
430
423
422
424
422
422
424
425
429
428
434
442
446
443
447
442
440
435
431
426
427
427
428
429
430
431
431
437
442
446
447
448
442
442
439
438
443
449
457
460
464
471
476
484
494
497
502
501
497
493
490
486
485
485
485
486
487
484
489
490
498
503
502
503
501
497
492
485
485
483
485
485
485
483
486
490
495
500
500
501
500
494
499
485
481
481
480
479
481
488
480
483
483
489
495
496
491
489
481
484
476
472
471
473
471
473
474
475
478
484
486
486
488
484
478
474
470
466
465
465
464
467
468
470
470
476
481
484
483
479
476
471
465
464
463
462
460
462
461
461
465
470
472
477
478
476
475
468
464
460
459
457
455
455
457
457
459
458
466
469
474
474
474
467
464
460
456
454
450
454
451
452
454
455
453
461
464
468
466
467
476
459
464
450
448
446
447
446
447
446
449
451
457
461
466
463
465
458
452
458
445
447
442
443
442
443
441
445
449
451
458
464
464
462
461
456
452
447
444
447
446
449
450
450
453
457
460
467
467
469
467
461
455
452
449
445
445
447
443
447
448
452
456
462
467
469
467
461
460
454
448
446
446
446
445
446
447
446
451
458
462
461
459
462
455
450
449
444
445
445
441
455
443
446
448
454
458
463
462
462
459
452
456
447
443
446
443
444
442
445
445
449
456
460
464
464
464
457
451
450
442
443
439
440
442
441
443
444
445
454
457
459
460
456
449
444
441
437
439
438
439
438
439
441
442
450
455
457
456
454
450
442
439
437
437
437
436
436
438
438
443
448
455
457
457
451
448
441
438
436
435
434
433
436
436
438
439
449
455
454
452
451
453
440
436
436
434
433
435
436
439
440
447
453
458
459
457
452
449
439
441
438
449
435
438
437
439
442
449
454
457
455
453
446
441
437
435
434
432
442
436
437
437
442
448
453
454
454
448
444
436
435
432
433
431
431
433
434
438
443
447
453
453
448
443
436
432
431
427
432
431
432
432
434
440
446
447
450
448
442
436
432
428
429
428
428
430
431
433
436
443
447
449
456
443
441
443
427
430
429
428
431
429
432
434
438
445
451
451
449
442
439
430
429
429
429
429
431
432
436
442
448
462
461
465
460
461
461
459
463
475
470
475
478
485
500
509
521
525
527
522
516
512
502
505
504
504
509
504
505
506
512
518
521
523
522
521
515
511
505
505
506
502
501
503
504
505
510
520
524
525
525
521
513
508
503
501
504
502
499
502
505
507
510
526
519
521
527
514
512
507
503
505
505
505
507
509
512
516
520
527
531
535
534
530
528
525
524
523
525
525
523
525
528
529
534
540
543
540
538
532
526
528
522
519
520
518
519
521
522
528
532
535
535
531
526
521
514
512
522
513
513
513
513
513
513
521
525
528
528
527
521
517
512
509
509
508
507
507
509
512
513
516
521
525
527
524
524
517
515
508
506
505
505
504
513
502
504
507
514
519
522
522
520
515
510
504
499
501
499
497
498
498
502
500
510
514
516
516
510
505
501
494
496
494
494
492
495
496
496
503
506
512
512
509
505
501
498
490
499
490
490
500
488
493
495
501
506
510
507
509
499
495
489
486
487
484
488
488
497
487
493
498
503
503
504
502
495
490
487
484
483
485
484
485
485
488
491
498
499
499
503
498
498
487
483
491
480
482
485
480
481
485
492
495
499
496
493
489
486
477
476
479
479
477
479
478
480
488
493
495
495
495
486
485
481
477
475
475
474
480
478
480
482
489
493
497
496
492
487
481
474
473
471
474
475
473
475
473
481
487
490
499
490
487
480
475
467
471
469
467
467
473
472
477
482
486
490
487
491
480
473
469
468
468
467
466
466
467
470
477
483
486
486
484
477
471
466
465
464
475
466
466
466
469
476
480
485
487
482
477
472
469
465
462
464
467
468
469
471
481
488
491
488
489
483
482
480
476
475
476
477
479
477
482
489
493
492
491
489
484
479
473
474
470
471
473
472
475
475
485
491
493
495
489
486
485
479
480
481
479
481
493
485
488
494
499
500
496
492
487
481
476
476
478
475
474
478
477
489
488
493
492
493
486
479
475
474
473
471
474
480
474
477
490
490
492
492
490
484
479
474
475
473
473
473
472
475
477
484
486
486
487
485
466
460
459
458
458
460
460
463
462
465
473
480
481
479
474
468
460
459
461
463
463
464
469
471
484
490
493
493
491
484
478
469
462
460
461
458
463
466
468
472
480
483
482
481
475
470
465
463
468
464
465
465
464
471
477
478
479
476
471
468
465
462
461
463
465
470
465
470
474
483
488
499
487
481
487
478
478
478
481
480
483
485
488
493
501
512
512
516
512
508
503
502
503
505
508
510
516
525
533
539
544
544
541
537
532
528
528
525
526
528
526
529
529
534
538
545
548
546
542
534
528
525
522
521
524
525
523
525
528
535
540
541
543
541
535
531
526
527
526
524
529
527
534
540
543
550
553
553
558
547
541
536
534
533
531
532
530
534
532
534
541
545
549
549
547
546
534
530
535
525
521
523
521
525
525
527
531
537
541
541
537
535
528
524
520
519
518
517
515
516
517
520
522
530
531
532
531
526
522
519
514
514
512
513
508
512
512
516
518
525
528
533
519
511
505
498
493
493
492
491
495
493
494
493
496
504
507
509
507
510
504
499
495
493
492
493
498
500
504
507
512
521
528
532
534
533
526
525
530
517
517
519
521
519
521
521
529
524
532
544
537
537
533
526
520
521
514
514
517
513
517
518
519
525
529
536
535
535
531
525
521
518
514
516
513
515
516
521
531
533
540
544
537
522
519
513
511
506
517
523
522
524
529
529
528
532
531
523
524
520
517
514
523
523
523
524
523
526
523
525
530
536
543
544
546
542
537
533
530
528
525
527
529
531
534
536
543
553
546
548
544
540
531
526
528
527
526
523
534
529
528
533
538
545
543
541
543
533
528
523
521
521
519
523
524
532
529
534
536
539
539
536
534
525
519
517
516
519
518
519
519
520
524
533
535
535
535
529
524
521
514
517
513
514
518
515
517
525
528
536
534
536
532
526
519
517
517
516
514
514
514
517
521
528
533
532
531
526
520
515
512
512
507
496
497
498
499
502
509
513
516
514
506
505
495
491
487
490
487
486
488
495
498
507
510
516
514
512
509
499
494
494
490
501
503
503
518
517
524
534
539
543
541
539
534
539
525
514
512
516
516
514
517
521
528
530
534
536
527
524
521
516
508
507
510
512
512
515
518
525
532
532
533
526
517
515
512
508
505
505
506
508
508
515
522
523
525
525
523
516
509
507
505
503
503
503
505
503
502
512
519
523
524
523
517
512
508
501
502
500
499
503
504
504
509
517
519
523
524
515
507
506
502
499
500
499
501
500
509
508
513
520
519
519
512
508
510
501
497
498
497
499
495
500
502
557
515
516
515
511
506
502
497
495
495
492
495
493
495
496
505
508
512
512
512
506
498
493
492
492
492
487
490
492
495
499
506
509
513
509
500
481
476
473
471
471
466
469
470
473
477
483
486
488
485
481
474
467
463
467
482
485
484
487
491
494
505
512
520
523
517
514
505
505
500
500
498
497
496
496
500
507
512
517
516
516
510
501
505
491
492
488
493
498
491
493
504
504
509
512
512
505
499
491
485
495
481
483
482
482
484
482
490
498
501
501
495
493
486
479
477
478
475
478
479
479
483
491
494
498
497
493
487
482
472
476
484
483
487
487
490
492
496
504
507
506
503
495
490
487
483
487
486
485
484
485
491
500
506
506
505
500
494
489
488
486
486
486
485
488
488
495
501
505
502
504
499
491
485
481
482
483
482
483
485
485
490
496
510
500
498
494
487
482
482
481
488
479
477
481
481
487
495
495
498
499
488
482
479
474
473
475
475
475
475
479
484
490
491
491
487
483
479
474
473
472
478
475
473
477
482
489
493
493
490
486
478
473
472
469
472
471
472
475
479
486
489
493
488
484
478
472
469
469
469
468
469
469
476
483
486
487
484
477
471
469
467
468
467
469
468
467
474
478
481
481
478
473
471
465
464
465
465
467
468
466
472
476
482
476
474
469
466
466
462
461
475
465
466
468
469
469
467
467
466
471
466
465
466
464
465
463
463
466
465
465
462
464
462
463
463
461
461
463
463
462
460
462
465
466
466
464
461
460
456
458
459
461
459
461
461
461
464
466
465
464
463
459
456
456
457
457
456
458
457
460
463
462
462
460
459
458
455
455
455
455
455
454
457
468
458
457
457
456
457
453
452
451
449
455
451
451
451
453
456
457
467
475
472
459
460
448
446
452
444
444
447
445
451
457
461
458
457
452
451
458
447
448
444
446
447
448
448
452
453
456
460
455
450
446
443
442
445
442
443
443
447
453
457
456
458
453
449
443
440
440
441
441
441
442
445
448
454
455
456
451
447
443
437
439
439
441
440
441
437
448
451
452
456
454
447
441
437
433
432
435
434
435
438
444
448
456
453
450
443
439
432
432
432
434
435
435
440
442
444
445
445
453
449
440
449
435
436
436
438
436
440
442
446
448
448
444
433
429
426
438
427
430
431
434
437
438
436
436
444
450
443
437
431
431
430
431
431
434
437
439
440
442
445
444
438
435
433
429
427
427
427
429
430
434
443
446
446
445
441
435
432
431
426
427
426
427
431
435
444
448
451
450
444
438
430
428
430
427
431
430
431
434
440
449
448
447
443
435
430
430
427
427
430
430
429
433
443
447
454
446
441
