649
656
664
674
697
722
741
750
751
740
719
699
681
673
672
674
675
678
684
691
706
733
756
768
769
760
738
718
698
685
683
683
685
687
693
699
709
737
761
776
778
774
754
731
710
694
695
693
687
681
685
687
691
721
747
770
778
773
752
728
707
688
684
683
683
684
686
694
700
723
746
766
775
772
755
729
708
667
680
677
678
678
680
685
691
706
734
759
769
773
766
745
721
696
685
682
679
678
679
684
690
699
722
747
768
777
765
751
737
727
712
707
709
712
713
726
733
743
764
792
813
824
822
808
790
776
756
749
745
745
746
749
754
760
773
802
822
836
839
832
813
793
775
761
759
759
760
762
767
771
781
805
829
845
845
843
825
802
781
760
746
748
748
747
750
755
762
783
811
829
836
837
819
796
773
753
745
742
745
749
753
758
766
788
814
832
838
833
809
789
768
748
743
739
712
738
729
739
757
779
806
828
833
829
808
785
762
744
738
734
737
739
728
738
755
786
811
827
828
820
797
769
747
732
730
729
729
732
734
742
764
792
811
818
815
795
771
747
728
723
721
723
728
735
745
761
789
815
837
842
838
824
802
791
784
784
787
792
794
800
806
825
855
874
863
867
847
827
812
802
790
764
784
783
787
791
799
825
852
870
872
864
841
817
794
782
778
776
778
780
785
792
812
841
860
867
864
843
818
796
780
775
774
773
772
775
777
800
835
859
867
863
847
824
797
771
767
762
714
714
703
729
728
759
761
769
778
827
818
777
770
759
756
754
755
755
758
765
789
814
834
841
840
822
799
776
754
747
745
743
744
749
753
760
784
809
826
828
818
796
767
735
730
723
714
718
723
721
733
747
774
784
797
797
781
760
739
720
716
713
714
714
718
722
730
752
774
787
787
739
682
650
633
629
647
658
709
749
628
690
753
801
823
834
834
818
790
767
741
733
726
734
734
739
743
753
783
808
822
822
809
782
757
734
728
724
726
732
742
754
770
806
834
850
855
843
822
786
780
774
727
774
772
776
780
789
819
843
856
857
844
820
794
770
759
755
754
754
757
761
769
796
822
839
842
829
802
778
754
738
730
739
742
730
723
687
723
753
760
750
739
680
684
691
680
680
673
672
680
694
727
786
741
824
825
809
784
760
738
726
725
725
726
731
734
747
778
801
812
812
795
770
747
724
719
717
716
718
722
728
745
777
802
814
818
805
786
772
766
769
773
778
786
794
804
828
860
882
891
889
868
847
823
798
798
793
798
801
800
809
838
865
885
889
886
866
844
825
812
811
813
819
823
830
838
862
889
905
909
902
878
854
832
817
815
812
812
814
819
825
845
878
889
891
884
862
840
816
801
799
799
807
812
817
823
851
878
893
895
882
857
834
811
801
798
797
798
803
809
828
859
879
885
881
856
831
808
793
789
792
793
796
802
810
838
867
881
886
877
851
828
805
795
792
792
794
799
805
817
851
874
885
885
868
841
818
796
789
787
787
789
795
801
818
855
889
904
1005
989
906
834
765
757
757
688
727
767
814
990
1270
1551
1641
1569
1343
1185
987
648
616
625
646
702
792
887
1264
1691
1979
2040
1935
1595
1333
983
653
614
619
643
700
779
885
1327
1781
2062
2116
1997
1647
1365
1013
644
610
614
641
706
792
895
1304
1752
2045
2114
2037
1679
1380
1039
630
593
594
625
696
790
905
1361
1821
2105
2153
1998
1625
1270
875
676
667
697
750
855
966
1316
1824
2166
2241
2114
1742
1464
1166
850
796
777
788
842
912
1014
1471
1901
2158
2193
2072
1707
1420
1055
691
654
661
699
782
871
968
1429
1869
2137
2178
2031
1655
1368
925
659
638
660
704
797
900
1179
1695
2057
2193
2163
1819
1497
1208
712
662
665
701
767
876
969
1425
1881
2158
2192
2011
1635
1337
875
690
671
686
730
821
916
1182
1689
2052
2181
2143
1813
1456
1205
732
681
685
721
794
899
1023
1402
1889
2223
2307
2218
1855
1563
1189
831
796
803
833
909
996
1176
1696
2087
2273
2273
2004
1652
1372
856
778
751
767
813
900
1000
1313
1803
2143
2255
2205
1861
1542
1249
775
722
720
747
812
902
1012
1432
1894
2196
2250
2127
1768
1486
1085
756
729
738
775
853
947
1090
1615
2043
2250
2251
1983
1630
1354
824
731
9

799
894
997
1340
1824
2164
2265
2209
1843
1534
1204
767
726
725
751
821
912
1022
1457
1918
2216
2272
2147
1776
1490
1171
754
711
705
693
743
837
943
1317
1782
2098
2190
2138
1789
1458
1171
621
552
568
616
668
753
854
1073
1439
1714
2095
2101
1991
1650
1348
762
603
570
581
617
702
807
1037
1603
2011
2017
1958
1745
1493
1234
907
755
754
724
825
908
946
994
1203
1427
1611
1920
1901
1622
1360
1136
742
704
715
733
780
865
975
1211
1661
1994
2149
2130
39
1609
1377
953
877
857
869
904
982
1062
1261
1701
2029
2163
2162
1953
1639
1383
951
837
818
837
891
976
1062
1244
1708
2057
2219
2217
1962
1633
1328
921
847
831
846
889
965
1050
1369
1806
2101
2192
2149
1832
1533
1245
831
791
793
822
890
973
1114
1596
1965
2176
2201
1966
1610
1358
894
787
777
805
840
938
1067
1221
1517
1747
2028
2154
1826
1521
1249
834
792
788
815
873
959
1059
1409
1831
2130
2219
2170
1809
1514
1192
843
803
792
821
905
1001
1109
171
2212
2257
2139
1788
1515
1138
863
836
843
868
943
1025
1151
1617
2015
2246
2288
2090
1725
1473
1045
867
842
858
898
980
1081
1287
1509
1847
1883
1940
1997
1763
1527
965
840
804
843
925
945
1033
1269
1696
2013
2171
2210
2069
1787
1557
1189
993
971
979
1007
1095
1176
1298
1446
1518
1501
1521
1512
1463
1429
1389
1180
1138
1107
1103
1137
1170
1215
1410
1699
1912
2020
2043
1867
1677
1501
1217
1157
1137
1137
1156
1202
1260
1390
1715
1979
2118
2145
2030
