566
567
567
569
571
574
578
586
589
597
603
605
599
604
602
594
605
362
359
358
357
356
356
355
354
353
352
352
353
355
356
359
359
357
356
353
352
345
337
334
333
328
331
331
330
330
329
332
333
333
336
335
333
331
329
326
324
323
322
322
321
321
321
321
322
324
323
325
326
326
324
322
321
318
317
316
315
314
313
313
313
313
314
316
317
318
320
322
324
324
325
324
326
331
334
340
344
347
349
351
354
358
362
365
366
365
365
365
362
361
360
358
358
357
357
355
357
356
356
356
358
358
360
359
358
356
356
352
351
349
349
350
352
350
349
335
277
274
280
283
294
306
309
304
312
313
311
308
311
309
310
307
310
311
312
313
316
319
320
321
323
322
324
323
322
322
324
323
325
323
324
325
325
326
327
330
330
332
332
331
329
327
325
323
322
320
320
320
317
318
318
318
318
320
318
322
322
322
322
320
315
313
309
309
308
303
304
305
304
304
304
304
307
308
309
307
309
307
306
304
301
299
298
297
297
298
297
296
296
295
296
298
299
300
299
300
298
295
296
296
297
300
302
305
309
312
313
321
325
329
334
338
341
344
347
347
347
347
347
355
355
349
355
347
354
353
357
362
368
378
421
424
418
419
425
427
427
423
423
426
423
422
422
417
416
425
428
429
429
427
428
411
423
413
406
408
407
410
411
413
410
411
409
409
409
405
411
414
416
418
417
416
414
412
411
410
410
408
408
407
407
407
406
409
410
411
402
408
408
407
403
403
403
403
400
395
396
397
394
394
396
398
399
399
400
400
399
398
399
395
391
389
387
387
386
385
385
384
384
386
387
387
389
389
387
385
383
382
383
384
381
381
379
387
389
388
388
389
391
393
395
397
396
394
393
391
387
385
383
385
385
381
382
380
384
385
387
388
390
385
383
381
379
376
376
375
373
372
372
372
373
373
376
378
382
380
379
378
376
375
372
371
370
369
368
367
368
366
368
369
370
371
372
371
369
367
365
363
362
360
360
358
358
358
359
359
359
361
362
363
362
362
359
357
355
353
350
350
350
352
351
349
352
353
355
358
362
364
362
358
358
356
356
360
363
364
367
369
371
373
375
381
385
386
388
390
395
390
385
381
384
387
400
385
381
380
367
331
341
362
368
368
369
366
357
355
353
350
347
348
348
344
342
342
341
343
346
349
341
344
343
344
342
338
338
337
335
338
345
351
354
357
358
367
397
404
402
400
403
398
395
394
393
391
392
391
390
391
392
392
394
396
398
399
399
400
398
397
399
402
403
405
409
409
411
413
418
421
426
430
427
424
425
421
423
419
417
415
414
414
413
412
414
414
412
416
416
418
418
418
416
413
411
409
408
407
407
411
409
408
408
407
406
409
410
410
410
411
408
408
404
404
403
401
404
402
403
403
402
405
410
413
418
421
423
425
425
427
428
427
428
428
429
431
433
435
441
444
451
458
464
469
471
475
478
478
481
483
486
487
487
488
495
494
493
493
494
495
495
494
492
488
485
482
478
476
475
474
473
472
471
471
471
474
474
475
475
474
473
469
467
465
465
465
464
464
464
466
468
471
471
475
477
477
477
475
474
473
470
469
468
466
466
466
465
466
465
465
467
469
471
471
471
468
465
463
460
460
460
462
466
471
475
480
487
493
504
508
512
515
518
520
525
529
531
531
530
532
534
537
536
537
538
540
540
540
539
535
531
526
523
519
515
514
509
506
505
503
502
502
502
503
501
501
498
497
495
490
488
485
484
482
481
480
479
477
478
480
482
483
483
482
479
477
473
470
469
467
466
466
464
463
463
462
464
465
466
466
466
463
460
458
455
450
450
449
447
445
444
445
445
447
448
448
448
447
444
442
440
437
437
436
434
434
434
434
433
434
435
437
438
438
437
433
432
431
429
424
424
423
423
421
420
421
423
424
427
429
429
430
429
427
426
424
420
419
419
417
416
415
417
415
418
422
420
420
419
418
416
413
410
407
407
405
405
404
403
403
404
406
408
408
408
409
405
403
401
398
398
395
394
394
396
394
397
397
398
400
400
399
396
394
392
390
388
388
387
386
387
387
387
388
390
392
393
393
391
390
387
384
384
383
380
380
380
380
380
382
383
385
385
387
386
384
384
380
378
377
375
375
375
375
374
375
375
377
379
380
381
380
378
377
375
372
371
370
369
369
369
369
369
370
372
375
375
376
376
374
371
370
367
366
366
365
365
365
365
366
366
369
371
372
373
372
371
369
368
366
365
364
364
364
364
364
364
365
367
367
370
371
371
370
368
367
365
362
361
362
361
360
360
359
360
362
363
365
367
366
367
365
365
361
360
358
356
356
356
356
356
357
354
359
362
363
364
364
364
361
360
357
356
354
355
354
354
355
354
353
358
359
361
362
362
362
360
359
357
357
356
356
356
357
357
358
358
360
362
364
366
366
364
363
360
358
357
356
356
356
355
355
356
357
359
362
364
362
364
362
360
358
356
354
355
354
353
353
354
354
354
357
358
360
359
360
359
358
354
353
352
351
350
350
352
350
350
352
353
355
357
358
358
358
355
354
351
349
349
348
347
347
347
346
348
348
351
353
356
357
356
355
354
350
349
348
348
347
347
346
347
347
347
350
353
354
356
359
357
357
356
355
357
358
362
373
376
378
378
380
386
393
398
399
401
402
403
401
402
404
404
411
415
417
416
415
414
416
418
422
422
422
422
421
419
416
416
414
414
414
413
411
412
412
413
414
417
418
418
418
417
414
412
409
407
406
405
405
405
405
404
405
406
407
409
411
411
411
409
406
405
403
403
402
402
401
401
401
402
404
407
406
408
408
406
404
403
400
398
398
397
395
395
396
395
396
399
400
402
403
403
401
400
396
395
394
394
393
394
393
394
395
397
398
400
401
402
401
398
396
393
391
392
390
389
388
389
390
390
392
395
395
398
397
395
393
391
390
390
388
388
387
388
388
390
392
393
395
395
395
394
391
389
386
385
385
384
385
384
383
384
384
387
389
390
391
392
390
387
386
383
382
382
381
380
380
382
383
383
385
387
389
389
390
388
388
387
387
388
388
389
390
397
404
405
407
412
415
416
418
415
416
414
411
409
409
408
408
407
408
408
409
410
412
413
414
413
413
412
408
407
407
406
405
406
406
406
408
409
411
412
423
414
413
412
411
407
405
406
407
407
409
410
413
414
418
422
425
427
427
427
425
424
422
421
421
420
423
424
425
427
427
430
434
437
443
451
453
450
447
444
443
441
438
438
437
435
437
437
437
439
441
441
441
439
437
434
432
431
429
428
428
427
427
427
427
428
432
433
434
433
432
430
427
425
424
422
422
421
421
420
423
423
425
428
429
430
431
430
426
425
424
422
421
420
419
419
419
420
420
422
423
425
426
426
425
424
421
419
417
416
415
415
414
414
414
415
416
418
420
420
421
420
417
416
413
413
411
409
412
407
409
408
408
410
413
414
416
416
415
413
410
410
407
405
404
404
403
403
402
403
403
405
406
408
409
409
410
408
408
407
406
406
406
406
406
405
407
408
409
412
415
416
417
416
414
412
410
406
404
404
402
402
401
400
400
400
401
403
405
406
407
406
405
403
401
399
397
395
396
394
394
393
394
395
395
397
398
401
402
401
400
398
396
393
391
391
390
389
390
390
390
391
393
394
397
397
398
398
396
394
392
392
395
392
390
391
390
389
391
393
394
394
397
398
397
396
395
392
390
389
388
389
388
390
390
391
393
396
399
402
405
406
406
408
411
410
409
409
408
407
406
406
407
406
407
408
409
409
410
409
408
404
404
402
399
398
397
397
396
395
395
396
397
399
400
403
402
401
400
399
397
393
393
393
392
390
390
390
390
391
392
394
397
397
397
397
395
393
391
389
387
387
387
386
387
386
386
387
389
392
392
393
393
392
391
387
386
385
384
384
383
382
383
383
382
385
386
388
390
390
390
388
386
383
383
381
381
381
379
379
381
380
382
382
384
386
388
388
389
388
386
384
382
381
379
377
379
380
378
379
380
381
384
385
386
389
389
388
387
386
384
382
380
381
380
380
380
380
380
381
384
385
386
387
387
386
383
381
380
378
377
377
376
376
376
375
377
377
380
382
383
383
383
381
379
378
376
375
374
373
373
373
373
373
375
376
378
381
380
379
379
376
375
372
372
372
371
370
369
371
371
372
373
375
376
377
377
374
375
372
370
369
367
367
368
366
367
368
369
370
372
375
375
375
376
374
372
369
369
367
366
365
365
366
365
366
366
368
369
372
373
374
373
370
369
367
366
365
365
364
363
366
364
365
367
369
371
372
372
371
370
368
366
368
367
368
367
369
371
372
374
376
381
393
395
396
394
393
391
388
387
386
384
385
385
386
386
390
392
396
399
402
402
403
401
400
401
400
398
399
397
398
397
396
396
397
399
400
401
402
400
398
396
393
391
390
390
389
389
388
391
389
390
391
392
393
393
393
392
390
387
385
384
385
383
382
383
384
383
384
387
389
391
392
392
392
390
390
388
387
386
386
388
387
389
390
392
399
404
408
420
422
421
422
422
421
420
422
424
431
433
433
435
438
440
444
445
447
449
450
448
445
442
439
439
437
435
434
430
434
433
433
435
437
440
440
441
441
439
438
434
432
432
430
430
429
429
428
428
430
431
433
433
436
434
433
430
428
425
424
423
422
421
421
421
419
420
421
423
425
426
427
427
427
426
425
424
425
425
427
428
429
430
431
434
442
440
440
442
444
444
442
442
440
440
439
441
443
446
451
452
453
454
459
466
468
469
471
469
467
464
462
459
457
457
457
456
456
457
457
458
461
463
464
464
464
462
462
459
457
457
455
456
454
455
454
455
456
457
459
459
459
458
456
461
466
464
462
460
459
458
457
457
457
458
460
461
463
465
463
463
461
459
457
454
452
452
451
451
450
450
449
450
450
453
454
455
455
453
451
449
447
444
444
444
443
444
445
445
446
449
450
455
454
456
456
455
454
452
450
447
446
444
443
443
442
442
442
444
447
450
454
456
457
456
453
453
453
451
450
449
449
448
448
449
448
449
450
452
453
453
452
451
449
445
442
440
439
437
438
437
437
437
437
440
442
442
443
444
442
444
440
436
435
435
434
435
434
434
434
434
434
438
440
441
441
440
439
437
435
433
431
431
429
429
428
429
428
429
431
433
435
437
437
437
436
434
432
431
430
429
429
429
429
428
431
431
435
436
438
442
439
436
437
429
429
428
427
426
424
427
427
426
427
428
431
432
433
433
431
430
428
425
424
423
422
422
422
421
422
423
425
427
428
429
429
429
427
424
422
420
419
418
419
417
418
417
419
421
422
424
426
424
425
424
423
420
418
416
417
416
416
415
416
416
416
418
420
422
423
424
423
420
420
417
415
414
413
411
412
412
413
413
414
416
419
419
420
421
418
416
414
413
411
411
410
411
409
409
410
411
411
415
416
417
417
418
415
414
413
409
408
408
407
407
406
408
407
407
410
412
416
417
418
418
417
415
414
413
413
411
412
412
413
413
413
414
416
419
421
424
425
425
427
429
428
427
425
427
424
424
424
424
424
425
427
429
431
434
435
437
435
433
431
430
429
427
427
427
426
427
426
428
429
431
432
434
434
435
435
433
430
428
426
425
425
426
426
426
427
428
432
436
442
445
447
446
448
447
445
445
443
442
441
442
441
441
441
441
442
443
444
446
447
447
449
446
446
443
440
439
437
436
435
436
436
436
435
438
438
439
442
443
445
446
444
441
441
438
435
434
434
432
432
433
431
432
433
434
436
438
439
440
441
439
437
437
434
433
431
430
430
430
429
429
427
429
429
432
434
436
437
437
435
431
430
429
427
426
425
425
426
427
430
431
438
444
450
459
463
467
467
474
477
476
477
477
478
479
479
480
483
486
488
509
521
523
528
530
533
533
534
537
539
543
548
556
556
558
561
561
564
565
568
572
573
575
579
577
575
572
569
565
564
563
561
561
560
560
560
561
562
564
576
579
581
579
578
577
573
572
569
566
564
562
562
561
560
559
559
560
559
561
561
561
560
559
557
555
553
552
551
549
549
550
549
548
548
549
551
551
552
551
549
546
542
540
537
534
533
531
530
530
529
528
528
529
530
531
531
530
528
525
521
519
516
513
514
512
512
510
512
509
512
512
515
516
515
516
512
510
507
505
503
501
500
499
498
498
497
497
500
501
500
502
501
499
497
493
490
489
488
486
486
484
484
484
484
485
487
489
486
490
489
488
485
482
481
480
481
482
484
488
491
497
502
509
514
518
525
531
533
532
531
530
527
525
524
523
524
526
525
527
523
524
525
524
524
524
523
521
517
513
509
507
506
505
504
503
501
501
501
502
505
506
508
508
507
505
503
507
511
510
512
512
515
514
514
513
513
514
516
517
517
518
515
514
510
507
504
503
502
501
499
499
498
498
499
502
503
503
503
505
502
502
499
496
493
492
490
490
490
489
489
489
489
491
492
495
494
495
495
493
491
488
487
483
483
482
482
480
480
480
480
481
483
486
487
487
487
485
485
483
482
483
486
487
490
496
500
505
509
520
524
528
531
534
537
538
540
540
539
535
532
529
528
527
525
524
523
522
522
524
526
526
526
525
523
520
518
514
513
511
510
508
508
507
507
506
507
509
511
513
513
512
512
508
505
503
501
499
499
498
497
495
497
497
498
500
503
504
504
503
502
501
500
499
500
501
504
507
509
516
521
524
528
531
532
533
534
531
528
526
524
522
520
520
518
518
516
516
519
520
521
523
522
521
519
516
513
512
509
508
507
506
507
506
506
507
509
512
512
512
512
507
505
503
502
500
498
498
495
497
496
497
497
500
502
502
503
501
499
496
494
492
490
490
488
489
487
487
488
491
492
493
495
495
493
491
488
486
483
482
482
482
480
480
481
482
483
487
487
488
488
486
484
481
479
477
476
475
475
475
475
475
475
477
480
481
482
484
483
481
478
476
474
472
472
471
469
470
470
471
471
473
475
477
477
478
476
474
472
470
468
467
467
466
465
465
465
466
469
471
473
474
473
472
470
468
466
464
464
461
462
461
462
462
462
465
466
469
470
470
469
467
465
462
461
460
459
459
459
458
458
459
461
464
464
467
469
469
469
468
470
470
472
475
484
493
496
497
499
501
505
507
510
516
518
513
510
506
504
501
500
498
497
495
495
496
497
501
504
507
509
510
510
509
507
504
503
504
503
503
502
502
503
504
506
508
507
507
505
502
501
498
495
492
492
490
490
490
490
491
492
495
497
498
499
499
498
495
494
491
489
488
487
486
485
485
485
485
486
488
489
491
491
491
488
487
483
481
479
477
478
477
477
476
478
479
480
481
484
485
485
485
483
480
477
475
474
474
473
472
472
472
472
471
474
477
479
479
478
479
476
475
472
470
469
467
468
466
468
466
467
467
469
472
475
474
474
474
473
469
467
464
463
463
463
463
463
463
463
466
469
472
475
478
476
479
477
476
477
474
478
480
482
483
483
484
487
488
491
495
497
501
505
505
501
496
493
491
489
488
485
485
485
485
484
485
486
487
488
489
488
488
486
482
480
479
476
475
474
473
473
473
473
473
474
476
479
480
480
481
481
477
475
472
471
470
469
468
467
469
467
468
470
474
472
473
474
473
476
473
471
469
467
465
465
464
463
461
462
462
463
463
467
468
471
473
475
474
474
472
470
471
469
470
470
472
476
480
481
480
483
484
486
487
488
487
486
484
482
478
477
476
474
474
473
473
473
473
475
476
478
479
481
481
480
477
475
473
471
470
469
469
468
468
468
468
469
470
472
474
474
476
476
474
472
470
468
468
465
465
464
464
463
464
465
465
467
470
471
472
472
471
468
467
465
463
462
462
461
461
460
462
463
463
465
467
470
471
471
472
471
469
467
465
464
462
462
462
461
460
462
461
463
465
468
469
471
470
468
466
463
462
461
459
459
458
458
458
459
459
462
462
465
465
466
465
463
461
460
459
457
458
459
459
461
463
465
467
471
475
478
482
486
491
488
486
483
482
481
479
479
478
478
478
478
479
481
483
485
484
483
481
477
475
474
472
471
470
470
469
469
468
471
473
474
476
477
477
475
472
471
468
467
466
466
465
464
465
464
466
469
470
471
472
472
472
469
467
465
463
461
461
461
461
461
462
462
463
467
468
469
471
471
470
467
465
463
463
461
460
460
460
460
459
460
462
464
466
467
468
467
466
464
462
460
459
458
458
458
457
458
458
459
461
464
466
467
467
468
466
465
462
460
459
459
458
458
458
457
459
460
462
464
466
467
467
467
466
463
461
459
458
456
456
456
455
455
456
458
458
460
462
462
465
463
462
459
458
459
458
461
457
459
459
461
464
466
469
474
476
479
480
482
491
490
488
487
487
488
488
487
492
489
489
488
488
490
491
492
492
489
488
485
482
480
478
476
475
474
473
473
473
474
475
477
479
479
480
478
477
474
472
470
468
467
466
466
466
468
466
466
468
470
471
472
472
472
470
468
466
464
463
461
462
462
460
461
461
461
464
467
468
470
473
468
466
465
462
461
457
457
458
457
457
457
458
459
460
463
465
465
465
463
462
459
458
456
454
455
454
453
454
454
455
455
458
461
462
462
462
458
459
456
452
452
451
451
450
450
450
451
450
453
455
457
456
457
457
455
453
451
449
448
448
448
448
448
450
451
453
456
459
462
465
465
465
463
463
460
458
457
456
456
456
456
456
457
458
460
462
463
463
463
461
459
456
455
453
452
452
452
451
452
452
450
454
455
458
457
459
459
457
455
453
452
449
448
448
448
447
447
447
448
450
452
453
455
456
456
454
453
449
447
445
445
444
444
443
444
443
443
446
448
450
451
451
452
452
449
446
444
447
443
442
442
441
441
441
441
444
446
447
449
450
449
447
445
441
440
439
440
438
439
438
439
438
440
442
444
446
445
446
445
443
440
439
437
436
436
436
435
434
435
436
436
438
440
442
443
442
441
439
438
436
434
433
433
432
431
431
432
433
433
433
437
438
439
440
439
437
435
432
431
429
430
428
428
428
429
430
431
433
435
436
437
435
435
432
430
429
427
427
427
426
426
426
427
427
430
433
434
434
434
432
430
430
426
426
425
424
424
423
423
423
424
426
427
430
431
431
431
430
429
425
423
423
421
421
421
421
421
421
421
425
426
428
429
429
429
427
424
423
420
420
419
419
418
417
418
418
420
423
425
426
426
426
424
423
421
419
417
416
416
414
416
414
416
417
419
421
424
425
425
421
422
418
416
416
414
414
413
413
413
414
414
416
418
421
421
421
420
419
417
413
412
412
412
411
411
411
411
412
414
416
418
419
419
418
416
414
412
411
409
409
408
410
409
409
411
413
416
418
416
418
416
413
412
409
409
408
408
408
409
408
409
412
414
416
416
416
414
414
411
408
408
406
407
406
405
406
407
407
409
412
413
414
414
413
410
408
407
406
405
405
404
405
405
404
405
408
410
412
414
414
411
409
408
406
405
404
403
404
402
403
403
405
407
409
411
412
412
409
407
405
403
403
402
401
402
401
402
403
405
408
409
409
410
408
407
405
403
402
400
400
400
400
402
401
403
404
412
408
409
408
407
405
403
402
400
400
399
400
400
399
400
403
405
406
408
408
407
405
403
402
401
398
399
398
398
398
398
399
402
403
403
406
404
406
405
402
400
398
398
397
397
397
397
397
398
399
401
403
405
405
404
403
402
400
397
396
396
395
395
393
395
395
399
400
403
403
404
402
402
400
397
396
395
395
395
395
396
396
397
400
404
406
410
409
409
407
407
405
404
404
405
404
404
406
407
407
409
413
415
417
417
417
416
415
412
410
410
410
410
409
409
409
410
412
415
416
418
418
419
416
414
412
410
410
410
409
408
408
409
410
412
413
416
418
419
417
416
413
411
411
409
409
409
408
409
408
409
410
413
416
416
418
417
416
413
413
410
408
408
408
408
407
407
408
410
410
412
415
415
416
415
413
411
409
407
407
406
405
406
406
406
407
407
411
413
414
415
413
412
409
409
407
405
405
404
404
403
404
404
407
409
410
410
413
412
410
408
407
404
403
403
402
402
402
402
404
405
406
409
409
410
410
408
406
404
402
401
401
401
400
401
401
402
405
406
407
409
409
408
405
403
402
401
400
400
398
398
399
399
399
402
405
406
407
406
405
403
400
398
398
397
397
397
396
397
398
399
401
403
404
404
404
401
400
398
397
395
394
394
395
395
395
395
398
400
402
402
402
401
399
395
395
394
394
392
393
393
393
393
395
397
399
400
401
401
399
398
395
396
393
392
392
392
389
393
393
393
396
398
399
399
399
398
396
393
394
391
390
390
390
390
390
390
392
394
395
397
398
397
395
394
392
391
390
389
389
388
388
387
389
389
392
395
395
396
396
394
391
390
388
387
386
386
386
388
386
386
389
390
393
394
393
392
391
388
386
385
384
384
383
385
385
385
387
388
388
392
392
390
389
387
385
383
383
383
383
382
383
382
384
386
388
389
391
390
388
386
384
382
381
381
380
381
380
380
381
384
385
387
388
388
387
386
384
383
380
379
380
379
379
379
379
380
382
384
386
387
387
385
384
381
380
379
378
377
377
377
378
379
379
382
384
385
385
384
383
382
380
378
376
377
376
376
376
376
377
378
380
382
382
384
385
384
382
380
378
378
376
377
377
377
378
377
379
381
382
384
385
385
385
383
381
380
378
377
376
377
375
375
376
376
378
381
382
383
385
386
384
381
379
378
377
378
377
377
377
377
378
378
381
382
384
386
387
386
386
384
383
381
380
379
379
379
379
380
381
381
383
387
388
388
389
388
387
384
382
381
381
380
380
379
381
378
380
382
385
386
387
387
388
386
384
382
380
380
380
378
379
379
378
379
381
383
385
386
387
386
385
383
381
379
379
378
379
378
378
378
377
378
380
381
384
385
386
385
383
381
379
378
377
376
377
376
377
377
376
379
381
381
384
384
384
383
380
379
377
377
376
376
375
375
374
374
376
377
380
381
383
382
381
381
380
377
375
375
374
373
373
373
374
375
375
376
378
379
381
381
381
380
378
376
375
373
373
372
372
371
372
372
372
374
377
378
379
379
379
378
378
375
374
373
371
371
371
371
370
370
372
371
373
375
376
377
378
377
375
374
373
371
371
369
369
370
369
369
371
371
372
374
377
378
378
378
377
376
375
372
371
370
370
369
369
369
369
370
371
373
374
376
377
376
375
373
372
370
370
369
368
369
366
368
367
368
369
370
373
375
375
375
375
373
371
370
368
368
371
367
367
372
368
370
370
369
371
373
374
374
375
373
372
371
369
368
369
370
371
371
373
374
376
376
380
383
384
386
385
386
384
382
377
379
378
379
377
377
378
378
378
379
381
382
384
387
386
385
384
382
380
378
379
377
377
377
376
377
377
378
379
381
383
384
384
384
382
381
378
377
377
376
375
375
375
375
376
376
378
379
381
382
382
383
381
381
379
377
375
372
375
375
374
375
375
375
376
377
379
381
383
382
384
381
379
378
376
375
374
374
374
373
374
375
375
376
378
381
381
382
382
380
378
377
375
373
373
372
373
372
373
373
373
375
378
378
380
381
380
380
378
376
374
372
372
372
371
373
371
372
373
375
376
378
379
378
379
379
378
376
374
372
373
372
371
371
371
371
371
373
376
377
378
379
379
378
376
375
373
372
371
371
370
371
370
369
370
371
373
374
376
378
378
377
376
375
373
370
370
370
368
370
369
369
368
369
370
373
374
375
375
377
376
374
372
371
369
368
369
367
368
368
366
368
368
371
371
374
374
375
375
374
372
369
369
367
366
367
366
366
366
365
367
368
369
371
372
374
374
373
371
369
367
366
366
365
364
365
364
366
365
365
368
369
372
372
372
372
371
369
366
365
364
364
363
363
363
362
363
364
365
367
368
369
371
371
369
368
367
365
363
362
362
362
361
361
361
362
363
363
366
367
369
369
368
368
366
364
363
362
361
361
360
360
360
361
360
362
363
367
367
367
368
366
364
362
361
361
360
359
359
359
359
358
359
359
363
364
365
366
367
365
364
363
362
359
358
359
358
357
357
357
357
358
358
360
362
364
364
365
364
363
361
360
359
357
356
357
356
356
356
356
356
356
358
360
362
363
363
362
362
360
358
357
356
354
355
354
354
354
354
355
355
357
358
361
362
362
361
360
357
357
354
354
354
352
353
352
350
353
353
354
357
358
359
359
360
358
357
356
355
353
353
352
352
351
352
352
351
352
352
355
358
358
358
359
358
357
354
354
351
351
351
350
350
350
351
350
351
353
355
356
356
357
357
355
353
351
350
349
349
349
349
347
349
348
349
351
354
355
355
356
355
353
352
350
349
348
348
347
347
347
347
348
349
350
352
354
354
355
354
352
350
349
348
346
346
346
346
346
346
346
347
349
352
352
353
354
352
350
349
347
345
345
345
344
344
345
345
346
348
349
352
352
352
351
349
347
346
344
344
345
344
344
344
345
343
347
347
349
351
350
351
349
347
345
344
343
343
343
343
342
343
342
344
347
347
349
348
349
348
346
344
342
342
340
340
341
339
340
341
340
343
345
345
346
346
347
344
344
342
340
340
339
338
338
338
339
339
341
343
342
345
346
346
344
342
341
339
338
338
338
336
337
334
338
338
340
342
343
344
344
345
344
341
339
337
337
336
337
336
337
337
337
337
340
342
343
343
343
342
339
338
337
336
335
335
334
335
334
335
336
338
341
342
342
341
340
338
336
334
335
334
333
333
334
333
333
335
337
339
340
339
339
339
336
335
334
333
333
331
332
332
332
332
333
336
337
339
339
339
338
335
334
332
332
331
331
331
330
331
330
331
332
334
337
336
337
337
336
334
332
330
330
329
330
329
329
328
329
330
332
334
335
336
337
335
333
332
331
328
329
328
328
327
328
328
329
330
332
333
334
335
334
333
331
329
328
326
327
326
327
326
326
327
328
328
331
331
333
334
333
331
330
327
326
326
326
325
325
326
326
326
326
328
329
331
332
333
331
329
328
327
326
325
324
324
324
324
325
324
325
327
329
330
331
331
329
328
328
325
324
324
322
323
323
323
321
323
324
327
328
329
329
329
328
327
325
325
323
322
321
323
322
322
322
323
324
325
328
328
329
328
327
325
323
322
322
322
321
321
321
321
322
322
324
326
326
328
327
327
326
322
322
320
320
320
320
320
320
320
322
323
325
326
328
327
326
324
322
321
320
320
319
320
319
319
320
320
321
323
325
328
326
325
323
322
320
320
319
318
318
319
318
318
319
320
321
324
325
325
324
321
321
319
318
317
317
316
316
317
317
317
319
321
322
324
323
323
321
321
319
317
317
316
315
314
316
315
315
317
319
320
322
323
322
322
319
319
316
315
315
315
315
315
314
314
314
316
317
320
321
321
321
320
318
316
314
314
313
313
313
313
313
313
315
315
319
319
320
320
318
318
315
313
312
314
312
312
311
312
313
313
314
316
317
318
318
318
315
314
313
311
312
311
311
311
311
312
312
313
315
316
319
317
317
315
314
312
311
310
310
310
311
310
309
310
312
314
315
315
316
315
314
313
312
310
310
309
309
309
309
310
309
309
312
315
314
316
315
314
312
311
309
309
308
308
308
307
308
309
309
312
313
314
315
313
313
310
309
309
308
307
307
307
307
308
307
308
311
312
313
313
313
312
310
308
308
307
306
306
306
306
306
306
307
310
311
312
313
313
312
311
309
307
307
306
306
305
305
305
306
305
307
309
310
311
312
311
309
308
307
305
305
304
305
304
304
304
304
304
307
309
309
310
310
309
308
306
305
305
304
303
304
303
303
302
304
305
307
309
309
310
310
308
306
305
304
303
303
301
302
301
303
302
302
304
305
307
308
308
307
307
305
304
302
301
301
301
301
301
301
300
301
302
304
306
307
308
307
306
306
303
301
300
302
300
300
300
299
300
300
302
304
305
306
305
307
305
303
302
300
300
300
299
298
298
299
300
299
302
303
304
306
306
305
304
302
301
299
299
299
296
298
299
299
299
298
301
303
304
305
302
305
302
301
300
298
298
297
298
297
297
297
297
299
302
302
303
304
304
302
300
298
298
297
296
297
296
296
297
296
296
299
300
302
303
303
301
300
300
297
297
296
295
295
295
295
296
296
297
299
301
301
302
302
301
299
297
296
295
295
295
294
294
295
294
294
298
299
301
302
302
300
299
297
295
295
293
293
293
293
294
294
295
296
299
300
300
300
301
298
297
295
294
294
292
