232
256
243
242
240
232
228
224
233
221
222
224
219
223
227
230
236
238
260
242
238
231
225
223
220
220
220
219
223
224
225
230
233
240
242
240
237
232
229
223
223
223
220
222
223
221
223
229
235
238
242
243
239
234
232
225
224
221
219
219
219
221
223
224
230
236
240
242
238
236
232
229
222
220
219
219
220
222
219
222
225
230
238
238
241
239
234
228
222
222
218
218
219
219
219
218
221
225
229
256
242
250
236
232
225
221
219
216
218
220
218
224
221
222
228
233
238
238
249
231
227
224
218
218
221
217
217
219
222
221
224
231
238
240
239
235
231
226
221
217
216
216
218
217
216
221
224
227
232
237
237
235
232
226
224
216
216
215
216
215
218
218
223
227
232
238
237
236
229
226
219
219
217
214
212
216
215
219
223
229
235
235
238
233
229
222
219
216
214
216
217
216
218
236
228
236
242
248
247
242
238
256
231
232
233
229
230
233
235
239
247
252
260
265
265
264
259
256
261
252
251
253
265
270
273
272
276
282
291
293
289
285
280
274
269
266
265
265
263
265
264
264
270
289
283
286
288
286
284
276
269
266
267
264
265
266
268
269
270
275
281
286
288
288
280
276
271
271
270
272
272
273
275
280
280
285
291
300
301
304
302
316
297
293
304
295
294
296
297
303
306
312
323
332
341
345
349
346
346
343
339
347
336
336
336
339
336
337
344
352
353
353
353
349
347
341
336
334
344
333
336
339
338
342
349
356
366
371
375
376
374
374
381
394
410
405
405
405
406
403
407
413
421
423
426
427
422
419
414
414
418
421
423
422
430
435
437
444
455
471
485
491
489
489
485
481
481
479
476
479
482
482
500
489
500
503
505
512
510
518
517
514
503
500
502
505
507
509
507
509
515
524
534
540
543
541
534
525
522
519
516
525
513
535
512
513
522
527
526
520
519
517
514
512
509
506
506
503
512
512
531
514
507
511
516
521
518
514
512
505
502
499
492
498
491
491
492
496
495
498
505
510
508
508
505
500
498
495
492
496
495
496
501
502
503
502
509
513
509
512
517
517
521
535
530
534
541
545
551
558
562
569
581
593
602
604
604
605
604
608
623
623
624
625
627
627
631
629
632
638
641
642
642
641
640
635
634
633
633
634
633
657
639
640
641
641
644
649
645
643
639
635
630
628
621
618
620
621
641
623
623
627
633
637
636
635
633
632
627
622
624
624
622
622
621
622
623
625
625
628
636
638
637
633
628
621
617
612
610
609
609
610
612
612
627
619
624
630
636
635
628
625
617
613
611
609
605
608
607
607
607
609
617
621
624
626
622
617
610
605
600
593
594
591
592
592
597
599
603
613
622
629
631
631
623
619
615
611
605
604
611
621
611
608
613
617
619
620
616
617
610
606
602
597
593
593
594
595
607
597
597
605
615
617
621
619
617
612
602
602
596
592
591
594
594
595
597
601
605
611
618
619
618
617
611
627
606
604
606
606
605
605
604
608
609
613
618
619
615
611
606
600
595
593
593
595
596
597
596
598
600
600
609
610
607
604
599
595
594
587
584
585
586
585
585
587
586
593
597
600
597
593
587
585
581
574
574
574
575
578
578
600
578
585
589
588
589
584
579
574
568
565
564
564
563
564
564
565
579
570
575
577
575
572
568
561
556
552
553
549
550
550
548
550
552
558
565
571
572
585
563
558
550
544
541
540
539
536
537
542
543
548
552
556
553
550
544
536
532
524
525
524
523
525
525
528
534
541
545
547
545
535
530
523
517
514
513
512
510
513
513
516
523
528
529
538
533
523
512
506
504
515
515
515
515
514
518
523
531
533
532
537
521
513
506
504
503
501
499
501
501
502
507
511
519
516
513
513
518
503
494
492
489
487
488
485
489
491
491
498
505
506
505
501
496
507
493
480
480
497
478
476
476
478
485
488
494
493
497
492
484
480
473
469
467
465
466
466
468
470
475
483
488
490
486
479
471
465
463
459
459
458
459
459
461
465
471
477
479
479
476
472
464
461
460
460
458
458
460
462
465
476
481
486
486
482
478
471
466
462
465
475
467
462
461
463
467
473
479
480
480
476
470
463
458
453
453
452
460
453
453
453
458
464
471
473
468
465
457
451
447
445
443
455
441
442
449
448
455
462
462
464
458
454
450
441
437
436
433
435
435
435
435
441
450
453
456
457
450
445
438
432
431
426
429
426
428
426
430
434
443
446
448
447
442
433
429
425
422
419
420
422
421
424
429
436
441
443
438
432
427
420
418
416
413
413
416
416
417
423
431
452
447
450
450
450
444
441
445
447
449
455
463
469
479
484
496
504
522
518
516
515
509
505
505
508
510
530
521
528
529
533
542
547
550
548
542
535
526
524
521
517
519
519
520
520
524
529
536
541
541
537
534
529
519
515
511
510
512
505
507
507
510
516
525
527
529
527
521
516
508
505
502
499
497
497
497
497
503
504
512
519
521
516
514
507
501
494
492
491
488
490
489
489
494
496
510
513
511
512
506
512
493
488
484
487
480
479
482
479
479
487
492
497
500
502
497
491
494
478
473
472
471
469
466
467
468
470
474
482
489
488
492
485
479
472
465
462
459
461
458
459
460
460
463
468
475
480
483
479
474
468
460
456
451
452
453
451
451
450
452
460
469
471
473
472
465
457
452
448
447
442
443
443
442
442
443
449
456
462
463
464
462
454
448
442
439
437
436
434
436
436
435
437
447
452
455
459
455
450
443
456
432
441
427
425
442
425
428
428
436
443
446
447
447
441
434
430
435
424
421
421
418
419
421
423
425
435
439
441
444
438
433
427
422
417
413
414
413
413
415
411
419
422
432
434
436
433
427
419
416
413
408
407
405
405
405
405
407
413
419
426
427
426
423
416
409
403
403
400
398
400
401
400
402
411
418
422
423
421
419
411
405
400
400
396
397
397
401
403
404
427
417
423
431
420
415
411
404
399
399
413
396
394
394
397
399
407
415
417
417
416
413
404
401
394
393
392
401
389
390
393
395
400
409
412
414
412
408
402
395
389
386
386
384
387
385
385
387
392
395
402
409
408
405
397
393
388
384
382
381
382
379
383
384
386
391
400
403
402
404
396
392
388
383
379
376
377
377
375
377
381
382
387
395
399
397
394
391
397
378
376
376
374
373
373
369
373
377
384
393
395
393
390
387
384
379
377
377
379
380
393
386
386
397
405
416
418
419
417
411
406
405
403
404
402
414
424
439
427
432
440
443
444
443
437
431
426
443
419
419
419
418
421
421
424
430
436
441
442
439
435
429
424
418
417
416
415
416
413
414
418
425
432
435
437
435
431
424
417
414
413
410
409
411
411
411
425
420
428
429
430
429
424
419
414
409
406
404
403
404
404
405
409
416
423
425
427
422
418
411
407
402
404
400
398
396
400
400
402
409
430
421
416
416
412
408
402
397
396
394
391
393
392
394
395
406
411
425
413
414
411
402
397
392
390
390
389
391
391
393
393
400
412
410
412
408
403
394
389
388
387
385
384
384
384
385
389
398
404
406
407
406
399
393
397
384
382
384
384
382
383
385
390
398
401
404
402
401
392
386
383
378
379
377
380
379
382
384
392
395
398
400
396
391
383
378
377
375
373
376
374
377
375
379
391
396
396
394
393
387
401
375
376
370
374
372
374
376
374
381
387
392
396
395
389
383
379
395
371
368
367
368
370
370
373
377
385
390
390
390
384
379
372
367
365
364
365
365
367
368
373
379
385
386
388
397
377
372
367
366
366
364
366
363
365
369
375
385
386
386
382
375
368
363
361
361
361
360
359
363
364
373
379
381
380
377
371
365
358
357
356
354
358
356
358
361
370
376
378
379
376
368
364
355
354
355
353
351
352
355
371
362
373
371
373
372
366
360
355
352
349
352
350
348
347
355
361
378
372
371
371
367
359
356
350
350
349
350
348
352
351
357
365
368
372
373
369
361
355
371
349
347
348
346
350
352
354
361
368
368
369
365
361
355
350
344
345
345
346
344
347
350
358
362
368
368
370
365
359
352
348
348
346
347
346
346
347
349
354
363
367
366
367
362
357
350
346
348
341
344
341
342
345
346
349
356
363
363
363
362
372
354
346
344
344
342
342
341
343
343
346
355
361
363
365
366
358
362
345
345
343
343
341
339
341
342
345
352
358
360
376
363
360
355
347
342
339
337
338
339
340
339
343
345
352
358
364
359
359
353
350
343
340
338
337
337
337
336
340
341
344
352
357
359
360
358
350
345
339
337
336
334
336
330
335
337
335
342
351
354
355
357
354
347
346
336
336
332
335
332
331
334
332
334
338
342
348
354
354
355
367
345
343
336
333
335
332
332
330
332
334
337
340
348
353
358
356
374
364
343
336
334
330
329
331
330
331
329
332
336
345
348
349
351
349
344
341
334
330
330
329
330
328
330
332
331
336
343
349
351
349
347
342
338
333
327
326
327
325
326
326
325
326
331
337
343
346
349
344
341
338
331
326
325
324
324
323
325
325
326
329
333
339
344
352
345
346
340
335
333
327
325
327
325
326
324
325
328
329
336
353
345
347
347
341
338
347
326
325
321
322
325
322
322
320
322
328
352
338
344
345
340
336
332
325
322
320
322
319
319
317
320
321
328
334
336
341
339
338
332
328
320
320
316
318
317
318
318
319
320
323
333
337
336
340
334
328
326
320
317
318
317
315
316
317
319
322
328
336
338
337
335
327
323
317
315
314
316
315
317
317
314
320
328
332
336
337
334
328
320
315
315
313
312
313
312
311
324
319
325
347
333
332
329
326
320
316
314
311
309
310
310
313
311
318
320
328
352
333
332
324
322
315
311
309
310
308
309
311
309
316
320
326
328
333
329
324
319
314
309
309
309
308
309
308
309
313
316
324
328
329
328
325
321
313
308
307
308
306
306
307
307
309
313
320
324
327
329
324
322
314
311
309
306
304
306
307
307
306
311
321
324
329
330
327
320
316
308
323
306
306
317
304
305
305
309
314
322
325
325
336
320
315
311
306
301
303
302
305
304
304
306
310
317
324
324
322
332
317
308
307
302
303
303
302
303
304
305
310
314
321
322
324
322
317
306
308
304
303
304
301
302
303
305
306
311
320
322
324
322
318
314
308
303
302
300
299
303
300
303
306
309
314
320
321
323
319
311
305
302
299
294
297
297
298
298
298
304
312
317
319
320
336
310
306
299
299
298
296
296
295
296
298
301
307
313
317
318
315
311
312
301
299
294
295
294
300
294
296
300
307
312
316
316
311
307
303
311
295
292
292
292
293
292
297
299
305
313
315
316
311
307
299
296
295
292
292
294
294
291
294
298
304
311
313
313
309
308
303
298
295
292
290
290
290
290
291
293
296
303
308
312
313
307
304
299
293
290
291
290
288
284
289
293
293
298
320
311
312
309
303
299
296
290
288
288
288
285
285
286
291
296
302
304
309
307
304
296
291
291
308
286
288
288
288
288
291
303
305
308
306
303
297
293
289
285
284
298
288
288
288
291
299
305
305
306
303
295
292
286
287
283
284
284
286
288
294
301
304
305
306
301
291
287
284
284
284
282
285
285
287
293
298
303
304
302
296
291
284
280
282
282
283
282
283
287
297
303
305
301
310
290
285
298
282
280
281
282
283
288
294
301
302
302
294
289
284
281
281
279
281
280
283
290
295
300
303
297
290
285
288
282
276
280
278
281
282
290
297
300
300
293
288
280
279
277
280
293
278
280
286
292
297
298
297
293
283
279
278
275
277
278
278
278
287
292
298
300
296
292
284
277
278
277
275
276
277
280
282
294
296
295
292
290
284
279
275
273
273
276
277
277
281
288
293
293
294
310
283
278
295
275
272
274
277
277
279
287
291
295
297
288
281
278
275
273
276
271
274
274
276
283
290
293
295
291
288
281
273
272
284
274
269
274
275
279
285
290
293
292
289
283
277
273
272
270
270
292
275
274
279
289
294
291
289
286
277
271
271
269
271
270
275
272
276
282
288
292
292
286
284
275
273
271
270
269
271
272
272
277
283
290
290
288
284
277
273
270
269
269
268
288
273
273
291
285
289
288
285
282
276
268
269
270
267
273
269
268
274
281
288
289
285
284
277
272
268
267
267
265
266
268
272
277
284
285
288
284
280
278
282
264
266
264
265
265
266
270
279
283
285
286
283
277
269
264
264
278
265
267
265
269
273
282
286
283
283
277
269
265
264
262
264
262
264
267
272
278
283
285
281
276
272
268
262
262
263
260
262
264
264
271
278
284
283
294
273
266
262
262
260
258
263
262
263
268
274
283
283
279
273
270
264
260
259
258
261
260
261
265
273
278
281
279
275
269
264
259
260
260
260
259
261
263
272
276
280
280
275
269
278
258
257
256
258
258
260
262
272
278
281
277
272
264
261
258
258
269
257
259
261
265
269
276
278
276
267
263
258
256
254
256
255
256
258
263
269
276
277
274
270
264
259
256
254
255
253
256
255
272
266
272
277
272
269
262
257
253
254
253
252
252
258
261
263
272
273
271
269
260
257
253
251
252
251
254
258
258
266
272
273
269
267
258
254
252
256
251
251
253
256
261
269
274
273
267
260
256
251
251
263
248
248
254
254
264
269
272
270
266
259
253
249
250
249
249
252
269
254
262
268
273
268
266
258
253
251
249
250
251
253
252
255
262
268
270
269
263
256
252
247
247
248
247
249
248
267
263
269
271
265
260
253
251
249
247
249
246
248
249
256
267
266
268
263
256
250
249
247
247
248
249
247
254
260
264
266
265
261
256
249
246
245
247
245
245
248
254
258
262
264
264
262
256
249
247
246
243
242
244
254
249
251
262
264
267
263
259
252
247
244
243
244
246
242
248
251
270
266
265
263
256
252
247
242
242
243
242
245
248
251
261
264
264
260
252
250
242
244
241
250
244
243
253
251
260
263
263
259
254
243
241
242
241
244
240
245
246
253
258
260
263
258
253
247
241
241
240
240
242
244
244
248
258
260
262
261
252
247
242
241
237
240
242
240
244
250
257
261
260
256
254
246
241
241
241
238
239
240
243
272
252
261
261
257
252
247
242
240
240
238
238
242
242
247
255
256
282
258
256
249
243
243
240
239
239
237
242
243
250
256
261
261
257
250
242
241
248
239
242
245
245
244
243
252
259
260
259
254
246
242
240
240
239
238
239
240
242
250
256
259
256
254
246
242
238
240
235
236
238
239
240
245
253
256
259
257
251
246
239
234
236
237
237
238
240
240
246
256
257
257
254
245
242
236
235
235
232
237
237
256
244
253
256
266
253
246
241
235
235
235
234
236
235
236
243
248
263
257
253
249
243
235
234
235
234
235
236
237
240
247
269
252
255
249
245
238
233
233
232
232
233
233
234
243
250
254
254
252
246
240
239
235
234
234
234
234
237
239
244
249
256
252
249
241
239
234
233
232
233
232
232
235
237
244
252
252
251
249
242
236
234
231
234
231
232
233
234
242
249
252
254
252
248
239
235
235
232
231
233
239
233
235
241
249
254
254
252
246
241
235
234
232
229
232
232
232
256
243
247
251
253
248
242
236
256
232
231
230
231
233
234
238
242
249
249
250
246
240
235
231
229
232
234
231
232
235
238
248
252
253
251
243
239
233
230
228
230
232
230
231
235
242
248
248
251
248
240
235
232
232
231
229
229
230
232
234
242
249
249
249
246
241
235
230
230
228
227
228
232
233
238
245
249
250
250
241
237
233
228
241
229
228
231
233
237
243
248
247
249
245
237
229
231
227
228
229
253
227
248
240
247
267
246
243
238
235
232
229
229
227
229
229
230
233
241
247
249
247
242
234
230
227
229
227
227
228
229
230
235
245
246
249
243
238
231
227
228
226
226
227
228
230
232
242
246
248
245
241
236
230
226
225
225
226
225
228
231
234
243
246
247
244
236
234
226
225
226
224
225
226
228
231
237
244
246
246
242
235
229
243
225
226
226
226
224
231
233
241
244
261
243
239
234
228
227
234
237
225
225
227
229
235
241
244
246
244
238
232
226
225
225
226
224
224
226
229
236
243
246
243
241
236
231
224
223
224
224
224
226
228
232
236
241
242
241
238
233
229
223
224
223
221
224
224
226
230
237
239
243
242
238
232
227
223
221
219
221
221
222
225
228
237
242
243
241
236
233
226
223
221
222
222
222
224
226
230
238
240
242
251
233
224
226
222
221
222
242
224
225
244
237
240
241
240
235
228
229
222
216
220
221
222
225
226
234
240
242
239
235
228
222
220
218
220
219
218
221
224
231
237
241
240
235
229
224
219
219
217
216
219
218
224
229
234
239
240
237
232
226
221
217
219
218
218
219
220
225
232
238
240
241
234
227
223
219
218
218
219
219
218
218
225
230
237
238
235
230
229
223
221
216
216
215
217
219
221
224
229
235
256
236
232
227
221
217
218
230
220
218
221
221
225
232
235
236
233
238
224
218
217
213
218
238
214
220
221
228
234
237
235
232
224
218
215
214
216
215
216
218
219
225
230
235
236
233
228
222
219
216
214
212
217
217
218
219
225
230
236
233
231
227
221
216
213
214
215
215
216
216
221
225
232
235
232
231
223
220
216
215
213
214
212
215
216
220
227
233
233
230
228
222
218
213
212
215
224
213
215
217
229
224
231
233
235
231
223
228
216
214
213
213
210
212
212
215
217
244
230
233
232
227
226
218
216
212
210
212
212
211
213
214
218
225
230
232
232
229
222
216
212
210
209
211
212
215
212
213
224
230
232
232
226
226
219
213
211
211
211
209
212
212
211
218
222
229
230
230
229
224
217
215
211
210
209
209
213
211
213
214
220
228
231
227
231
227
220
213
209
211
208
211
207
210
213
213
219
223
229
230
239
229
223
215
233
208
209
206
209
210
210
213
216
222
227
228
228
238
222
216
212
208
209
208
209
209
210
209
213
223
226
229
227
225
219
218
213
211
206
207
209
210
210
211
214
219
223
225
223
224
217
214
212
209
209
210
210
211
210
211
216
221
225
227
227
224
221
215
210
206
208
205
207
208
211
212
216
225
228
226
226
220
212
210
208
205
207
207
208
210
211
216
223
227
227
227
220
216
211
208
220
221
207
210
224
209
213
219
225
230
226
224
219
214
206
209
208
219
205
206
208
212
218
223
226
229
224
221
213
211
206
206
207
204
206
208
209
215
219
225
227
227
223
215
210
208
206
205
206
208
207
208
210
215
219
226
227
226
220
217
212
205
207
206
206
206
208
209
211
219
227
225
226
220
216
210
206
206
207
203
206
207
207
211
215
223
226
225
220
214
208
207
204
205
205
206
205
209
227
222
240
238
221
217
224
207
204
205
203
203
207
207
210
217
224
226
225
230
216
209
207
203
202
205
201
205
209
212
216
224
225
221
218
213
208
206
204
204
203
205
206
209
212
218
223
224
222
219
212
204
205
206
204
205
205
204
209
214
222
224
223
220
211
209
203
203
203
203
204
203
208
211
218
224
228
222
216
213
205
202
203
203
203
205
206
208
215
221
224
224
218
211
209
203
204
200
200
204
204
204
225
238
224
225
218
214
207
205
201
202
203
205
205
206
210
217
218
233
214
211
207
202
201
203
200
201
202
205
207
215
221
223
219
214
209
207
203
201
202
203
202
204
208
216
219
222
223
218
212
206
203
203
201
200
204
205
204
210
218
220
221
219
212
207
202
201
201
200
202
202
204
209
213
219
224
222
218
214
209
205
201
203
205
205
204
208
214
218
225
228
224
220
217
209
206
205
203
206
217
207
221
215
223
225
225
224
215
212
209
205
205
205
204
205
206
210
220
246
227
224
218
215
208
206
206
205
207
208
206
209
215
222
225
229
225
219
212
208
206
205
205
205
206
206
208
216
222
225
222
223
217
209
205
203
205
205
203
205
207
208
215
219
224
225
224
215
208
204
204
204
203
202
206
206
209
216
220
222
224
219
213
210
203
203
201
206
203
203
221
213
219
225
224
221
218
229
206
205
202
203
217
205
207
207
215
219
222
224
219
211
207
202
202
203
200
204
205
215
209
213
217
221
222
217
212
207
203
201
204
199
203
201
203
206
209
218
221
224
221
217
210
206
201
204
202
202
200
204
202
208
210
218
224
224
221
216
214
207
204
198
199
200
200
200
200
203
208
217
221
222
221
220
215
212
205
203
202
200
200
202
201
203
206
206
216
219
222
222
220
227
210
205
217
199
200
200
200
200
202
203
219
211
218
222
221
220
216
212
207
203
200
201
203
200
200
203
201
217
208
215
218
221
220
218
214
206
202
197
200
200
199
202
199
205
203
209
214
220
219
219
217
212
204
200
198
197
198
199
198
202
203
207
211
216
217
222
219
213
206
203
201
200
200
198
199
202
200
205
208
211
217
219
219
218
211
207
200
199
199
198
197
199
201
217
205
209
217
218
220
219
213
209
202
200
200
197
197
197
199
200
216
207
215
218
219
215
215
207
204
200
200
199
197
197
197
200
201
216
211
219
218
218
216
210
205
200
199
196
197
196
199
199
200
204
208
215
218
219
218
211
205
202
196
196
198
198
199
201
207
210
217
222
223
224
225
217
214
208
204
201
200
201
205
203
205
204
213
215
221
224
221
217
215
209
203
202
200
220
202
202
204
206
207
214
222
220
224
218
215
209
207
201
202
201
200
202
201
203
206
211
238
221
221
220
214
211
205
201
203
201
200
200
202
203
202
208
213
235
219
220
218
214
208
204
199
201
200
200
199
202
202
202
210
214
220
217
218
213
208
203
199
196
199
198
199
200
201
204
206
212
216
219
218
215
208
201
198
197
197
197
197
199
198
202
206
212
215
218
216
212
205
220
198
196
216
195
193
196
198
197
205
212
214
216
217
213
208
201
197
198
196
194
196
194
196
197
202
207
213
216
226
214
208
203
200
198
196
194
197
195
195
197
199
205
209
218
214
230
208
203
198
199
196
195
193
194
198
198
199
207
215
219
221
219
216
210
201
199
198
197
198
200
200
201
202
208
215
220
217
220
214
203
202
198
197
199
196
198
198
200
201
207
214
218
219
216
213
206
223
200
200
200
198
200
199
198
202
202
212
217
219
217
213
211
203
200
200
196
197
199
198
199
200
205
211
216
215
217
215
207
214
199
197
197
197
196
198
197
198
201
207
214
215
216
217
210
205
214
195
198
197
194
195
197
198
199
204
210
213
216
214
212
206
200
199
193
196
195
196
198
196
196
204
209
213
215
216
211
205
200
198
193
194
195
194
195
195
196
200
205
212
216
225
216
208
204
199
194
194
193
194
193
194
196
199
202
206
213
215
214
228
207
201
196
194
193
194
194
195
195
196
202
204
211
214
214
211
207
201
196
207
192
191
194
195
195
196
198
203
207
213
215
212
210
205
202
195
216
193
193
194
193
196
197
200
199
209
213
214
214
208
205
200
196
193
192
193
192
190
196
193
198
199
209
208
214
213
209
205
197
195
191
192
204
193
195
194
195
198
201
208
212
213
211
207
203
197
194
193
193
192
194
193
193
194
196
204
206
211
212
212
205
202
197
193
189
192
192
193
192
193
196
199
204
208
212
209
211
203
197
205
193
192
191
192
190
192
196
195
200
206
211
211
211
206
201
196
204
190
192
192
190
192
194
193
195
205
208
211
213
210
204
199
192
191
190
189
190
192
192
192
191
200
206
222
209
208
207
204
197
194
192
191
192
190
192
192
192
197
204
208
211
210
209
206
203
198
191
190
189
192
191
192
191
193
195
202
208
210
207
208
202
198
195
190
188
192
189
188
190
189
195
199
203
210
209
209
209
200
196
204
187
189
189
188
193
191
196
194
198
206
206
211
210
204
201
195
205
192
190
190
189
190
192
193
197
200
205
211
208
206
201
199
193
191
206
190
188
191
190
192
195
201
207
210
209
206
202
197
189
190
186
187
187
189
192
192
197
201
207
209
209
207
202
191
190
189
190
188
189
188
188
193
197
203
209
210
208
206
199
193
191
188
186
187
187
189
192
192
196
202
208
209
208
204
199
194
189
189
189
203
188
189
190
192
198
204
209
209
206
202
196
191
187
187
188
187
198
192
192
194
199
205
208
208
202
216
197
190
189
186
186
189
189
188
193
199
204
209
208
205
201
195
188
189
186
189
188
188
190
192
197
203
208
208
207
201
194
189
187
187
186
188
189
191
192
200
206
208
207
205
197
189
189
187
187
187
188
187
190
192
199
204
207
207
202
197
194
188
186
186
187
185
188
188
191
196
205
206
206
213
198
192
189
187
185
186
189
186
188
192
196
203
205
209
203
199
211
186
185
204
184
188
200
190
191
199
204
208
206
204
197
190
187
186
185
186
185
187
189
192
199
206
206
205
203
196
191
185
185
186
183
186
188
188
192
199
206
208
204
201
195
187
188
186
185
187
187
187
190
196
204
209
203
200
193
189
185
184
186
187
187
189
190
197
202
206
205
202
194
188
185
185
185
185
184
188
189
194
200
218
206
205
201
193
187
186
183
184
184
186
191
190
197
218
207
204
217
195
189
186
186
184
183
185
186
190
190
197
204
206
205
202
195
190
186
186
185
185
186
189
189
193
199
203
206
205
198
196
188
185
185
184
185
186
187
187
192
201
205
203
206
199
192
186
184
186
183
183
186
186
189
192
199
205
205
201
198
192
189
186
183
186
183
185
186
189
198
202
205
203
199
193
185
183
185
182
185
185
184
204
196
202
204
205
219
190
188
204
185
183
183
184
186
189
191
202
217
204
203
196
189
188
182
184
182
185
183
186
192
197
204
205
203
200
190
188
184
185
184
185
186
188
188
196
202
205
204
200
195
186
184
184
183
185
184
184
190
195
203
205
203
198
195
189
184
182
184
188
184
185
188
194
202
205
202
202
196
191
185
183
183
182
185
186
187
190
197
202
203
204
198
192
188
186
183
181
181
184
184
201
192
214
204
204
202
194
192
183
183
183
182
183
184
186
192
196
212
203
202
199
192
186
182
182
183
183
185
186
188
194
201
201
204
204
196
188
184
184
183
183
185
185
186
189
199
204
202
201
195
191
186
183
180
181
182
184
187
189
193
200
203
202
199
194
187
183
182
181
184
184
185
186
190
199
202
205
201
196
192
185
183
183
181
181
184
184
189
194
201
201
201
197
191
185
181
192
183
181
202
193
186
193
199
204
201
197
193
187
183
178
181
184
183
184
187
187
210
202
203
200
194
189
183
182
181
181
182
182
185
189
196
200
202
202
196
190
181
183
183
180
182
185
184
188
190
198
202
201
198
192
186
182
180
181
181
183
184
186
192
200
200
198
198
192
185
182
180
181
183
183
182
185
192
197
203
200
200
193
185
181
182
180
180
181
180
188
191
197
204
202
200
192
201
184
181
180
181
183
181
203
193
198
200
202
198
190
185
180
179
181
183
180
181
185
190
200
215
199
196
188
184
181
178
181
178
182
182
185
192
199
201
202
196
191
182
179
179
180
182
182
184
186
193
198
201
201
194
189
185
181
180
180
182
182
183
188
194
200
201
200
196
188
183
180
180
181
179
182
182
186
196
201
201
197
193
186
183
182
178
180
179
181
181
187
196
197
203
199
193
198
182
178
200
178
180
181
182
185
189
213
201
198
195
190
182
180
178
178
178
179
180
182
187
194
197
198
218
192
188
184
180
178
179
177
179
181
182
187
191
201
199
197
192
185
182
180
178
176
178
181
182
183
191
194
199
198
193
188
181
181
178
177
179
177
179
183
187
192
198
198
198
193
189
180
180
178
176
179
180
181
182
192
195
196
200
195
188
182
177
178
177
176
179
180
179
184
204
197
197
195
190
180
179
179
178
177
180
178
182
198
191
195
209
197
193
188
180
179
176
176
177
175
179
182
184
190
197
196
195
199
185
181
178
178
178
177
178
176
183
187
195
197
198
192
188
181
176
177
177
177
177
178
180
182
192
199
197
196
191
185
180
178
176
177
180
178
179
179
185
190
197
196
196
193
188
181
178
176
176
175
178
180
180
186
188
195
196
207
192
185
180
177
175
176
175
177
179
179
188
194
195
196
195
189
184
177
177
175
177
198
177
177
180
188
196
197
197
194
185
180
177
175
176
177
179
178
193
186
192
198
195
193
185
181
177
176
176
176
179
176
178
184
192
196
196
192
187
182
180
178
176
175
176
178
178
180
192
197
195
194
187
184
181
179
177
177
174
178
179
183
189
193
196
194
191
184
177
176
176
177
176
193
179
183
204
197
197
195
188
184
176
177
176
173
178
178
180
184
190
197
197
194
191
181
179
174
175
174
175
194
179
185
192
195
198
194
187
182
177
176
177
175
174
175
180
184
203
214
195
193
188
183
179
175
177
173
176
176
180
184
192
197
194
193
185
178
176
176
172
176
175
177
181
186
194
195
196
188
186
178
177
174
174
175
177
177
184
185
194
196
194
190
183
177
173
175
174
176
176
179
182
199
194
194
213
188
180
176
174
174
176
175
177
178
181
189
194
195
191
187
182
177
174
173
173
176
176
178
182
202
196
196
195
187
181
177
172
175
175
175
175
176
182
188
195
197
214
190
181
177
174
173
173
174
175
176
179
185
192
196
194
188
182
176
175
172
172
174
174
175
179
186
189
196
193
188
181
177
176
174
175
176
175
175
178
185
193
194
195
188
182
179
173
171
173
173
176
174
178
186
187
212
193
190
182
179
174
172
172
174
176
175
178
181
191
195
192
191
188
181
177
173
175
173
173
174
176
179
186
207
195
196
194
189
183
182
178
180
182
182
183
184
190
196
201
199
218
192
188
182
183
181
186
183
186
188
194
200
209
206
203
198
194
188
188
190
194
198
198
202
203
208
213
212
208
204
197
192
193
193
192
194
194
197
203
210
214
213
209
204
198
195
194
194
196
196
199
198
213
207
214
233
212
207
201
197
196
193
195
197
197
197
202
207
214
215
216
211
206
202
197
196
196
196
196
198
198
208
214
237
216
210
207
199
198
196
194
196
198
196
198
207
212
215
215
211
221
200
195
195
195
194
196
198
200
206
213
216
212
213
205
198
195
195
198
198
198
195
200
206
213
216
214
212
207
202
196
195
194
193
197
197
200
206
210
213
213
209
203
200
196
195
194
196
196
195
198
205
230
213
212
208
203
196
194
195
194
195
194
195
194
205
210
214
213
212
207
200
198
192
196
196
195
198
200
204
214
214
217
221
210
201
199
196
199
196
195
199
199
203
209
216
217
211
210
201
216
195
197
199
197
196
196
204
208
213
216
214
211
204
199
197
196
195
195
195
199
198
205
212
214
216
213
209
203
196
195
196
195
195
197
198
202
208
211
215
213
209
207
200
196
195
193
194
194
210
194
204
217
212
211
212
206
202
195
192
194
196
195
196
198
201
210
211
214
213
207
199
195
194
194
195
194
196
195
200
207
213
213
227
206
203
198
192
191
192
195
195
197
196
206
210
212
214
208
202
212
194
194
193
191
195
195
197
200
208
213
215
209
204
199
195
193
194
196
192
196
197
198
205
214
214
211
204
200
194
192
191
191
191
194
197
200
206
212
213
211
206
200
196
192
195
204
193
191
212
199
208
211
213
209
204
198
191
190
195
191
194
195
194
199
206
214
214
209
202
199
194
192
193
192
194
192
193
198
204
210
209
208
211
199
193
193
191
192
194
195
197
200
206
212
211
208
205
199
194
207
193
193
191
194
193
198
205
209
209
206
205
199
194
195
191
192
192
193
197
197
205
209
208
209
204
201
192
191
190
190
190
192
194
195
201
205
210
210
208
202
196
191
192
188
192
209
193
194
198
204
207
210
207
203
199
193
193
190
190
191
192
192
197
201
208
208
206
205
197
192
192
190
189
189
192
190
196
199
205
209
206
205
213
194
190
189
189
188
189
189
192
196
201
208
209
207
201
195
192
212
188
189
190
190
192
194
198
204
207
209
203
199
195
188
190
190
185
191
188
192
195
200
208
208
209
205
197
192
188
189
190
190
192
190
194
200
205
209
205
204
199
194
206
189
189
189
189
192
191
199
200
208
210
204
207
198
194
193
187
190
192
192
190
194
196
202
209
210
207
204
198
193
191
189
190
191
191
194
196
198
206
206
227
208
203
197
194
190
189
189
189
192
192
194
199
207
208
208
209
219
199
191
192
189
192
192
192
193
194
202
207
208
208
205
201
196
191
188
190
190
190
193
193
196
201
207
209
207
206
197
192
189
188
189
190
191
203
190
197
220
208
209
209
203
199
193
186
189
189
188
190
194
193
199
204
208
210
206
200
197
189
189
187
188
189
190
188
193
199
204
208
209
204
200
193
189
189
186
187
189
189
189
214
200
204
211
207
201
195
194
190
187
185
184
187
189
188
194
203
218
206
206
203
195
191
188
185
187
191
189
190
190
196
205
205
207
205
199
193
189
187
187
187
189
188
188
193
198
205
207
207
202
198
194
187
188
198
186
188
188
192
197
204
205
206
203
199
193
190
186
183
189
185
188
188
191
200
202
208
209
204
197
189
188
187
186
186
188
188
188
192
199
205
208
212
208
204
199
196
196
198
193
215
199
200
202
212
216
224
223
223
218
213
209
206
206
205
208
208
222
212
213
220
224
225
222
221
216
212
206
209
208
208
208
209
209
215
216
224
225
226
222
220
215
212
205
208
207
209
214
230
214
217
229
229
229
231
226
221
218
215
215
215
214
215
214
217
219
225
230
235
234
234
234
229
226
224
220
221
223
223
222
226
228
234
238
240
241
237
231
226
222
221
221
220
221
222
225
226
229
236
238
249
237
233
226
223
221
221
221
221
220
220
223
224
231
236
240
239
247
229
228
222
220
219
219
219
220
222
223
227
234
237
237
238
230
227
222
220
217
219
217
219
221
230
226
231
245
238
237
233
227
223
220
218
219
216
220
219
221
224
227
233
237
238
234
229
224
222
219
218
219
218
218
219
222
226
231
234
237
234
228
224
221
217
216
216
218
215
216
220
221
227
231
236
234
232
225
221
218
215
214
225
216
217
218
218
224
231
232
234
235
228
224
220
217
217
216
218
237
220
221
228
233
235
239
237
231
229
225
223
225
226
223
228
226
231
233
260
247
251
262
252
246
241
237
236
235
236
234
236
240
238
245
249
253
256
252
248
243
239
239
237
238
236
238
239
241
243
248
255
256
256
252
246
243
239
238
239
237
238
238
238
239
246
250
256
255
258
250
245
242
241
239
239
237
241
241
243
245
249
261
279
260
253
248
243
244
238
240
240
240
240
240
246
252
257
260
259
276
247
246
241
241
241
238
241
242
240
244
248
256
261
261
257
272
249
244
242
237
240
237
242
242
242
247
252
257
260
257
256
249
246
237
241
241
241
241
242
241
246
254
257
258
260
255
247
244
241
241
240
239
241
241
244
246
252
259
258
259
256
246
243
240
238
236
240
241
237
240
247
253
258
259
259
253
246
242
239
239
238
238
254
237
245
247
252
258
260
257
252
243
239
240
238
239
240
239
241
255
250
257
258
259
253
250
242
240
239
239
238
238
253
243
244
254
258
259
257
251
245
240
237
239
236
238
240
240
242
248
256
256
260
254
248
243
239
240
239
237
238
237
243
245
252
258
257
254
249
243
239
236
235
236
239
237
238
244
250
251
257
255
250
245
237
236
237
236
236
236
238
242
246
252
254
257
252
246
240
238
237
234
256
239
238
240
247
256
257
254
254
247
243
236
236
236
238
235
238
253
244
252
256
256
254
249
244
238
237
246
237
236
237
240
243
250
250
254
256
248
244
239
237
238
236
238
238
241
245
249
253
258
257
258
252
246
241
238
237
237
236
237
239
241
247
254
256
256
257
250
243
241
238
234
239
237
238
239
242
247
252
256
256
251
246
240
237
236
235
234
235
236
240
244
249
256
256
252
246
244
238
234
243
236
235
236
237
240
245
250
256
252
250
243
239
234
233
234
234
252
234
233
239
252
249
254
264
247
243
236
231
233
231
231
234
235
233
238
245
252
251
250
247
243
234
233
232
230
232
234
232
234
242
245
249
252
249
245
240
234
233
231
231
232
231
231
231
241
243
249
249
248
243
240
232
232
231
232
232
230
232
234
241
247
252
250
244
240
235
232
231
230
232
230
232
233
238
246
249
251
245
237
246
232
229
230
230
231
230
233
240
246
251
250
245
240
232
244
228
242
250
229
232
232
241
247
248
247
243
236
231
232
228
230
229
230
229
235
243
246
249
247
240
234
229
228
226
228
227
231
232
235
242
247
246
244
237
233
230
227
225
226
227
228
231
238
242
247
245
239
233
230
224
228
224
225
228
228
230
239
245
246
243
240
235
227
228
222
225
228
224
230
234
240
248
245
242
238
230
226
225
224
239
227
228
229
235
241
244
245
240
234
231
227
245
224
225
247
227
243
236
242
247
242
239
235
228
226
226
225
226
228
227
229
236
244
245
241
241
233
228
224
225
224
224
226
228
232
238
245
243
243
239
230
225
224
224
225
224
226
227
229
236
242
244
240
235
230
225
226
222
223
224
224
225
227
235
242
244
242
237
231
226
224
222
222
223
220
225
224
232
239
240
242
237
232
226
220
220
218
219
222
238
226
231
240
242
241
240
234
228
231
219
220
236
218
221
224
227
256
241
243
238
233
228
222
219
220
220
222
223
223
229
236
239
242
237
233
228
225
223
225
227
230
231
236
243
252
255
257
256
251
244
243
242
241
245
243
246
249
256
263
264
266
264
253
252
247
247
246
246
246
250
252
256
262
268
271
267
260
257
250
248
247
247
249
250
253
256
264
270
269
266
264
259
256
253
253
251
250
253
256
270
261
265
271
274
272
281
261
257
256
255
256
257
256
257
258
266
288
278
277
275
273
266
264
263
261
263
265
264
273
277
285
295
303
304
304
300
292
290
291
288
295
300
298
298
300
301
299
299
298
301
298
298
297
298
295
291
293
293
295
300
307
312
314
311
308
300
297
293
295
294
297
293
293
297
303
310
311
317
313
307
300
292
291
293
291
290
289
292
297
301
308
311
312
308
301
296
307
292
286
305
289
289
292
296
303
311
311
310
307
301
296
291
294
292
291
294
304
294
302
308
310
312
313
313
303
300
298
298
295
300
299
301
303
303
304
304
303
303
299
298
298
295
292
293
291
291
290
294
298
309
312
313
308
301
295
291
288
289
290
289
288
289
289
299
305
310
304
306
301
294
289
288
288
287
288
287
289
293
299
307
307
307
304
299
293
290
287
302
285
285
287
288
290
297
305
305
305
306
302
306
292
289
283
284
285
285
286
289
292
300
305
305
304
302
294
291
304
285
285
283
283
285
287
291
297
304
304
300
298
290
289
285
300
280
284
281
281
285
292
296
303
302
304
297
292
284
284
279
282
282
283
283
290
293
294
292
304
301
285
289
282
281
287
286
288
287
289
288
289
287
288
286
284
287
287
299
290
287
302
288
285
288
287
289
295
291
286
284
285
286
286
287
288
284
288
286
286
286
