353.0
314.0
290.0
283.0
280.0
283.0
303.0
352.0
391.0
402.0
368.0
323.0
293.0
283.0
276.0
283.0
293.0
339.0
385.0
402.0
379.0
334.0
298.0
286.0
278.0
281.0
291.0
337.0
383.0
399.0
377.0
332.0
296.0
284.0
276.0
282.0
288.0
330.0
382.0
398.0
384.0
339.0
301.0
291.0
277.0
281.0
293.0
334.0
380.0
418.0
373.0
340.0
296.0
282.0
281.0
280.0
294.0
344.0
393.0
397.0
363.0
320.0
302.0
283.0
280.0
280.0
300.0
345.0
384.0
396.0
357.0
313.0
278.0
282.0
271.0
278.0
290.0
340.0
377.0
385.0
357.0
314.0
291.0
281.0
278.0
279.0
294.0
337.0
378.0
384.0
358.0
321.0
291.0
281.0
280.0
281.0
290.0
335.0
383.0
397.0
367.0
321.0
291.0
282.0
280.0
283.0
294.0
335.0
383.0
396.0
370.0
327.0
298.0
285.0
282.0
282.0
290.0
330.0
376.0
394.0
373.0
334.0
300.0
288.0
284.0
283.0
299.0
343.0
382.0
397.0
375.0
331.0
292.0
282.0
283.0
282.0
294.0
347.0
392.0
397.0
370.0
324.0
293.0
287.0
277.0
284.0
297.0
351.0
391.0
397.0
361.0
317.0
285.0
282.0
283.0
285.0
305.0
355.0
395.0
395.0
354.0
310.0
292.0
280.0
284.0
286.0
307.0
361.0
391.0
393.0
353.0
309.0
289.0
278.0
280.0
287.0
309.0
364.0
395.0
390.0
348.0
307.0
286.0
279.0
280.0
285.0
317.0
373.0
394.0
382.0
346.0
298.0
288.0
278.0
280.0
290.0
328.0
378.0
395.0
376.0
332.0
291.0
280.0
277.0
283.0
294.0
341.0
386.0
396.0
365.0
320.0
291.0
282.0
277.0
280.0
297.0
348.0
387.0
393.0
364.0
316.0
287.0
279.0
276.0
278.0
297.0
348.0
391.0
390.0
359.0
314.0
288.0
277.0
275.0
283.0
306.0
363.0
389.0
384.0
337.0
296.0
284.0
279.0
278.0
283.0
327.0
380.0
392.0
374.0
329.0
292.0
280.0
278.0
278.0
295.0
336.0
382.0
396.0
363.0
320.0
288.0
281.0
277.0
282.0
297.0
350.0
383.0
393.0
360.0
311.0
285.0
279.0
272.0
281.0
297.0
356.0
390.0
393.0
353.0
309.0
283.0
274.0
276.0
281.0
306.0
363.0
392.0
383.0
346.0
302.0
283.0
276.0
271.0
285.0
315.0
369.0
392.0
381.0
335.0
292.0
278.0
272.0
272.0
282.0
323.0
371.0
390.0
367.0
324.0
287.0
277.0
272.0
275.0
289.0
330.0
382.0
392.0
362.0
317.0
284.0
276.0
272.0
276.0
286.0
342.0
383.0
391.0
354.0
310.0
280.0
275.0
272.0
277.0
288.0
344.0
381.0
391.0
354.0
309.0
285.0
272.0
271.0
277.0
292.0
348.0
384.0
388.0
347.0
302.0
283.0
272.0
270.0
275.0
303.0
356.0
388.0
382.0
342.0
298.0
282.0
269.0
272.0
277.0
305.0
361.0
389.0
379.0
338.0
294.0
279.0
272.0
267.0
273.0
307.0
364.0
387.0
382.0
336.0
290.0
274.0
270.0
268.0
276.0
307.0
357.0
384.0
381.0
336.0
294.0
279.0
273.0
268.0
276.0
310.0
362.0
384.0
380.0
338.0
293.0
278.0
271.0
271.0
272.0
301.0
349.0
385.0
380.0
338.0
298.0
277.0
276.0
270.0
277.0
294.0
343.0
372.0
378.0
338.0
283.0
277.0
270.0
269.0
273.0
291.0
337.0
369.0
377.0
346.0
302.0
277.0
270.0
268.0
270.0
285.0
332.0
366.0
374.0
356.0
316.0
282.0
271.0
266.0
267.0
282.0
326.0
374.0
387.0
356.0
315.0
275.0
267.0
262.0
272.0
280.0
322.0
364.0
379.0
362.0
321.0
280.0
259.0
264.0
268.0
274.0
317.0
354.0
359.0
354.0
308.0
284.0
270.0
264.0
269.0
275.0
309.0
349.0
373.0
365.0
325.0
289.0
271.0
269.0
258.0
269.0
288.0
336.0
365.0
369.0
337.0
300.0
276.0
266.0
266.0
272.0
282.0
330.0
366.0
368.0
343.0
303.0
277.0
267.0
264.0
270.0
280.0
326.0
362.0
372.0
339.0
302.0
279.0
266.0
262.0
264.0
288.0
341.0
374.0
376.0
339.0
302.0
275.0
262.0
262.0
268.0
290.0
342.0
378.0
378.0
338.0
290.0
273.0
264.0
262.0
268.0
293.0
345.0
381.0
375.0
329.0
286.0
268.0
260.0
261.0
272.0
308.0
361.0
375.0
369.0
323.0
280.0
271.0
262.0
264.0
269.0
297.0
355.0
381.0
374.0
330.0
284.0
270.0
262.0
263.0
270.0
302.0
353.0
379.0
373.0
328.0
285.0
270.0
264.0
266.0
275.0
307.0
356.0
380.0
368.0
318.0
279.0
267.0
265.0
264.0
274.0
311.0
364.0
383.0
358.0
316.0
280.0
264.0
264.0
266.0
276.0
325.0
370.0
381.0
352.0
300.0
275.0
263.0
260.0
264.0
282.0
331.0
373.0
380.0
344.0
298.0
272.0
262.0
263.0
269.0
282.0
332.0
373.0
378.0
342.0
297.0
264.0
264.0
261.0
264.0
292.0
348.0
379.0
364.0
327.0
282.0
268.0
258.0
263.0
269.0
311.0
360.0
376.0
360.0
305.0
276.0
265.0
260.0
262.0
278.0
333.0
374.0
375.0
331.0
290.0
266.0
259.0
254.0
266.0
297.0
355.0
380.0
365.0
318.0
278.0
266.0
259.0
262.0
270.0
314.0
362.0
379.0
353.0
310.0
277.0
264.0
263.0
262.0
274.0
317.0
359.0
379.0
357.0
310.0
273.0
263.0
257.0
261.0
273.0
315.0
365.0
381.0
348.0
305.0
273.0
258.0
260.0
264.0
273.0
327.0
369.0
372.0
341.0
292.0
274.0
258.0
259.0
264.0
280.0
336.0
374.0
377.0
333.0
289.0
264.0
258.0
257.0
266.0
294.0
351.0
372.0
368.0
326.0
282.0
264.0
260.0
256.0
266.0
294.0
345.0
371.0
366.0
326.0
284.0
261.0
255.0
256.0
264.0
290.0
342.0
377.0
371.0
328.0
282.0
264.0
261.0
265.0
264.0
293.0
340.0
370.0
367.0
324.0
281.0
265.0
260.0
264.0
271.0
289.0
347.0
370.0
363.0
320.0
277.0
264.0
259.0
260.0
270.0
299.0
352.0
370.0
357.0
319.0
275.0
265.0
256.0
256.0
264.0
296.0
348.0
370.0
357.0
314.0
278.0
260.0
259.0
256.0
264.0
299.0
358.0
370.0
361.0
320.0
276.0
256.0
256.0
258.0
259.0
296.0
346.0
370.0
365.0
323.0
276.0
260.0
253.0
256.0
262.0
295.0
351.0
373.0
362.0
316.0
275.0
263.0
253.0
254.0
260.0
300.0
354.0
374.0
359.0
314.0
270.0
260.0
256.0
269.0
264.0
306.0
352.0
370.0
347.0
304.0
271.0
259.0
256.0
258.0
267.0
320.0
356.0
368.0
337.0
294.0
267.0
256.0
258.0
256.0
274.0
320.0
359.0
369.0
332.0
292.0
264.0
258.0
252.0
257.0
277.0
330.0
362.0
364.0
333.0
288.0
264.0
260.0
261.0
261.0
279.0
337.0
359.0
366.0
324.0
279.0
256.0
251.0
249.0
256.0
284.0
337.0
366.0
362.0
317.0
277.0
257.0
253.0
253.0
254.0
290.0
340.0
369.0
360.0
318.0
275.0
257.0
253.0
272.0
260.0
289.0
343.0
359.0
350.0
314.0
270.0
252.0
241.0
240.0
252.0
285.0
337.0
356.0
350.0
311.0
274.0
256.0
251.0
252.0
253.0
282.0
330.0
352.0
350.0
314.0
277.0
263.0
252.0
248.0
252.0
275.0
339.0
366.0
361.0
316.0
276.0
256.0
247.0
252.0
253.0
280.0
336.0
365.0
360.0
321.0
281.0
259.0
250.0
249.0
258.0
274.0
328.0
362.0
367.0
326.0
284.0
262.0
249.0
250.0
256.0
270.0
325.0
362.0
368.0
331.0
286.0
261.0
252.0
247.0
256.0
277.0
328.0
359.0
362.0
326.0
274.0
258.0
249.0
247.0
257.0
280.0
335.0
362.0
359.0
313.0
274.0
259.0
256.0
253.0
256.0
292.0
343.0
361.0
340.0
298.0
258.0
253.0
246.0
245.0
257.0
297.0
341.0
356.0
333.0
293.0
263.0
254.0
248.0
253.0
268.0
309.0
350.0
364.0
330.0
285.0
259.0
243.0
246.0
253.0
261.0
318.0
357.0
363.0
327.0
289.0
257.0
251.0
249.0
254.0
272.0
329.0
362.0
364.0
318.0
278.0
257.0
248.0
246.0
256.0
280.0
331.0
364.0
360.0
315.0
274.0
256.0
241.0
249.0
253.0
278.0
326.0
360.0
360.0
314.0
273.0
252.0
251.0
247.0
256.0
286.0
337.0
362.0
352.0
307.0
265.0
250.0
249.0
247.0
259.0
293.0
349.0
367.0
347.0
299.0
260.0
253.0
245.0
251.0
256.0
295.0
345.0
366.0
350.0
305.0
265.0
248.0
242.0
248.0
253.0
294.0
345.0
360.0
347.0
302.0
266.0
253.0
247.0
251.0
262.0
304.0
354.0
362.0
340.0
296.0
259.0
250.0
247.0
248.0
257.0
307.0
349.0
365.0
332.0
285.0
256.0
245.0
244.0
251.0
269.0
323.0
352.0
359.0
322.0
280.0
258.0
248.0
244.0
248.0
267.0
322.0
359.0
357.0
320.0
278.0
254.0
246.0
243.0
248.0
270.0
323.0
360.0
358.0
321.0
274.0
252.0
248.0
242.0
251.0
271.0
322.0
360.0
356.0
318.0
272.0
254.0
246.0
244.0
249.0
282.0
336.0
359.0
352.0
304.0
261.0
251.0
241.0
245.0
256.0
301.0
349.0
363.0
334.0
289.0
256.0
247.0
243.0
250.0
261.0
314.0
355.0
364.0
325.0
281.0
252.0
248.0
239.0
246.0
268.0
320.0
357.0
355.0
318.0
270.0
249.0
241.0
243.0
249.0
274.0
331.0
355.0
353.0
308.0
265.0
250.0
243.0
244.0
248.0
284.0
336.0
359.0
344.0
304.0
261.0
243.0
244.0
246.0
252.0
290.0
339.0
361.0
341.0
296.0
260.0
244.0
240.0
244.0
253.0
300.0
344.0
360.0
330.0
288.0
258.0
245.0
243.0
246.0
256.0
304.0
344.0
357.0
327.0
284.0
256.0
245.0
243.0
244.0
253.0
307.0
352.0
361.0
329.0
285.0
251.0
243.0
238.0
243.0
259.0
310.0
354.0
358.0
324.0
284.0
249.0
241.0
238.0
246.0
256.0
314.0
351.0
357.0
315.0
267.0
249.0
240.0
241.0
246.0
280.0
334.0
359.0
343.0
301.0
260.0
247.0
243.0
240.0
250.0
292.0
342.0
359.0
331.0
286.0
252.0
241.0
242.0
242.0
251.0
306.0
349.0
358.0
322.0
276.0
251.0
240.0
236.0
245.0
268.0
318.0
355.0
348.0
310.0
264.0
244.0
241.0
240.0
248.0
285.0
339.0
359.0
340.0
291.0
256.0
241.0
240.0
241.0
253.0
306.0
350.0
358.0
323.0
274.0
247.0
241.0
240.0
245.0
262.0
319.0
350.0
352.0
315.0
265.0
244.0
242.0
239.0
244.0
270.0
321.0
353.0
353.0
310.0
269.0
245.0
241.0
235.0
244.0
264.0
318.0
351.0
352.0
315.0
274.0
242.0
235.0
233.0
238.0
257.0
309.0
345.0
352.0
309.0
265.0
245.0
236.0
236.0
238.0
268.0
324.0
354.0
348.0
300.0
259.0
256.0
240.0
239.0
245.0
277.0
322.0
352.0
342.0
289.0
248.0
241.0
237.0
236.0
243.0
274.0
322.0
349.0
330.0
294.0
257.0
243.0
238.0
236.0
243.0
289.0
337.0
357.0
328.0
283.0
246.0
238.0
237.0
240.0
253.0
313.0
348.0
350.0
311.0
262.0
246.0
234.0
234.0
245.0
274.0
329.0
353.0
337.0
296.0
253.0
240.0
237.0
238.0
244.0
288.0
333.0
352.0
329.0
283.0
247.0
233.0
229.0
233.0
250.0
305.0
346.0
349.0
310.0
265.0
241.0
234.0
230.0
238.0
265.0
323.0
348.0
340.0
298.0
252.0
237.0
229.0
232.0
243.0
291.0
337.0
355.0
321.0
279.0
245.0
236.0
232.0
238.0
253.0
306.0
345.0
348.0
313.0
267.0
245.0
234.0
230.0
240.0
266.0
318.0
352.0
343.0
302.0
258.0
243.0
231.0
232.0
239.0
276.0
329.0
349.0
334.0
295.0
250.0
239.0
230.0
231.0
244.0
284.0
331.0
353.0
335.0
288.0
250.0
239.0
229.0
236.0
240.0
285.0
332.0
351.0
324.0
285.0
247.0
234.0
233.0
228.0
246.0
289.0
338.0
350.0
326.0
279.0
245.0
233.0
228.0
233.0
243.0
292.0
343.0
354.0
317.0
279.0
236.0
234.0
226.0
233.0
250.0
291.0
328.0
345.0
315.0
273.0
245.0
237.0
231.0
234.0
245.0
287.0
329.0
341.0
314.0
269.0
246.0
230.0
230.0
233.0
249.0
296.0
337.0
348.0
312.0
265.0
239.0
234.0
231.0
238.0
251.0
309.0
340.0
342.0
304.0
256.0
239.0
233.0
231.0
238.0
260.0
310.0
343.0
340.0
297.0
258.0
236.0
232.0
233.0
239.0
266.0
324.0
341.0
328.0
293.0
250.0
238.0
233.0
232.0
240.0
280.0
324.0
345.0
326.0
281.0
248.0
237.0
233.0
236.0
244.0
288.0
328.0
338.0
316.0
270.0
244.0
234.0
226.0
231.0
253.0
307.0
344.0
338.0
303.0
261.0
243.0
234.0
236.0
246.0
272.0
322.0
348.0
335.0
288.0
248.0
236.0
232.0
234.0
241.0
285.0
335.0
349.0
325.0
283.0
244.0
234.0
227.0
233.0
244.0
294.0
338.0
348.0
315.0
274.0
243.0
230.0
226.0
232.0
249.0
301.0
342.0
343.0
306.0
260.0
239.0
232.0
226.0
231.0
261.0
314.0
344.0
337.0
294.0
249.0
234.0
226.0
230.0
237.0
274.0
326.0
346.0
328.0
287.0
244.0
234.0
226.0
225.0
244.0
293.0
340.0
372.0
314.0
269.0
237.0
227.0
229.0
232.0
253.0
296.0
333.0
328.0
285.0
251.0
238.0
229.0
233.0
239.0
270.0
322.0
337.0
322.0
281.0
244.0
230.0
217.0
224.0
243.0
301.0
339.0
346.0
304.0
257.0
237.0
229.0
230.0
236.0
261.0
320.0
347.0
335.0
289.0
245.0
233.0
226.0
228.0
242.0
286.0
336.0
350.0
320.0
273.0
243.0
229.0
227.0
229.0
248.0
300.0
342.0
346.0
305.0
260.0
238.0
227.0
227.0
233.0
266.0
317.0
341.0
337.0
294.0
248.0
235.0
225.0
227.0
231.0
278.0
331.0
347.0
327.0
279.0
246.0
229.0
227.0
228.0
245.0
288.0
332.0
349.0
318.0
274.0
242.0
228.0
226.0
232.0
249.0
305.0
341.0
343.0
305.0
256.0
234.0
232.0
225.0
233.0
260.0
319.0
344.0
332.0
289.0
242.0
229.0
224.0
229.0
242.0
286.0
335.0
346.0
311.0
262.0
237.0
226.0
226.0
234.0
260.0
314.0
343.0
332.0
288.0
243.0
231.0
226.0
227.0
237.0
288.0
335.0
344.0
312.0
271.0
239.0
227.0
226.0
231.0
252.0
310.0
341.0
336.0
298.0
248.0
235.0
225.0
228.0
236.0
279.0
322.0
347.0
326.0
284.0
243.0
232.0
223.0
231.0
241.0
283.0
331.0
344.0
322.0
274.0
239.0
226.0
222.0
229.0
241.0
291.0
333.0
347.0
315.0
266.0
236.0
232.0
224.0
232.0
245.0
299.0
337.0
345.0
308.0
263.0
237.0
226.0
226.0
233.0
249.0
307.0
342.0
341.0
304.0
254.0
235.0
228.0
228.0
232.0
263.0
316.0
347.0
332.0
288.0
247.0
230.0
225.0
228.0
237.0
279.0
330.0
346.0
322.0
276.0
241.0
228.0
224.0
229.0
241.0
294.0
337.0
342.0
308.0
260.0
236.0
229.0
219.0
234.0
258.0
316.0
342.0
336.0
291.0
245.0
234.0
224.0
227.0
237.0
281.0
330.0
346.0
322.0
269.0
235.0
226.0
227.0
229.0
241.0
294.0
338.0
346.0
308.0
263.0
236.0
226.0
227.0
230.0
247.0
306.0
339.0
338.0
299.0
252.0
231.0
224.0
224.0
234.0
264.0
317.0
342.0
333.0
286.0
244.0
229.0
221.0
223.0
234.0
273.0
322.0
343.0
330.0
286.0
241.0
232.0
222.0
226.0
233.0
278.0
330.0
343.0
319.0
269.0
235.0
226.0
223.0
232.0
240.0
296.0
334.0
341.0
299.0
258.0
234.0
223.0
222.0
229.0
256.0
314.0
343.0
332.0
292.0
244.0
229.0
222.0
226.0
228.0
266.0
320.0
344.0
330.0
283.0
242.0
227.0
225.0
225.0
233.0
275.0
319.0
341.0
324.0
286.0
241.0
228.0
222.0
226.0
235.0
278.0
324.0
343.0
320.0
276.0
238.0
228.0
220.0
228.0
233.0
279.0
327.0
343.0
315.0
273.0
237.0
226.0
223.0
225.0
237.0
288.0
330.0
342.0
311.0
258.0
234.0
224.0
218.0
228.0
242.0
299.0
336.0
337.0
299.0
253.0
228.0
222.0
215.0
230.0
263.0
314.0
344.0
324.0
281.0
237.0
224.0
218.0
224.0
235.0
291.0
333.0
341.0
307.0
256.0
233.0
223.0
222.0
229.0
251.0
309.0
336.0
332.0
285.0
242.0
225.0
217.0
221.0
234.0
276.0
330.0
344.0
312.0
265.0
231.0
226.0
219.0
222.0
245.0
301.0
338.0
336.0
291.0
246.0
226.0
217.0
221.0
228.0
261.0
317.0
340.0
323.0
277.0
237.0
224.0
219.0
224.0
238.0
288.0
333.0
340.0
303.0
256.0
227.0
218.0
218.0
226.0
245.0
301.0
338.0
334.0
288.0
246.0
227.0
219.0
220.0
228.0
268.0
320.0
339.0
315.0
272.0
236.0
222.0
218.0
225.0
239.0
297.0
331.0
336.0
295.0
245.0
227.0
218.0
221.0
229.0
266.0
321.0
342.0
320.0
270.0
231.0
221.0
214.0
224.0
233.0
286.0
330.0
338.0
305.0
257.0
230.0
218.0
216.0
224.0
246.0
301.0
333.0
336.0
289.0
239.0
227.0
220.0
220.0
230.0
272.0
324.0
343.0
316.0
269.0
233.0
220.0
215.0
219.0
235.0
286.0
328.0
337.0
298.0
249.0
229.0
220.0
218.0
226.0
254.0
308.0
339.0
325.0
281.0
239.0
224.0
219.0
221.0
225.0
268.0
322.0
335.0
318.0
271.0
234.0
223.0
217.0
216.0
232.0
283.0
330.0
339.0
304.0
259.0
226.0
223.0
214.0
222.0
242.0
295.0
333.0
333.0
296.0
252.0
229.0
215.0
221.0
228.0
263.0
317.0
335.0
320.0
276.0
230.0
225.0
217.0
222.0
230.0
278.0
321.0
329.0
298.0
256.0
227.0
217.0
216.0
226.0
252.0
305.0
331.0
320.0
278.0
233.0
226.0
216.0
221.0
230.0
276.0
324.0
333.0
301.0
259.0
230.0
220.0
217.0
224.0
245.0
295.0
331.0
327.0
283.0
241.0
224.0
220.0
222.0
226.0
266.0
314.0
332.0
309.0
266.0
225.0
209.0
210.0
218.0
234.0
292.0
326.0
322.0
281.0
239.0
223.0
213.0
213.0
221.0
257.0
309.0
327.0
304.0
264.0
225.0
218.0
216.0
218.0
233.0
290.0
325.0
322.0
286.0
245.0
221.0
218.0
215.0
222.0
254.0
303.0
330.0
311.0
270.0
229.0
211.0
208.0
216.0
230.0
280.0
327.0
334.0
306.0
253.0
224.0
217.0
215.0
222.0
235.0
293.0
330.0
330.0
291.0
243.0
226.0
221.0
234.0
228.0
251.0
292.0
318.0
316.0
279.0
239.0
13.0
80.0
9.0
74.0
6.0
73.0
8.0
76.0
9.0
83.0
8.0
80.0
11.0
85.0
6.0
85.0
19.0
114.0
28.0
292.0
243.0
230.0
234.0
256.0
307.0
334.0
323.0
273.0
240.0
223.0
214.0
218.0
224.0
259.0
311.0
334.0
311.0
269.0
230.0
215.0
216.0
217.0
226.0
273.0
318.0
332.0
303.0
258.0
227.0
217.0
212.0
215.0
230.0
288.0
322.0
331.0
288.0
245.0
223.0
215.0
209.0
222.0
245.0
303.0
332.0
321.0
276.0
234.0
219.0
208.0
214.0
225.0
274.0
323.0
331.0
294.0
249.0
220.0
213.0
214.0
218.0
249.0
307.0
330.0
312.0
268.0
232.0
214.0
210.0
214.0
231.0
275.0
324.0
330.0
296.0
245.0
225.0
215.0
213.0
220.0
246.0
300.0
331.0
318.0
276.0
230.0
218.0
214.0
215.0
224.0
268.0
318.0
333.0
298.0
251.0
222.0
215.0
208.0
217.0
244.0
302.0
329.0
315.0
263.0
225.0
217.0
208.0
218.0
233.0
290.0
328.0
324.0
278.0
233.0
214.0
208.0
212.0
222.0
266.0
318.0
330.0
298.0
249.0
223.0
212.0
208.0
217.0
245.0
303.0
329.0
312.0
268.0
225.0
212.0
212.0
215.0
231.0
282.0
316.0
329.0
292.0
246.0
222.0
211.0
209.0
217.0
247.0
297.0
329.0
317.0
272.0
226.0
216.0
211.0
213.0
221.0
272.0
318.0
333.0
299.0
252.0
225.0
213.0
206.0
213.0
233.0
288.0
323.0
321.0
280.0
229.0
216.0
209.0
209.0
216.0
266.0
313.0
328.0
299.0
250.0
218.0
210.0
210.0
218.0
246.0
303.0
329.0
311.0
270.0
226.0
215.0
207.0
213.0
227.0
279.0
325.0
326.0
290.0
237.0
218.0
209.0
208.0
214.0
251.0
308.0
328.0
314.0
261.0
224.0
209.0
208.0
213.0
226.0
279.0
323.0
324.0
288.0
241.0
218.0
204.0
208.0
216.0
254.0
307.0
328.0
304.0
260.0
222.0
216.0
206.0
211.0
227.0
282.0
322.0
326.0
287.0
237.0
214.0
210.0
207.0
215.0
256.0
301.0
329.0
311.0
265.0
228.0
213.0
209.0
210.0
221.0
271.0
316.0
327.0
293.0
248.0
217.0
210.0
209.0
213.0
236.0
288.0
327.0
317.0
275.0
234.0
214.0
208.0
208.0
216.0
256.0
309.0
330.0
306.0
258.0
223.0
213.0
207.0
210.0
226.0
279.0
321.0
327.0
278.0
237.0
220.0
206.0
207.0
213.0
250.0
304.0
327.0
308.0
262.0
220.0
213.0
205.0
209.0
224.0
275.0
320.0
324.0
285.0
235.0
215.0
206.0
204.0
213.0
250.0
302.0
328.0
308.0
260.0
221.0
215.0
206.0
210.0
227.0
287.0
324.0
317.0
276.0
229.0
215.0
207.0
209.0
215.0
265.0
312.0
328.0
295.0
248.0
215.0
206.0
207.0
214.0
250.0
300.0
321.0
306.0
259.0
219.0
207.0
207.0
212.0
230.0
289.0
325.0
315.0
275.0
229.0
213.0
204.0
210.0
214.0
264.0
313.0
322.0
293.0
245.0
217.0
206.0
202.0
213.0
241.0
300.0
325.0
309.0
257.0
221.0
209.0
207.0
211.0
234.0
293.0
324.0
312.0
266.0
225.0
210.0
203.0
206.0
222.0
277.0
321.0
320.0
278.0
228.0
214.0
206.0
208.0
217.0
264.0
315.0
324.0
291.0
244.0
215.0
207.0
202.0
211.0
241.0
292.0
321.0
305.0
253.0
217.0
201.0
201.0
209.0
221.0
283.0
317.0
314.0
268.0
225.0
210.0
201.0
202.0
219.0
265.0
312.0
323.0
279.0
233.0
212.0
199.0
203.0
210.0
251.0
300.0
322.0
298.0
244.0
212.0
199.0
199.0
208.0
233.0
292.0
326.0
308.0
256.0
217.0
204.0
201.0
208.0
221.0
271.0
311.0
301.0
254.0
220.0
208.0
205.0
204.0
217.0
259.0
302.0
310.0
279.0
239.0
213.0
208.0
201.0
208.0
242.0
292.0
310.0
290.0
246.0
216.0
205.0
204.0
208.0
228.0
285.0
314.0
311.0
266.0
210.0
205.0
196.0
206.0
215.0
264.0
310.0
321.0
285.0
239.0
207.0
203.0
205.0
208.0
234.0
291.0
319.0
312.0
265.0
217.0
205.0
197.0
203.0
213.0
261.0
306.0
315.0
286.0
236.0
207.0
195.0
196.0
203.0
225.0
286.0
317.0
306.0
261.0
218.0
203.0
197.0
201.0
210.0
262.0
320.0
318.0
283.0
239.0
204.0
197.0
198.0
202.0
219.0
276.0
308.0
303.0
259.0
218.0
208.0
199.0
201.0
211.0
251.0
298.0
310.0
279.0
242.0
211.0
202.0
200.0
208.0
228.0
296.0
315.0
297.0
251.0
202.0
203.0
193.0
205.0
222.0
279.0
315.0
310.0
266.0
219.0
205.0
200.0
201.0
211.0
265.0
310.0
314.0
280.0
229.0
204.0
199.0
198.0
207.0
250.0
304.0
317.0
288.0
245.0
215.0
200.0
200.0
202.0
224.0
283.0
317.0
310.0
262.0
221.0
205.0
200.0
202.0
212.0
259.0
306.0
314.0
286.0
240.0
208.0
199.0
198.0
205.0
230.0
288.0
314.0
306.0
258.0
219.0
206.0
198.0
199.0
213.0
258.0
304.0
315.0
286.0
237.0
211.0
200.0
202.0
205.0
234.0
288.0
316.0
303.0
259.0
215.0
204.0
195.0
201.0
211.0
272.0
312.0
313.0
269.0
222.0
203.0
199.0
201.0
210.0
257.0
306.0
317.0
284.0
236.0
208.0
200.0
202.0
205.0
242.0
299.0
318.0
296.0
248.0
213.0
201.0
197.0
206.0
229.0
288.0
317.0
306.0
256.0
213.0
201.0
195.0
201.0
216.0
271.0
313.0
312.0
267.0
223.0
203.0
196.0
200.0
207.0
254.0
301.0
319.0
289.0
236.0
210.0
201.0
199.0
205.0
221.0
281.0
313.0
310.0
265.0
221.0
204.0
198.0
199.0
207.0
245.0
302.0
318.0
291.0
243.0
210.0
203.0
195.0
205.0
217.0
278.0
313.0
312.0
270.0
224.0
202.0
199.0
199.0
206.0
248.0
296.0
315.0
293.0
245.0
214.0
200.0
199.0
201.0
215.0
269.0
307.0
314.0
271.0
231.0
208.0
196.0
199.0
202.0
241.0
297.0
316.0
295.0
251.0
209.0
199.0
197.0
202.0
216.0
268.0
304.0
313.0
274.0
233.0
205.0
200.0
198.0
207.0
236.0
291.0
316.0
298.0
248.0
214.0
198.0
195.0
201.0
212.0
267.0
312.0
312.0
273.0
226.0
207.0
197.0
199.0
204.0
244.0
296.0
317.0
293.0
249.0
214.0
197.0
197.0
200.0
217.0
265.0
307.0
312.0
272.0
225.0
204.0
199.0
195.0
206.0
242.0
296.0
317.0
294.0
247.0
209.0
202.0
196.0
201.0
218.0
270.0
309.0
312.0
270.0
225.0
204.0
195.0
199.0
207.0
244.0
292.0
315.0
298.0
249.0
212.0
202.0
192.0
199.0
212.0
263.0
310.0
314.0
274.0
226.0
204.0
196.0
197.0
205.0
235.0
289.0
310.0
296.0
250.0
209.0
196.0
195.0
198.0
211.0
265.0
305.0
311.0
279.0
227.0
207.0
197.0
195.0
203.0
228.0
284.0
313.0
302.0
252.0
211.0
198.0
196.0
194.0
210.0
260.0
306.0
311.0
278.0
233.0
205.0
196.0
196.0
200.0
223.0
277.0
311.0
304.0
261.0
215.0
204.0
196.0
197.0
207.0
256.0
298.0
312.0
283.0
235.0
207.0
199.0
197.0
200.0
232.0
288.0
311.0
294.0
251.0
209.0
198.0
190.0
199.0
215.0
275.0
310.0
309.0
264.0
217.0
200.0
196.0
195.0
208.0
254.0
303.0
313.0
279.0
235.0
206.0
196.0
196.0
202.0
234.0
290.0
307.0
294.0
247.0
212.0
201.0
195.0
198.0
215.0
268.0
309.0
308.0
264.0
223.0
202.0
194.0
194.0
204.0
239.0
295.0
306.0
289.0
243.0
210.0
201.0
192.0
200.0
214.0
272.0
304.0
310.0
269.0
226.0
205.0
196.0
194.0
200.0
232.0
283.0
309.0
300.0
257.0
215.0
198.0
195.0
199.0
208.0
257.0
300.0
311.0
282.0
236.0
205.0
195.0
196.0
199.0
223.0
275.0
307.0
305.0
256.0
215.0
202.0
196.0
196.0
208.0
253.0
303.0
310.0
279.0
231.0
203.0
194.0
196.0
202.0
224.0
277.0
308.0
300.0
257.0
215.0
199.0
194.0
197.0
204.0
246.0
296.0
312.0
288.0
241.0
202.0
196.0
194.0
202.0
216.0
271.0
306.0
304.0
260.0
214.0
196.0
194.0
196.0
207.0
244.0
297.0
312.0
284.0
241.0
206.0
196.0
194.0
199.0
212.0
267.0
308.0
304.0
265.0
220.0
198.0
192.0
192.0
201.0
232.0
284.0
306.0
297.0
253.0
212.0
199.0
196.0
193.0
203.0
247.0
295.0
312.0
288.0
239.0
208.0
198.0
192.0
199.0
216.0
269.0
304.0
309.0
271.0
226.0
204.0
199.0
192.0
197.0
221.0
274.0
306.0
302.0
261.0
216.0
201.0
198.0
194.0
205.0
237.0
287.0
311.0
294.0
244.0
207.0
197.0
193.0
194.0
204.0
247.0
294.0
311.0
288.0
241.0
208.0
196.0
193.0
194.0
206.0
254.0
298.0
311.0
284.0
239.0
203.0
192.0
191.0
194.0
205.0
257.0
298.0
312.0
277.0
234.0
203.0
196.0
190.0
195.0
211.0
262.0
302.0
306.0
276.0
227.0
201.0
194.0
190.0
199.0
223.0
277.0
307.0
301.0
261.0
213.0
201.0
194.0
195.0
203.0
236.0
288.0
310.0
292.0
247.0
208.0
195.0
187.0
196.0
205.0
254.0
295.0
311.0
280.0
233.0
204.0
196.0
192.0
198.0
207.0
261.0
301.0
310.0
278.0
230.0
208.0
194.0
192.0
196.0
211.0
263.0
302.0
306.0
272.0
228.0
205.0
193.0
194.0
193.0
210.0
258.0
300.0
306.0
275.0
228.0
202.0
195.0
193.0
200.0
216.0
269.0
306.0
305.0
266.0
222.0
200.0
193.0
192.0
195.0
219.0
272.0
305.0
301.0
259.0
220.0
199.0
192.0
195.0
200.0
234.0
284.0
306.0
292.0
247.0
209.0
196.0
193.0
193.0
205.0
260.0
298.0
307.0
277.0
234.0
206.0
194.0
186.0
195.0
211.0
264.0
300.0
307.0
276.0
231.0
203.0
194.0
192.0
196.0
209.0
265.0
302.0
304.0
267.0
220.0
200.0
193.0
191.0
199.0
231.0
286.0
309.0
298.0
253.0
208.0
199.0
190.0
194.0
204.0
245.0
292.0
307.0
287.0
242.0
207.0
195.0
189.0
196.0
211.0
259.0
304.0
303.0
269.0
224.0
201.0
191.0
193.0
198.0
225.0
280.0
306.0
298.0
247.0
208.0
196.0
193.0
194.0
205.0
257.0
301.0
306.0
266.0
223.0
202.0
193.0
194.0
196.0
235.0
285.0
309.0
290.0
246.0
210.0
193.0
194.0
191.0
208.0
262.0
304.0
303.0
262.0
217.0
197.0
191.0
197.0
198.0
235.0
288.0
304.0
288.0
243.0
208.0
196.0
190.0
190.0
204.0
249.0
296.0
306.0
274.0
233.0
202.0
194.0
190.0
197.0
223.0
279.0
306.0
298.0
252.0
208.0
195.0
189.0
189.0
203.0
245.0
293.0
307.0
279.0
230.0
203.0
192.0
190.0
198.0
222.0
278.0
306.0
300.0
257.0
209.0
198.0
192.0
191.0
203.0
246.0
296.0
308.0
278.0
233.0
199.0
191.0
190.0
194.0
210.0
266.0
302.0
303.0
264.0
218.0
198.0
190.0
190.0
198.0
228.0
281.0
304.0
294.0
250.0
211.0
197.0
192.0
192.0
198.0
241.0
291.0
306.0
286.0
237.0
205.0
190.0
190.0
190.0
203.0
246.0
291.0
309.0
283.0
242.0
205.0
193.0
189.0
188.0
201.0
247.0
298.0
305.0
277.0
230.0
201.0
193.0
192.0
195.0
216.0
267.0
303.0
301.0
262.0
221.0
197.0
185.0
190.0
196.0
220.0
274.0
302.0
295.0
253.0
210.0
198.0
192.0
192.0
200.0
234.0
283.0
304.0
291.0
244.0
206.0
193.0
187.0
192.0
200.0
248.0
292.0
308.0
276.0
233.0
203.0
190.0
185.0
192.0
205.0
262.0
301.0
303.0
265.0
217.0
198.0
190.0
189.0
195.0
222.0
276.0
305.0
295.0
251.0
209.0
194.0
192.0
191.0
201.0
244.0
292.0
306.0
275.0
227.0
201.0
192.0
189.0
191.0
212.0
267.0
302.0
298.0
258.0
213.0
196.0
193.0
189.0
194.0
227.0
277.0
305.0
294.0
253.0
210.0
196.0
190.0
186.0
197.0
229.0
280.0
305.0
295.0
252.0
206.0
195.0
188.0
186.0
196.0
237.0
287.0
302.0
292.0
243.0
206.0
190.0
188.0
182.0
201.0
247.0
291.0
306.0
279.0
234.0
200.0
189.0
187.0
189.0
205.0
252.0
295.0
305.0
275.0
231.0
201.0
192.0
189.0
186.0
206.0
257.0
296.0
306.0
268.0
231.0
201.0
191.0
188.0
191.0
206.0
257.0
297.0
303.0
272.0
227.0
196.0
189.0
185.0
193.0
205.0
257.0
297.0
306.0
265.0
226.0
196.0
190.0
185.0
195.0
210.0
266.0
300.0
300.0
261.0
217.0
196.0
186.0
188.0
194.0
213.0
269.0
303.0
302.0
261.0
218.0
195.0
190.0
188.0
194.0
212.0
274.0
298.0
293.0
254.0
211.0
190.0
188.0
190.0
196.0
230.0
277.0
302.0
288.0
242.0
207.0
191.0
187.0
186.0
198.0
230.0
279.0
302.0
286.0
250.0
208.0
190.0
189.0
183.0
193.0
225.0
278.0
299.0
292.0
250.0
209.0
193.0
187.0
188.0
189.0
223.0
274.0
304.0
292.0
251.0
210.0
193.0
186.0
185.0
192.0
228.0
280.0
303.0
288.0
242.0
206.0
188.0
186.0
188.0
193.0
240.0
291.0
303.0
276.0
230.0
200.0
182.0
186.0
188.0
202.0
256.0
297.0
300.0
266.0
214.0
194.0
187.0
183.0
192.0
221.0
270.0
299.0
292.0
248.0
206.0
196.0
185.0
187.0
192.0
225.0
277.0
301.0
288.0
243.0
206.0
193.0
186.0
186.0
196.0
235.0
285.0
302.0
277.0
238.0
200.0
185.0
184.0
186.0
198.0
246.0
288.0
300.0
270.0
225.0
196.0
186.0
181.0
189.0
208.0
256.0
293.0
298.0
257.0
211.0
192.0
184.0
183.0
192.0
219.0
272.0
298.0
289.0
247.0
203.0
190.0
185.0
187.0
193.0
232.0
280.0
303.0
278.0
237.0
201.0
189.0
185.0
186.0
199.0
244.0
288.0
296.0
272.0
228.0
198.0
189.0
185.0
188.0
199.0
253.0
294.0
301.0
264.0
219.0
194.0
183.0
187.0
188.0
210.0
269.0
295.0
295.0
249.0
207.0
186.0
179.0
185.0
193.0
234.0
284.0
300.0
277.0
233.0
198.0
186.0
183.0
188.0
199.0
245.0
293.0
296.0
267.0
220.0
195.0
188.0
183.0
191.0
210.0
258.0
298.0
291.0
253.0
214.0
194.0
185.0
184.0
190.0
213.0
271.0
296.0
291.0
249.0
208.0
190.0
185.0
185.0
192.0
229.0
276.0
298.0
283.0
