310.0
316.0
332.0
390.0
422.0
416.0
370.0
324.0
311.0
310.0
310.0
318.0
340.0
394.0
419.0
405.0
362.0
321.0
315.0
307.0
306.0
321.0
347.0
396.0
411.0
393.0
351.0
320.0
307.0
306.0
313.0
318.0
353.0
402.0
410.0
386.0
345.0
313.0
309.0
308.0
307.0
327.0
375.0
408.0
408.0
366.0
326.0
310.0
308.0
302.0
313.0
340.0
392.0
411.0
392.0
353.0
315.0
308.0
304.0
308.0
314.0
354.0
397.0
407.0
373.0
333.0
312.0
305.0
307.0
310.0
324.0
375.0
399.0
395.0
360.0
323.0
304.0
305.0
301.0
313.0
332.0
383.0
404.0
391.0
350.0
318.0
303.0
302.0
310.0
320.0
356.0
397.0
406.0
383.0
343.0
320.0
307.0
311.0
314.0
330.0
382.0
417.0
406.0
370.0
336.0
317.0
315.0
318.0
325.0
345.0
400.0
413.0
410.0
369.0
329.0
320.0
321.0
320.0
329.0
364.0
413.0
425.0
406.0
363.0
334.0
324.0
324.0
328.0
339.0
379.0
421.0
423.0
396.0
357.0
331.0
323.0
327.0
330.0
346.0
387.0
428.0
430.0
399.0
360.0
341.0
331.0
330.0
338.0
347.0
395.0
431.0
432.0
398.0
359.0
343.0
339.0
336.0
339.0
354.0
411.0
434.0
437.0
399.0
360.0
346.0
339.0
343.0
347.0
377.0
428.0
446.0
434.0
390.0
358.0
350.0
342.0
349.0
358.0
406.0
445.0
455.0
418.0
383.0
361.0
350.0
346.0
355.0
377.0
423.0
455.0
443.0
411.0
368.0
358.0
354.0
356.0
361.0
397.0
445.0
459.0
439.0
393.0
366.0
360.0
359.0
361.0
371.0
420.0
458.0
466.0
428.0
382.0
363.0
350.0
351.0
364.0
380.0
440.0
459.0
453.0
407.0
370.0
353.0
352.0
360.0
365.0
410.0
454.0
461.0
429.0
385.0
360.0
355.0
352.0
357.0
370.0
424.0
455.0
458.0
414.0
372.0
350.0
351.0
349.0
357.0
392.0
438.0
460.0
444.0
400.0
366.0
351.0
348.0
350.0
361.0
397.0
445.0
459.0
433.0
393.0
359.0
352.0
345.0
351.0
361.0
410.0
449.0
456.0
424.0
381.0
358.0
347.0
348.0
348.0
367.0
425.0
454.0
451.0
403.0
365.0
346.0
350.0
342.0
354.0
387.0
440.0
456.0
434.0
386.0
355.0
343.0
347.0
350.0
361.0
415.0
450.0
451.0
410.0
367.0
350.0
347.0
346.0
353.0
388.0
436.0
445.0
431.0
387.0
352.0
344.0
341.0
346.0
364.0
411.0
448.0
449.0
407.0
367.0
347.0
345.0
344.0
352.0
375.0
425.0
452.0
438.0
398.0
355.0
347.0
341.0
345.0
355.0
393.0
437.0
448.0
426.0
377.0
355.0
341.0
341.0
344.0
357.0
408.0
445.0
445.0
407.0
365.0
347.0
344.0
343.0
351.0
375.0
426.0
445.0
432.0
393.0
355.0
340.0
341.0
338.0
350.0
390.0
441.0
450.0
423.0
381.0
352.0
344.0
339.0
347.0
352.0
406.0
445.0
449.0
413.0
375.0
350.0
342.0
338.0
342.0
358.0
417.0
446.0
442.0
396.0
358.0
344.0
342.0
339.0
350.0
374.0
425.0
446.0
425.0
380.0
346.0
338.0
332.0
339.0
349.0
399.0
439.0
444.0
408.0
364.0
344.0
335.0
334.0
342.0
363.0
420.0
446.0
437.0
394.0
353.0
338.0
339.0
332.0
339.0
373.0
420.0
439.0
428.0
387.0
348.0
338.0
337.0
335.0
345.0
377.0
430.0
443.0
418.0
373.0
346.0
341.0
335.0
331.0
356.0
401.0
435.0
435.0
399.0
362.0
338.0
334.0
332.0
339.0
357.0
413.0
438.0
436.0
396.0
359.0
337.0
333.0
332.0
336.0
356.0
411.0
439.0
435.0
390.0
356.0
338.0
327.0
331.0
340.0
355.0
412.0
434.0
433.0
389.0
346.0
325.0
329.0
292.0
300.0
337.0
390.0
414.0
407.0
358.0
320.0
313.0
312.0
316.0
323.0
355.0
405.0
424.0
409.0
366.0
324.0
309.0
313.0
316.0
324.0
348.0
404.0
421.0
413.0
373.0
335.0
320.0
318.0
322.0
328.0
356.0
406.0
426.0
416.0
370.0
332.0
322.0
317.0
314.0
328.0
351.0
406.0
427.0
425.0
376.0
333.0
323.0
315.0
322.0
331.0
359.0
410.0
433.0
416.0
368.0
337.0
320.0
316.0
320.0
331.0
369.0
417.0
427.0
411.0
363.0
329.0
318.0
314.0
321.0
331.0
377.0
422.0
430.0
397.0
355.0
332.0
319.0
316.0
322.0
338.0
389.0
427.0
425.0
387.0
350.0
325.0
318.0
316.0
320.0
335.0
382.0
424.0
427.0
390.0
350.0
330.0
317.0
318.0
323.0
337.0
381.0
419.0
428.0
399.0
356.0
323.0
317.0
315.0
317.0
332.0
374.0
415.0
427.0
401.0
355.0
330.0
315.0
315.0
322.0
328.0
375.0
418.0
424.0
393.0
349.0
326.0
316.0
313.0
322.0
336.0
388.0
421.0
419.0
383.0
342.0
320.0
317.0
312.0
320.0
339.0
398.0
422.0
421.0
372.0
334.0
318.0
313.0
312.0
317.0
346.0
401.0
420.0
410.0
370.0
326.0
317.0
311.0
316.0
324.0
352.0
401.0
421.0
405.0
365.0
326.0
314.0
312.0
310.0
320.0
352.0
406.0
417.0
406.0
362.0
326.0
313.0
310.0
310.0
320.0
353.0
405.0
419.0
406.0
361.0
328.0
313.0
311.0
311.0
320.0
361.0
407.0
416.0
399.0
352.0
317.0
312.0
309.0
314.0
321.0
362.0
410.0
417.0
389.0
346.0
321.0
309.0
306.0
312.0
321.0
368.0
411.0
416.0
384.0
338.0
317.0
307.0
306.0
314.0
330.0
389.0
417.0
407.0
366.0
324.0
310.0
306.0
304.0
311.0
347.0
393.0
413.0
395.0
353.0
318.0
309.0
305.0
307.0
323.0
368.0
408.0
411.0
380.0
334.0
315.0
304.0
306.0
304.0
320.0
372.0
410.0
413.0
376.0
337.0
314.0
301.0
303.0
308.0
320.0
371.0
405.0
414.0
373.0
334.0
311.0
305.0
300.0
305.0
322.0
371.0
405.0
407.0
374.0
330.0
310.0
302.0
298.0
308.0
320.0
371.0
400.0
408.0
375.0
335.0
311.0
298.0
297.0
307.0
311.0
363.0
401.0
404.0
382.0
339.0
311.0
297.0
297.0
305.0
312.0
356.0
396.0
406.0
381.0
339.0
310.0
298.0
296.0
301.0
309.0
350.0
392.0
403.0
386.0
343.0
310.0
300.0
297.0
302.0
305.0
338.0
388.0
402.0
394.0
352.0
311.0
300.0
296.0
297.0
305.0
332.0
385.0
406.0
398.0
357.0
314.0
298.0
294.0
295.0
305.0
319.0
375.0
397.0
400.0
364.0
325.0
300.0
296.0
295.0
302.0
318.0
363.0
397.0
400.0
364.0
321.0
298.0
296.0
295.0
298.0
309.0
359.0
397.0
399.0
374.0
326.0
305.0
297.0
295.0
292.0
307.0
349.0
388.0
397.0
376.0
334.0
301.0
297.0
293.0
296.0
309.0
345.0
387.0
402.0
371.0
329.0
298.0
291.0
290.0
296.0
303.0
350.0
395.0
401.0
364.0
322.0
296.0
288.0
292.0
294.0
307.0
358.0
389.0
401.0
367.0
328.0
302.0
289.0
289.0
290.0
308.0
351.0
390.0
402.0
371.0
329.0
302.0
293.0
290.0
294.0
305.0
354.0
392.0
399.0
366.0
322.0
295.0
288.0
291.0
293.0
302.0
350.0
392.0
398.0
369.0
328.0
297.0
288.0
285.0
290.0
302.0
335.0
378.0
398.0
378.0
333.0
302.0
288.0
289.0
288.0
298.0
325.0
379.0
394.0
379.0
335.0
302.0
289.0
287.0
290.0
294.0
330.0
376.0
394.0
381.0
337.0
300.0
290.0
288.0
290.0
293.0
336.0
383.0
394.0
370.0
325.0
296.0
287.0
288.0
296.0
306.0
338.0
382.0
395.0
364.0
318.0
295.0
282.0
282.0
281.0
290.0
335.0
379.0
380.0
347.0
305.0
286.0
282.0
282.0
289.0
311.0
358.0
390.0
373.0
331.0
289.0
282.0
275.0
283.0
288.0
326.0
371.0
385.0
356.0
316.0
289.0
286.0
280.0
290.0
306.0
358.0
390.0
386.0
341.0
298.0
291.0
283.0
283.0
293.0
332.0
374.0
394.0
370.0
328.0
288.0
278.0
280.0
289.0
300.0
343.0
382.0
389.0
358.0
316.0
296.0
286.0
288.0
294.0
314.0
349.0
386.0
386.0
351.0
315.0
288.0
283.0
284.0
292.0
313.0
353.0
378.0
373.0
330.0
294.0
290.0
287.0
278.0
292.0
326.0
370.0
383.0
375.0
329.0
295.0
290.0
287.0
288.0
298.0
331.0
371.0
380.0
353.0
318.0
293.0
280.0
281.0
283.0
302.0
350.0
375.0
371.0
341.0
304.0
288.0
283.0
285.0
290.0
314.0
365.0
383.0
371.0
327.0
296.0
283.0
285.0
283.0
293.0
327.0
364.0
380.0
365.0
328.0
292.0
278.0
282.0
282.0
287.0
331.0
363.0
377.0
354.0
321.0
290.0
283.0
281.0
286.0
298.0
337.0
372.0
380.0
349.0
310.0
290.0
283.0
283.0
288.0
299.0
346.0
375.0
372.0
344.0
306.0
286.0
276.0
279.0
283.0
298.0
341.0
375.0
379.0
345.0
309.0
287.0
285.0
284.0
283.0
300.0
338.0
370.0
381.0
345.0
311.0
286.0
284.0
282.0
288.0
299.0
338.0
373.0
376.0
344.0
310.0
292.0
281.0
278.0
281.0
294.0
330.0
364.0
373.0
349.0
313.0
270.0
258.0
254.0
262.0
263.0
305.0
355.0
372.0
365.0
324.0
287.0
276.0
271.0
267.0
270.0
268.0
342.0
371.0
376.0
344.0
303.0
281.0
274.0
267.0
273.0
288.0
328.0
367.0
377.0
341.0
306.0
286.0
269.0
266.0
271.0
278.0
299.0
354.0
377.0
364.0
333.0
296.0
281.0
277.0
271.0
281.0
298.0
345.0
375.0
373.0
315.0
303.0
275.0
270.0
276.0
280.0
288.0
320.0
363.0
374.0
356.0
325.0
305.0
285.0
282.0
278.0
283.0
310.0
358.0
384.0
381.0
345.0
306.0
289.0
279.0
279.0
281.0
297.0
344.0
385.0
393.0
372.0
325.0
295.0
280.0
282.0
283.0
291.0
318.0
373.0
391.0
385.0
342.0
299.0
282.0
283.0
280.0
288.0
303.0
356.0
385.0
394.0
364.0
324.0
288.0
286.0
283.0
283.0
294.0
330.0
379.0
386.0
373.0
335.0
301.0
287.0
274.0
270.0
286.0
292.0
333.0
377.0
380.0
343.0
300.0
282.0
277.0
280.0
284.0
293.0
343.0
382.0
390.0
358.0
318.0
295.0
284.0
286.0
288.0
291.0
328.0
371.0
381.0
371.0
326.0
297.0
284.0
282.0
282.0
293.0
327.0
364.0
381.0
377.0
332.0
298.0
289.0
278.0
284.0
287.0
308.0
349.0
380.0
367.0
313.0
286.0
277.0
269.0
279.0
289.0
298.0
344.0
385.0
385.0
351.0
309.0
288.0
278.0
281.0
284.0
296.0
348.0
384.0
387.0
355.0
311.0
288.0
281.0
277.0
286.0
301.0
341.0
375.0
386.0
355.0
318.0
296.0
293.0
286.0
280.0
294.0
343.0
382.0
392.0
363.0
324.0
291.0
286.0
283.0
286.0
299.0
338.0
383.0
390.0
369.0
327.0
292.0
286.0
292.0
288.0
294.0
319.0
372.0
376.0
374.0
328.0
298.0
282.0
280.0
278.0
291.0
316.0
361.0
384.0
374.0
337.0
297.0
289.0
281.0
282.0
288.0
315.0
361.0
382.0
375.0
332.0
299.0
281.0
280.0
283.0
285.0
301.0
346.0
379.0
378.0
345.0
306.0
289.0
282.0
278.0
283.0
300.0
341.0
372.0
376.0
344.0
307.0
290.0
280.0
276.0
285.0
297.0
341.0
374.0
380.0
342.0
314.0
288.0
279.0
274.0
284.0
293.0
334.0
370.0
378.0
355.0
316.0
288.0
276.0
269.0
270.0
292.0
331.0
370.0
374.0
345.0
308.0
283.0
275.0
273.0
285.0
298.0
341.0
371.0
373.0
338.0
299.0
280.0
278.0
277.0
283.0
300.0
347.0
376.0
372.0
332.0
300.0
282.0
279.0
278.0
287.0
303.0
353.0
373.0
369.0
334.0
299.0
281.0
283.0
278.0
286.0
306.0
352.0
371.0
372.0
340.0
302.0
287.0
284.0
279.0
290.0
314.0
361.0
377.0
366.0
326.0
292.0
285.0
277.0
285.0
285.0
312.0
361.0
388.0
381.0
339.0
298.0
282.0
285.0
283.0
294.0
324.0
375.0
391.0
382.0
335.0
298.0
288.0
282.0
288.0
291.0
326.0
370.0
390.0
385.0
342.0
301.0
286.0
281.0
287.0
292.0
325.0
373.0
397.0
384.0
335.0
295.0
287.0
287.0
283.0
296.0
329.0
383.0
395.0
370.0
326.0
299.0
291.0
288.0
291.0
302.0
344.0
378.0
392.0
362.0
320.0
290.0
288.0
285.0
289.0
305.0
347.0
386.0
390.0
356.0
318.0
294.0
286.0
284.0
290.0
304.0
351.0
385.0
390.0
353.0
315.0
290.0
283.0
273.0
283.0
295.0
346.0
382.0
384.0
347.0
309.0
284.0
277.0
281.0
281.0
296.0
350.0
377.0
377.0
348.0
307.0
288.0
281.0
283.0
286.0
305.0
357.0
378.0
383.0
344.0
294.0
264.0
256.0
258.0
263.0
285.0
337.0
359.0
352.0
313.0
276.0
264.0
256.0
260.0
271.0
303.0
351.0
364.0
352.0
309.0
276.0
267.0
263.0
249.0
243.0
277.0
336.0
362.0
354.0
310.0
280.0
265.0
267.0
271.0
278.0
300.0
350.0
369.0
347.0
311.0
277.0
265.0
261.0
263.0
271.0
303.0
345.0
355.0
346.0
311.0
284.0
272.0
269.0
268.0
274.0
309.0
347.0
374.0
368.0
318.0
285.0
271.0
260.0
269.0
281.0
311.0
353.0
375.0
362.0
321.0
281.0
269.0
266.0
271.0
280.0
308.0
358.0
371.0
360.0
320.0
280.0
272.0
268.0
266.0
276.0
306.0
356.0
375.0
367.0
322.0
286.0
273.0
270.0
266.0
272.0
304.0
352.0
370.0
374.0
332.0
294.0
278.0
272.0
274.0
277.0
292.0
336.0
376.0
378.0
346.0
305.0
280.0
273.0
272.0
275.0
291.0
334.0
370.0
381.0
351.0
313.0
286.0
278.0
274.0
274.0
289.0
316.0
366.0
382.0
368.0
326.0
291.0
277.0
275.0
275.0
283.0
303.0
354.0
379.0
378.0
334.0
297.0
280.0
277.0
272.0
281.0
295.0
343.0
375.0
378.0
345.0
304.0
284.0
276.0
276.0
280.0
287.0
330.0
369.0
379.0
360.0
319.0
286.0
274.0
275.0
279.0
285.0
314.0
359.0
381.0
372.0
328.0
291.0
279.0
276.0
272.0
278.0
296.0
350.0
374.0
377.0
336.0
301.0
280.0
276.0
272.0
279.0
293.0
338.0
372.0
379.0
352.0
310.0
283.0
272.0
268.0
274.0
287.0
315.0
365.0
380.0
362.0
326.0
289.0
273.0
274.0
271.0
281.0
303.0
352.0
376.0
371.0
331.0
294.0
275.0
274.0
269.0
278.0
290.0
342.0
368.0
375.0
345.0
308.0
278.0
273.0
272.0
274.0
287.0
322.0
362.0
372.0
361.0
314.0
286.0
272.0
267.0
272.0
282.0
306.0
355.0
377.0
366.0
330.0
290.0
277.0
274.0
268.0
277.0
295.0
344.0
379.0
372.0
330.0
299.0
274.0
269.0
268.0
276.0
286.0
331.0
365.0
375.0
359.0
311.0
273.0
273.0
272.0
275.0
281.0
327.0
369.0
373.0
355.0
310.0
286.0
275.0
271.0
271.0
277.0
312.0
358.0
377.0
362.0
326.0
289.0
274.0
270.0
272.0
278.0
299.0
348.0
375.0
371.0
337.0
297.0
277.0
275.0
270.0
278.0
294.0
342.0
374.0
381.0
349.0
309.0
284.0
274.0
276.0
278.0
290.0
338.0
376.0
381.0
354.0
312.0
287.0
276.0
273.0
278.0
290.0
331.0
377.0
384.0
360.0
316.0
291.0
282.0
279.0
283.0
293.0
336.0
377.0
381.0
352.0
307.0
286.0
280.0
277.0
286.0
303.0
353.0
381.0
385.0
341.0
303.0
285.0
280.0
282.0
288.0
304.0
354.0
378.0
384.0
342.0
302.0
285.0
281.0
278.0
286.0
302.0
356.0
385.0
384.0
345.0
307.0
283.0
276.0
278.0
278.0
292.0
347.0
374.0
376.0
334.0
300.0
279.0
277.0
275.0
278.0
301.0
348.0
382.0
375.0
335.0
290.0
277.0
279.0
276.0
290.0
324.0
376.0
389.0
376.0
330.0
297.0
290.0
282.0
283.0
290.0
336.0
373.0
383.0
356.0
319.0
288.0
283.0
276.0
284.0
301.0
342.0
384.0
390.0
355.0
311.0
288.0
288.0
288.0
286.0
304.0
347.0
377.0
375.0
336.0
299.0
283.0
276.0
276.0
281.0
312.0
361.0
380.0
364.0
320.0
292.0
281.0
278.0
283.0
292.0
326.0
362.0
382.0
363.0
321.0
286.0
276.0
280.0
281.0
293.0
343.0
379.0
389.0
355.0
314.0
287.0
281.0
277.0
285.0
303.0
356.0
386.0
383.0
340.0
294.0
281.0
279.0
278.0
289.0
324.0
369.0
387.0
365.0
321.0
288.0
281.0
277.0
285.0
296.0
343.0
382.0
383.0
354.0
312.0
286.0
277.0
278.0
284.0
298.0
350.0
380.0
382.0
343.0
302.0
281.0
276.0
269.0
284.0
308.0
363.0
387.0
381.0
334.0
292.0
281.0
278.0
277.0
289.0
320.0
369.0
385.0
370.0
324.0
287.0
280.0
275.0
274.0
288.0
328.0
374.0
387.0
362.0
320.0
288.0
280.0
277.0
279.0
288.0
335.0
375.0
382.0
352.0
311.0
280.0
279.0
276.0
282.0
296.0
352.0
395.0
379.0
337.0
292.0
274.0
273.0
269.0
267.0
306.0
353.0
362.0
357.0
322.0
286.0
273.0
275.0
272.0
289.0
327.0
364.0
377.0
337.0
303.0
280.0
273.0
271.0
278.0
300.0
347.0
375.0
376.0
332.0
294.0
275.0
263.0
272.0
281.0
309.0
363.0
384.0
364.0
323.0
284.0
274.0
273.0
274.0
291.0
335.0
380.0
379.0
345.0
300.0
280.0
272.0
271.0
279.0
300.0
355.0
382.0
379.0
332.0
290.0
280.0
271.0
272.0
284.0
314.0
363.0
386.0
373.0
331.0
289.0
280.0
276.0
281.0
293.0
328.0
382.0
387.0
367.0
323.0
292.0
285.0
284.0
282.0
294.0
342.0
384.0
404.0
359.0
317.0
286.0
259.0
278.0
285.0
304.0
355.0
378.0
378.0
335.0
299.0
283.0
280.0
279.0
288.0
312.0
355.0
377.0
369.0
332.0
294.0
284.0
281.0
277.0
291.0
327.0
376.0
387.0
373.0
331.0
292.0
283.0
280.0
284.0
292.0
326.0
375.0
391.0
380.0
333.0
298.0
288.0
282.0
285.0
292.0
322.0
372.0
392.0
380.0
332.0
299.0
288.0
283.0
297.0
299.0
327.0
373.0
386.0
370.0
329.0
298.0
290.0
286.0
282.0
287.0
332.0
381.0
396.0
379.0
330.0
294.0
285.0
283.0
286.0
298.0
343.0
383.0
396.0
371.0
328.0
298.0
285.0
285.0
292.0
297.0
343.0
387.0
395.0
379.0
325.0
297.0
289.0
282.0
286.0
301.0
342.0
384.0
394.0
368.0
322.0
297.0
287.0
283.0
288.0
302.0
354.0
391.0
394.0
360.0
314.0
292.0
285.0
288.0
297.0
325.0
379.0
396.0
379.0
339.0
298.0
287.0
284.0
288.0
300.0
345.0
389.0
393.0
362.0
319.0
293.0
289.0
291.0
296.0
307.0
360.0
386.0
389.0
343.0
293.0
280.0
281.0
283.0
293.0
321.0
364.0
381.0
368.0
328.0
296.0
286.0
282.0
288.0
299.0
340.0
372.0
379.0
355.0
314.0
295.0
284.0
287.0
289.0
304.0
358.0
379.0
376.0
341.0
300.0
291.0
281.0
287.0
291.0
318.0
363.0
381.0
367.0
326.0
293.0
285.0
283.0
281.0
293.0
329.0
365.0
381.0
373.0
328.0
296.0
281.0
282.0
285.0
305.0
348.0
387.0
394.0
364.0
327.0
299.0
293.0
287.0
288.0
310.0
359.0
391.0
395.0
355.0
315.0
292.0
289.0
287.0
291.0
309.0
358.0
389.0
393.0
353.0
317.0
296.0
289.0
286.0
290.0
312.0
363.0
393.0
394.0
356.0
316.0
294.0
287.0
284.0
293.0
307.0
357.0
402.0
397.0
358.0
321.0
297.0
288.0
280.0
278.0
282.0
322.0
365.0
368.0
347.0
309.0
281.0
278.0
283.0
283.0
301.0
340.0
366.0
373.0
341.0
316.0
290.0
288.0
283.0
284.0
296.0
331.0
377.0
385.0
366.0
326.0
292.0
282.0
283.0
288.0
295.0
331.0
372.0
390.0
372.0
330.0
298.0
288.0
285.0
284.0
290.0
320.0
373.0
390.0
372.0
338.0
304.0
289.0
288.0
288.0
292.0
308.0
354.0
385.0
383.0
348.0
310.0
291.0
284.0
280.0
289.0
299.0
345.0
367.0
370.0
360.0
322.0
292.0
286.0
281.0
286.0
292.0
334.0
371.0
390.0
369.0
326.0
297.0
288.0
283.0
290.0
285.0
332.0
378.0
388.0
373.0
333.0
298.0
294.0
283.0
282.0
294.0
326.0
373.0
385.0
376.0
333.0
303.0
286.0
273.0
283.0
290.0
320.0
364.0
381.0
367.0
333.0
300.0
288.0
286.0
286.0
290.0
315.0
363.0
382.0
373.0
336.0
270.0
266.0
275.0
278.0
292.0
309.0
362.0
384.0
381.0
338.0
305.0
290.0
283.0
285.0
291.0
322.0
375.0
393.0
378.0
333.0
300.0
284.0
278.0
286.0
293.0
336.0
379.0
393.0
367.0
320.0
294.0
282.0
283.0
284.0
302.0
353.0
391.0
394.0
355.0
309.0
288.0
282.0
287.0
295.0
316.0
370.0
394.0
382.0
336.0
295.0
286.0
285.0
283.0
298.0
339.0
387.0
393.0
363.0
323.0
291.0
285.0
283.0
290.0
304.0
360.0
393.0
393.0
349.0
310.0
286.0
281.0
281.0
295.0
318.0
373.0
389.0
381.0
335.0
295.0
284.0
279.0
283.0
296.0
341.0
386.0
392.0
369.0
321.0
294.0
286.0
285.0
286.0
303.0
343.0
386.0
391.0
365.0
322.0
296.0
285.0
283.0
305.0
304.0
345.0
380.0
390.0
365.0
314.0
281.0
283.0
280.0
280.0
296.0
344.0
377.0
383.0
349.0
313.0
291.0
284.0
282.0
288.0
313.0
356.0
383.0
389.0
352.0
310.0
286.0
280.0
284.0
290.0
307.0
354.0
391.0
387.0
350.0
313.0
285.0
280.0
284.0
285.0
306.0
363.0
387.0
389.0
347.0
306.0
289.0
284.0
281.0
285.0
311.0
367.0
390.0
385.0
342.0
303.0
283.0
285.0
282.0
289.0
312.0
368.0
386.0
386.0
341.0
304.0
283.0
282.0
283.0
283.0
311.0
361.0
388.0
386.0
349.0
305.0
288.0
285.0
278.0
288.0
308.0
359.0
389.0
390.0
347.0
299.0
283.0
281.0
277.0
293.0
317.0
358.0
381.0
382.0
341.0
302.0
281.0
277.0
283.0
289.0
307.0
360.0
384.0
381.0
348.0
303.0
282.0
276.0
278.0
284.0
292.0
346.0
383.0
384.0
355.0
310.0
286.0
283.0
276.0
284.0
291.0
333.0
375.0
385.0
364.0
326.0
307.0
282.0
274.0
272.0
277.0
309.0
361.0
375.0
370.0
331.0
289.0
274.0
276.0
275.0
284.0
300.0
353.0
369.0
374.0
341.0
302.0
283.0
284.0
285.0
281.0
297.0
340.0
385.0
382.0
347.0
307.0
283.0
276.0
274.0
281.0
297.0
347.0
378.0
384.0
347.0
305.0
284.0
278.0
277.0
281.0
291.0
338.0
380.0
386.0
353.0
311.0
286.0
277.0
277.0
280.0
288.0
335.0
378.0
384.0
354.0
312.0
286.0
278.0
276.0
277.0
289.0
330.0
372.0
384.0
367.0
322.0
288.0
278.0
273.0
274.0
281.0
317.0
364.0
382.0
373.0
326.0
289.0
280.0
276.0
273.0
278.0
304.0
354.0
381.0
381.0
341.0
300.0
284.0
274.0
274.0
277.0
287.0
336.0
373.0
384.0
362.0
320.0
287.0
277.0
275.0
270.0
284.0
309.0
358.0
380.0
373.0
335.0
296.0
276.0
272.0
273.0
281.0
303.0
352.0
381.0
378.0
334.0
298.0
278.0
270.0
272.0
273.0
293.0
345.0
375.0
380.0
343.0
297.0
276.0
270.0
270.0
274.0
282.0
325.0
369.0
381.0
359.0
312.0
282.0
268.0
266.0
272.0
277.0
311.0
365.0
378.0
360.0
315.0
281.0
271.0
269.0
272.0
276.0
305.0
358.0
378.0
372.0
326.0
288.0
272.0
267.0
271.0
278.0
302.0
356.0
375.0
372.0
329.0
285.0
274.0
265.0
270.0
276.0
297.0
355.0
378.0
375.0
333.0
293.0
277.0
265.0
263.0
271.0
290.0
347.0
375.0
373.0
335.0
294.0
272.0
267.0
264.0
274.0
288.0
340.0
375.0
376.0
333.0
294.0
272.0
266.0
267.0
268.0
292.0
346.0
375.0
371.0
334.0
291.0
270.0
270.0
265.0
274.0
293.0
340.0
371.0
373.0
340.0
300.0
275.0
265.0
267.0
273.0
288.0
338.0
371.0
372.0
345.0
301.0
277.0
266.0
266.0
272.0
283.0
323.0
361.0
378.0
345.0
306.0
272.0
260.0
261.0
266.0
277.0
325.0
363.0
376.0
351.0
304.0
272.0
265.0
261.0
265.0
279.0
319.0
366.0
372.0
353.0
305.0
273.0
264.0
265.0
269.0
275.0
316.0
359.0
372.0
355.0
313.0
276.0
265.0
260.0
266.0
274.0
302.0
354.0
373.0
362.0
318.0
285.0
270.0
262.0
265.0
265.0
289.0
339.0
372.0
374.0
331.0
294.0
270.0
265.0
265.0
266.0
284.0
331.0
367.0
374.0
341.0
298.0
275.0
265.0
261.0
267.0
276.0
320.0
361.0
376.0
349.0
304.0
267.0
262.0
264.0
262.0
277.0
312.0
363.0
373.0
353.0
310.0
276.0
263.0
263.0
262.0
272.0
311.0
354.0
372.0
356.0
311.0
273.0
266.0
262.0
265.0
273.0
295.0
351.0
369.0
363.0
321.0
282.0
266.0
258.0
260.0
264.0
289.0
346.0
369.0
366.0
323.0
284.0
267.0
259.0
264.0
266.0
288.0
346.0
368.0
365.0
326.0
286.0
268.0
261.0
260.0
265.0
282.0
328.0
364.0
370.0
339.0
296.0
271.0
257.0
258.0
262.0
275.0
325.0
357.0
367.0
353.0
303.0
270.0
262.0
257.0
262.0
271.0
304.0
351.0
366.0
358.0
313.0
276.0
261.0
256.0
258.0
265.0
291.0
341.0
366.0
360.0
323.0
283.0
266.0
261.0
259.0
264.0
280.0
331.0
361.0
365.0
329.0
290.0
269.0
259.0
254.0
264.0
277.0
327.0
364.0
366.0
337.0
294.0
265.0
260.0
254.0
264.0
272.0
319.0
360.0
362.0
343.0
295.0
264.0
256.0
259.0
261.0
274.0
314.0
361.0
371.0
336.0
296.0
267.0
259.0
257.0
257.0
272.0
316.0
357.0
365.0
340.0
298.0
261.0
259.0
257.0
261.0
271.0
316.0
356.0
361.0
334.0
287.0
265.0
253.0
253.0
261.0
279.0
329.0
365.0
363.0
320.0
276.0
262.0
256.0
257.0
259.0
290.0
341.0
367.0
356.0
311.0
268.0
254.0
257.0
253.0
262.0
300.0
349.0
363.0
348.0
303.0
265.0
256.0
250.0
257.0
266.0
308.0
351.0
366.0
339.0
296.0
262.0
256.0
251.0
256.0
267.0
307.0
352.0
362.0
343.0
298.0
266.0
256.0
252.0
257.0
265.0
300.0
350.0
358.0
338.0
293.0
261.0
250.0
249.0
254.0
266.0
309.0
352.0
363.0
331.0
288.0
262.0
251.0
247.0
254.0
268.0
319.0
354.0
362.0
323.0
279.0
260.0
251.0
250.0
249.0
271.0
321.0
356.0
355.0
316.0
272.0
256.0
250.0
247.0
256.0
278.0
330.0
357.0
351.0
310.0
270.0
256.0
250.0
246.0
258.0
285.0
336.0
356.0
349.0
302.0
263.0
253.0
249.0
249.0
261.0
291.0
340.0
356.0
341.0
292.0
260.0
251.0
246.0
249.0
260.0
306.0
352.0
359.0
328.0
286.0
253.0
248.0
247.0
250.0
265.0
306.0
349.0
357.0
322.0
281.0
254.0
248.0
245.0
248.0
265.0
310.0
346.0
354.0
322.0
284.0
253.0
246.0
245.0
238.0
245.0
290.0
332.0
340.0
309.0
265.0
240.0
235.0
230.0
239.0
248.0
302.0
338.0
352.0
317.0
272.0
245.0
236.0
254.0
247.0
267.0
310.0
354.0
364.0
326.0
282.0
247.0
247.0
249.0
256.0
268.0
320.0
356.0
359.0
326.0
280.0
260.0
250.0
250.0
254.0
269.0
322.0
354.0
359.0
327.0
284.0
256.0
250.0
248.0
256.0
266.0
318.0
355.0
363.0
328.0
283.0
260.0
251.0
250.0
254.0
271.0
323.0
356.0
359.0
321.0
276.0
257.0
249.0
248.0
255.0
276.0
331.0
359.0
355.0
307.0
266.0
253.0
247.0
252.0
258.0
286.0
337.0
355.0
347.0
305.0
264.0
253.0
247.0
251.0
260.0
290.0
339.0
358.0
349.0
301.0
263.0
250.0
250.0
252.0
259.0
298.0
341.0
356.0
339.0
295.0
260.0
248.0
248.0
250.0
260.0
303.0
355.0
358.0
332.0
290.0
258.0
251.0
248.0
245.0
251.0
299.0
338.0
346.0
320.0
280.0
252.0
244.0
245.0
248.0
261.0
306.0
339.0
345.0
318.0
280.0
254.0
248.0
245.0
248.0
261.0
304.0
338.0
344.0
317.0
276.0
254.0
247.0
246.0
247.0
266.0
322.0
353.0
353.0
314.0
273.0
252.0
245.0
241.0
251.0
272.0
325.0
351.0
352.0
308.0
265.0
250.0
246.0
246.0
252.0
281.0
337.0
349.0
346.0
301.0
262.0
248.0
249.0
250.0
253.0
281.0
320.0
353.0
337.0
295.0
256.0
245.0
241.0
246.0
256.0
291.0
337.0
352.0
336.0
288.0
254.0
245.0
240.0
243.0
259.0
305.0
346.0
350.0
314.0
271.0
250.0
244.0
243.0
248.0
266.0
322.0
350.0
348.0
306.0
267.0
247.0
243.0
240.0
249.0
274.0
329.0
348.0
344.0
297.0
258.0
244.0
240.0
244.0
252.0
277.0
326.0
351.0
338.0
292.0
256.0
244.0
237.0
239.0
248.0
277.0
330.0
347.0
336.0
291.0
256.0
242.0
237.0
238.0
250.0
289.0
336.0
352.0
332.0
286.0
254.0
242.0
240.0
242.0
252.0
293.0
340.0
349.0
325.0
280.0
250.0
241.0
237.0
242.0
254.0
305.0
344.0
346.0
310.0
270.0
245.0
240.0
239.0
242.0
265.0
324.0
343.0
338.0
295.0
269.0
242.0
236.0
230.0
251.0
288.0
334.0
343.0
317.0
280.0
262.0
241.0
239.0
236.0
238.0
283.0
320.0
327.0
298.0
256.0
226.0
223.0
223.0
225.0
238.0
285.0
325.0
328.0
301.0
262.0
228.0
222.0
216.0
222.0
231.0
283.0
327.0
333.0
295.0
253.0
229.0
222.0
221.0
228.0
240.0
288.0
322.0
327.0
287.0
241.0
226.0
218.0
218.0
222.0
245.0
303.0
327.0
318.0
274.0
232.0
222.0
215.0
221.0
230.0
265.0
311.0
325.0
302.0
252.0
226.0
221.0
215.0
222.0
239.0
291.0
316.0
321.0
283.0
234.0
213.0
218.0
213.0
216.0
231.0
282.0
310.0
309.0
275.0
238.0
222.0
213.0
218.0
221.0
244.0
298.0
321.0
319.0
274.0
228.0
219.0
217.0
212.0
226.0
256.0
306.0
324.0
304.0
263.0
224.0
213.0
214.0
215.0
231.0
273.0
316.0
321.0
294.0
249.0
224.0
212.0
213.0
217.0
232.0
279.0
316.0
320.0
288.0
247.0
222.0
209.0
212.0
214.0
229.0
280.0
317.0
317.0
278.0
242.0
221.0
212.0
211.0
214.0
232.0
279.0
315.0
321.0
286.0
248.0
220.0
213.0
210.0
218.0
232.0
275.0
314.0
319.0
283.0
243.0
216.0
212.0
214.0
213.0
229.0
277.0
318.0
317.0
295.0
240.0
218.0
212.0
208.0
218.0
233.0
279.0
314.0
312.0
273.0
234.0
234.0
214.0
208.0
214.0
238.0
292.0
317.0
317.0
273.0
242.0
216.0
210.0
207.0
214.0
236.0
287.0
317.0
318.0
272.0
232.0
214.0
209.0
209.0
218.0
232.0
285.0
312.0
314.0
279.0
232.0
213.0
208.0
210.0
213.0
233.0
289.0
315.0
313.0
267.0
228.0
216.0
208.0
208.0
219.0
246.0
297.0
319.0
309.0
266.0
228.0
213.0
204.0
210.0
213.0
245.0
296.0
316.0
307.0
260.0
220.0
208.0
205.0
210.0
217.0
253.0
304.0
312.0
295.0
248.0
216.0
212.0
209.0
209.0
220.0
265.0
309.0
317.0
284.0
238.0
213.0
208.0
207.0
214.0
223.0
279.0
313.0
311.0
269.0
227.0
208.0
207.0
206.0
217.0
237.0
296.0
313.0
304.0
256.0
220.0
204.0
205.0
205.0
223.0
260.0
301.0
313.0
290.0
243.0
212.0
204.0
202.0
212.0
224.0
269.0
307.0
310.0
276.0
235.0
213.0
208.0
206.0
208.0
224.0
281.0
310.0
310.0
265.0
224.0
209.0
204.0
202.0
209.0
234.0
286.0
309.0
303.0
261.0
223.0
208.0
206.0
204.0
212.0
232.0
287.0
309.0
301.0
261.0
221.0
208.0
202.0
206.0
215.0
239.0
287.0
304.0
297.0
256.0
215.0
204.0
201.0
200.0
214.0
238.0
290.0
314.0
302.0
256.0
217.0
209.0
204.0
210.0
215.0
247.0
295.0
312.0
294.0
245.0
210.0
204.0
202.0
208.0
217.0
265.0
304.0
309.0
276.0
227.0
205.0
203.0
201.0
206.0
227.0
283.0
315.0
302.0
257.0
215.0
208.0
200.0
200.0
212.0
238.0
284.0
304.0
292.0
250.0
216.0
199.0
201.0
205.0
211.0
245.0
285.0
304.0
286.0
242.0
214.0
204.0
204.0
207.0
218.0
251.0
293.0
304.0
287.0
256.0
215.0
200.0
198.0
202.0
216.0
265.0
306.0
310.0
276.0
233.0
211.0
202.0
203.0
210.0
227.0
277.0
311.0
304.0
267.0
227.0
204.0
203.0
202.0
212.0
241.0
290.0
312.0
298.0
248.0
215.0
204.0
203.0
204.0
217.0
260.0
304.0
310.0
284.0
235.0
206.0
203.0
198.0
204.0
220.0
276.0
309.0
308.0
266.0
229.0
209.0
203.0
200.0
204.0
217.0
271.0
303.0
306.0
264.0
229.0
204.0
200.0
201.0
195.0
218.0
268.0
299.0
290.0
250.0
213.0
198.0
199.0
196.0
201.0
229.0
283.0
300.0
288.0
244.0
211.0
200.0
200.0
198.0
206.0
247.0
294.0
304.0
286.0
231.0
210.0
197.0
195.0
202.0
213.0
254.0
303.0
306.0
279.0
232.0
209.0
199.0
197.0
203.0
219.0
272.0
302.0
307.0
266.0
225.0
207.0
197.0
196.0
203.0
221.0
275.0
305.0
305.0
264.0
223.0
201.0
198.0
196.0
205.0
229.0
286.0
304.0
302.0
256.0
215.0
200.0
196.0
198.0
209.0
246.0
294.0
309.0
282.0
233.0
204.0
197.0
196.0
199.0
214.0
264.0
299.0
304.0
267.0
218.0
200.0
196.0
193.0
204.0
226.0
281.0
306.0
295.0
247.0
211.0
201.0
192.0
196.0
205.0
242.0
296.0
311.0
278.0
233.0
199.0
195.0
200.0
203.0
213.0
264.0
295.0
302.0
258.0
219.0
197.0
195.0
195.0
203.0
232.0
284.0
301.0
292.0
246.0
209.0
200.0
191.0
200.0
213.0
266.0
295.0
301.0
261.0
226.0
206.0
198.0
192.0
189.0
215.0
270.0
299.0
303.0
264.0
221.0
203.0
194.0
195.0
203.0
216.0
272.0
299.0
298.0
258.0
216.0
195.0
194.0
195.0
200.0
228.0
282.0
305.0
291.0
246.0
209.0
196.0
194.0
194.0
203.0
238.0
286.0
299.0
283.0
238.0
204.0
189.0
189.0
196.0
206.0
248.0
292.0
299.0
273.0
229.0
201.0
190.0
193.0
199.0
210.0
260.0
298.0
297.0
264.0
223.0
197.0
194.0
191.0
199.0
221.0
277.0
299.0
298.0
256.0
212.0
195.0
192.0
194.0
205.0
228.0
283.0
305.0
296.0
249.0
208.0
194.0
190.0
194.0
204.0
236.0
284.0
301.0
284.0
241.0
206.0
196.0
196.0
194.0
204.0
248.0
289.0
306.0
277.0
234.0
199.0
192.0
190.0
197.0
206.0
250.0
293.0
299.0
281.0
232.0
204.0
196.0
192.0
198.0
208.0
248.0
289.0
304.0
284.0
231.0
203.0
194.0
189.0
193.0
204.0
246.0
289.0
299.0
275.0
232.0
202.0
192.0
192.0
195.0
207.0
246.0
295.0
300.0
271.0
226.0
194.0
190.0
190.0
198.0
210.0
259.0
299.0
299.0
260.0
220.0
199.0
189.0
192.0
198.0
223.0
283.0
302.0
296.0
244.0
205.0
192.0
183.0
192.0
196.0
238.0
288.0
300.0
274.0
226.0
196.0
187.0
185.0
193.0
205.0
258.0
295.0
299.0
262.0
224.0
196.0
186.0
191.0
192.0
214.0
268.0
298.0
294.0
248.0
209.0
194.0
190.0
193.0
201.0
227.0
283.0
301.0
286.0
240.0
204.0
195.0
190.0
194.0
200.0
246.0
294.0
299.0
269.0
221.0
200.0
190.0
188.0
198.0
211.0
264.0
293.0
295.0
256.0
212.0
194.0
190.0
188.0
194.0
218.0
272.0
297.0
294.0
251.0
210.0
193.0
187.0
186.0
199.0
218.0
269.0
295.0
295.0
253.0
216.0
196.0
189.0
189.0
198.0
220.0
272.0
299.0
293.0
246.0
203.0
196.0
190.0
194.0
204.0
237.0
282.0
300.0
302.0
236.0
203.0
188.0
192.0
199.0
212.0
248.0
288.0
297.0
276.0
235.0
204.0
192.0
188.0
195.0
209.0
260.0
295.0
303.0
272.0
229.0
203.0
197.0
192.0
198.0
208.0
260.0
294.0
301.0
275.0
233.0
200.0
194.0
193.0
193.0
208.0
246.0
286.0
298.0
282.0
242.0
204.0
193.0
191.0
193.0
200.0
225.0
274.0
300.0
300.0
258.0
220.0
198.0
195.0
192.0
197.0
215.0
266.0
297.0
305.0
269.0
230.0
205.0
195.0
194.0
197.0
211.0
246.0
290.0
301.0
286.0
241.0
209.0
197.0
194.0
199.0
206.0
234.0
283.0
302.0
296.0
250.0
216.0
202.0
197.0
196.0
204.0
222.0
278.0
303.0
303.0
263.0
219.0
203.0
197.0
194.0
200.0
212.0
263.0
297.0
307.0
272.0
230.0
201.0
196.0
197.0
197.0
213.0
262.0
299.0
304.0
277.0
237.0
204.0
196.0
195.0
195.0
220.0
236.0
280.0
292.0
284.0
239.0
212.0
196.0
192.0
193.0
199.0
211.0
258.0
289.0
293.0
266.0
229.0
206.0
195.0
198.0
202.0
207.0
235.0
285.0
301.0
297.0
256.0
222.0
201.0
186.0
192.0
195.0
211.0
247.0
280.0
297.0
285.0
250.0
217.0
203.0
199.0
198.0
202.0
213.0
248.0
283.0
297.0
281.0
235.0
210.0
195.0
192.0
198.0
204.0
220.0
264.0
292.0
299.0
263.0
225.0
204.0
197.0
194.0
196.0
203.0
234.0
278.0
295.0
291.0
252.0
221.0
204.0
198.0
193.0
199.0
210.0
238.0
281.0
293.0
289.0
254.0
222.0
198.0
196.0
192.0
194.0
204.0
236.0
280.0
294.0
281.0
250.0
212.0
197.0
194.0
194.0
196.0
205.0
240.0
278.0
293.0
288.0
254.0
221.0
198.0
197.0
194.0
195.0
201.0
232.0
275.0
298.0
296.0
258.0
219.0
201.0
197.0
196.0
200.0
205.0
229.0
274.0
292.0
303.0
267.0
234.0
216.0
206.0
196.0
191.0
198.0
216.0
262.0
299.0
301.0
286.0
243.0
211.0
198.0
196.0
192.0
197.0
204.0
243.0
288.0
303.0
301.0
261.0
222.0
202.0
196.0
195.0
195.0
201.0
230.0
278.0
299.0
302.0
271.0
232.0
206.0
194.0
192.0
195.0
203.0
217.0
263.0
296.0
306.0
274.0
236.0
204.0
197.0
189.0
190.0
198.0
217.0
262.0
296.0
305.0
278.0
234.0
203.0
195.0
192.0
191.0
200.0
217.0
266.0
301.0
305.0
278.0
239.0
203.0
194.0
191.0
196.0
202.0
225.0
274.0
296.0
302.0
267.0
230.0
202.0
193.0
193.0
192.0
202.0
221.0
272.0
299.0
303.0
269.0
234.0
205.0
195.0
192.0
195.0
202.0
224.0
277.0
302.0
302.0
267.0
232.0
201.0
196.0
192.0
195.0
201.0
219.0
263.0
295.0
301.0
273.0
233.0
201.0
189.0
189.0
191.0
197.0
210.0
256.0
290.0
301.0
283.0
238.0
203.0
191.0
182.0
185.0
191.0
203.0
240.0
285.0
298.0
291.0
251.0
215.0
194.0
192.0
186.0
195.0
204.0
237.0
278.0
302.0
299.0
264.0
224.0
198.0
190.0
187.0
192.0
199.0
231.0
283.0
295.0
295.0
258.0
224.0
196.0
190.0
184.0
174.0
192.0
213.0
263.0
283.0
285.0
259.0
225.0
199.0
183.0
182.0
179.0
191.0
200.0
241.0
275.0
286.0
273.0
237.0
203.0
191.0
187.0
185.0
189.0
198.0
231.0
272.0
289.0
288.0
249.0
220.0
198.0
189.0
190.0
191.0
197.0
212.0
256.0
283.0
286.0
267.0
226.0
198.0
191.0
186.0
187.0
190.0
204.0
240.0
271.0
284.0
283.0
247.0
212.0
199.0
192.0
189.0
191.0
198.0
214.0
258.0
285.0
286.0
267.0
231.0
201.0
190.0
189.0
188.0
195.0
211.0
248.0
287.0
296.0
309.0
244.0
213.0
192.0
185.0
188.0
194.0
196.0
230.0
276.0
294.0
296.0
266.0
221.0
197.0
186.0
182.0
186.0
188.0
205.0
251.0
287.0
297.0
273.0
236.0
204.0
194.0
198.0
186.0
188.0
197.0
232.0
275.0
289.0
284.0
244.0
211.0
195.0
188.0
182.0
190.0
202.0
229.0
274.0
294.0
281.0
246.0
214.0
192.0
189.0
187.0
189.0
197.0
221.0
260.0
282.0
286.0
255.0
221.0
199.0
197.0
187.0
185.0
188.0
213.0
263.0
292.0
297.0
263.0
225.0
194.0
185.0
185.0
186.0
192.0
218.0
268.0
297.0
293.0
260.0
220.0
192.0
187.0
185.0
188.0
195.0
225.0
273.0
290.0
287.0
251.0
210.0
191.0
188.0
194.0
189.0
195.0
226.0
260.0
280.0
278.0
239.0
202.0
188.0
187.0
185.0
189.0
198.0
235.0
274.0
283.0
272.0
229.0
199.0
184.0
183.0
186.0
190.0
211.0
249.0
280.0
283.0
258.0
225.0
195.0
188.0
187.0
183.0
194.0
217.0
257.0
278.0
276.0
240.0
209.0
191.0
182.0
185.0
186.0
197.0
227.0
264.0
281.0
275.0
238.0
208.0
193.0
181.0
183.0
190.0
198.0
239.0
274.0
277.0
257.0
221.0
194.0
187.0
181.0
189.0
194.0
217.0
261.0
277.0
275.0
239.0
209.0
188.0
185.0
184.0
189.0
194.0
229.0
267.0
280.0
268.0
232.0
203.0
192.0
187.0
186.0
189.0
199.0
238.0
276.0
285.0
273.0
230.0
200.0
190.0
184.0
186.0
193.0
208.0
262.0
293.0
294.0
271.0
229.0
198.0
192.0
184.0
191.0
197.0
218.0
269.0
297.0
299.0
264.0
224.0
198.0
193.0
187.0
188.0
199.0
227.0
276.0
296.0
294.0
253.0
211.0
192.0
190.0
189.0
193.0
203.0
249.0
289.0
298.0
277.0
233.0
198.0
187.0
180.0
181.0
188.0
207.0
266.0
290.0
294.0
259.0
217.0
192.0
186.0
181.0
184.0
189.0
216.0
266.0
291.0
290.0
250.0
204.0
187.0
182.0
180.0
189.0
203.0
247.0
287.0
297.0
261.0
224.0
193.0
183.0
184.0
186.0
198.0
234.0
283.0
297.0
282.0
236.0
197.0
190.0
181.0
188.0
190.0
220.0
270.0
295.0
286.0
252.0
209.0
191.0
181.0
183.0
188.0
200.0
252.0
287.0
297.0
266.0
224.0
196.0
184.0
187.0
188.0
193.0
219.0
272.0
291.0
293.0
256.0
214.0
195.0
187.0
185.0
188.0
197.0
241.0
284.0
294.0
281.0
240.0
199.0
185.0
186.0
186.0
190.0
204.0
252.0
285.0
296.0
270.0
230.0
194.0
182.0
181.0
187.0
193.0
215.0
263.0
289.0
295.0
259.0
214.0
190.0
188.0
184.0
189.0
200.0
234.0
278.0
294.0
281.0
237.0
199.0
190.0
182.0
185.0
190.0
208.0
259.0
286.0
295.0
261.0
221.0
194.0
185.0
180.0
188.0
195.0
229.0
275.0
291.0
288.0
241.0
201.0
191.0
183.0
181.0
190.0
207.0
260.0
291.0
289.0
252.0
212.0
191.0
183.0
179.0
191.0
201.0
250.0
288.0
295.0
259.0
219.0
192.0
185.0
179.0
187.0
197.0
237.0
279.0
291.0
275.0
230.0
198.0
185.0
179.0
181.0
195.0
214.0
269.0
291.0
289.0
248.0
212.0
190.0
180.0
183.0
182.0
204.0
244.0
285.0
290.0
263.0
219.0
189.0
185.0
183.0
186.0
196.0
225.0
270.0
288.0
278.0
237.0
198.0
188.0
186.0
183.0
190.0
205.0
254.0
288.0
294.0
258.0
220.0
193.0
184.0
179.0
185.0
194.0
228.0
273.0
288.0
282.0
241.0
207.0
188.0
184.0
195.0
186.0
201.0
241.0
287.0
294.0
263.0
219.0
187.0
181.0
183.0
182.0
193.0
231.0
276.0
289.0
273.0
228.0
195.0
184.0
182.0
184.0
188.0
224.0
275.0
292.0
280.0
239.0
209.0
184.0
179.0
173.0
180.0
208.0
259.0
283.0
277.0
241.0
200.0
185.0
171.0
162.0
167.0
203.0
261.0
284.0
286.0
245.0
205.0
189.0
176.0
175.0
189.0
204.0
254.0
279.0
280.0
245.0
194.0
177.0
177.0
182.0
182.0
196.0
238.0
269.0
281.0
260.0
223.0
190.0
180.0
179.0
186.0
189.0
223.0
272.0
278.0
271.0
234.0
198.0
185.0
180.0
183.0
197.0
218.0
264.0
290.0
288.0
257.0
216.0
184.0
167.0
173.0
178.0
193.0
232.0
265.0
295.0
287.0
238.0
199.0
186.0
178.0
179.0
180.0
184.0
229.0
259.0
270.0
257.0
216.0
189.0
183.0
184.0
182.0
190.0
222.0
278.0
303.0
284.0
241.0
200.0
189.0
184.0
186.0
187.0
208.0
266.0
298.0
290.0
257.0
206.0
191.0
183.0
180.0
188.0
191.0
230.0
270.0
284.0
277.0
232.0
200.0
188.0
181.0
183.0
189.0
209.0
262.0
283.0
288.0
249.0
210.0
192.0
181.0
191.0
196.0
200.0
238.0
276.0
295.0
267.0
224.0
196.0
186.0
185.0
187.0
198.0
228.0
278.0
292.0
278.0
238.0
199.0
187.0
185.0
185.0
192.0
212.0
264.0
291.0
296.0
260.0
213.0
194.0
187.0
185.0
187.0
196.0
235.0
285.0
294.0
279.0
234.0
199.0
184.0
186.0
185.0
191.0
221.0
275.0
292.0
285.0
246.0
204.0
190.0
184.0
185.0
194.0
208.0
254.0
289.0
289.0
256.0
212.0
190.0
184.0
178.0
186.0
195.0
235.0
281.0
293.0
273.0
228.0
196.0
183.0
183.0
181.0
194.0
226.0
279.0
297.0
283.0
236.0
187.0
180.0
179.0
181.0
192.0
209.0
263.0
285.0
282.0
248.0
206.0
191.0
186.0
184.0
190.0
206.0
254.0
282.0
289.0
259.0
219.0
188.0
186.0
182.0
187.0
195.0
231.0
271.0
284.0
277.0
242.0
203.0
189.0
178.0
179.0
191.0
207.0
259.0
286.0
290.0
261.0
219.0
194.0
185.0
183.0
186.0
198.0
227.0
277.0
294.0
280.0
236.0
200.0
185.0
180.0
180.0
190.0
208.0
256.0
289.0
293.0
259.0
214.0
188.0
180.0
184.0
190.0
196.0
247.0
286.0
294.0
262.0
220.0
193.0
182.0
180.0
184.0
204.0
245.0
288.0
294.0
261.0
215.0
193.0
181.0
178.0
188.0
200.0
242.0
279.0
293.0
265.0
224.0
194.0
186.0
185.0
183.0
192.0
227.0
276.0
290.0
280.0
236.0
197.0
186.0
182.0
185.0
188.0
222.0
272.0
288.0
286.0
238.0
196.0
184.0
178.0
182.0
191.0
218.0
272.0
289.0
279.0
240.0
200.0
183.0
182.0
184.0
187.0
208.0
264.0
287.0
288.0
246.0
207.0
188.0
180.0
177.0
181.0
204.0
250.0
283.0
289.0
253.0
212.0
189.0
178.0
181.0
186.0
200.0
234.0
279.0
290.0
265.0
225.0
193.0
182.0
182.0
180.0
193.0
224.0
271.0
290.0
282.0
232.0
199.0
187.0
179.0
186.0
192.0
214.0
263.0
284.0
286.0
245.0
206.0
188.0
183.0
182.0
184.0
205.0
256.0
286.0
290.0
251.0
210.0
185.0
180.0
181.0
184.0
201.0
249.0
283.0
290.0
261.0
218.0
189.0
181.0
182.0
184.0
195.0
239.0
282.0
290.0
264.0
222.0
192.0
180.0
184.0
184.0
194.0
231.0
279.0
287.0
265.0
221.0
192.0
184.0
183.0
181.0
189.0
223.0
275.0
286.0
273.0
233.0
196.0
182.0
176.0
180.0
193.0
219.0
272.0
287.0
277.0
234.0
193.0
188.0
183.0
182.0
191.0
223.0
268.0
291.0
280.0
239.0
203.0
183.0
181.0
184.0
187.0
218.0
270.0
291.0
280.0
236.0
193.0
187.0
179.0
183.0
197.0
232.0
276.0
293.0
264.0
218.0
192.0
185.0
180.0
184.0
201.0
251.0
285.0
291.0
254.0
216.0
187.0
184.0
183.0
190.0
207.0
261.0
288.0
288.0
241.0
204.0
184.0
179.0
184.0
193.0
229.0
278.0
295.0
271.0
223.0
189.0
178.0
182.0
183.0
200.0
248.0
287.0
291.0
252.0
201.0
186.0
181.0
178.0
189.0
209.0
269.0
289.0
276.0
228.0
195.0
187.0
183.0
183.0
196.0
231.0
279.0
290.0
265.0
220.0
194.0
180.0
182.0
184.0
193.0
237.0
280.0
290.0
262.0
221.0
193.0
181.0
184.0
185.0
197.0
246.0
283.0
290.0
254.0
212.0
189.0
178.0
180.0
188.0
204.0
256.0
288.0
286.0
243.0
202.0
184.0
180.0
178.0
194.0
215.0
272.0
286.0
274.0
230.0
194.0
185.0
181.0
180.0
191.0
234.0
273.0
289.0
267.0
219.0
186.0
183.0
180.0
187.0
195.0
245.0
282.0
288.0
254.0
214.0
184.0
178.0
180.0
187.0
202.0
251.0
286.0
284.0
248.0
203.0
185.0
182.0
181.0
185.0
205.0
260.0
284.0
281.0
237.0
198.0
182.0
179.0
181.0
189.0
215.0
263.0
285.0
277.0
233.0
194.0
186.0
178.0
177.0
185.0
214.0
264.0
290.0
281.0
236.0
197.0
180.0
178.0
179.0
189.0
208.0
262.0
286.0
286.0
246.0
203.0
183.0
176.0
182.0
183.0
207.0
262.0
286.0
279.0
237.0
200.0
185.0
179.0
181.0
190.0
210.0
259.0
286.0
282.0
240.0
197.0
186.0
181.0
176.0
181.0
202.0
251.0
283.0
284.0
242.0
207.0
185.0
180.0
175.0
187.0
198.0
246.0
285.0
284.0
248.0
205.0
185.0
180.0
181.0
182.0
196.0
248.0
281.0
281.0
246.0
211.0
186.0
176.0
179.0
181.0
198.0
244.0
283.0
283.0
252.0
206.0
189.0
182.0
180.0
187.0
200.0
244.0
283.0
288.0
248.0
215.0
188.0
179.0
177.0
188.0
202.0
255.0
284.0
285.0
248.0
211.0
183.0
176.0
179.0
185.0
203.0
254.0
283.0
286.0
250.0
204.0
187.0
179.0
177.0
186.0
204.0
256.0
278.0
286.0
259.0
214.0
188.0
180.0
176.0
183.0
199.0
247.0
280.0
290.0
250.0
212.0
190.0
180.0
178.0
189.0
200.0
245.0
280.0
286.0
254.0
213.0
190.0
184.0
181.0
183.0
194.0
242.0
280.0
283.0
253.0
213.0
180.0
168.0
170.0
179.0
192.0
227.0
269.0
278.0
260.0
219.0
187.0
177.0
174.0
175.0
189.0
222.0
267.0
267.0
254.0
209.0
187.0
181.0
177.0
183.0
195.0
220.0
272.0
284.0
273.0
229.0
190.0
183.0
176.0
176.0
192.0
220.0
270.0
286.0
274.0
232.0
194.0
181.0
194.0
182.0
185.0
215.0
265.0
283.0
277.0
229.0
193.0
182.0
176.0
178.0
189.0
215.0
266.0
289.0
279.0
237.0
197.0
178.0
179.0
177.0
186.0
211.0
265.0
288.0
281.0
243.0
203.0
181.0
175.0
176.0
181.0
194.0
250.0
282.0
285.0
252.0
208.0
183.0
173.0
170.0
176.0
189.0
233.0
275.0
285.0
264.0
218.0
196.0
181.0
174.0
179.0
176.0
206.0
257.0
279.0
256.0
221.0
185.0
176.0
177.0
174.0
181.0
212.0
261.0
284.0
270.0
239.0
196.0
182.0
176.0
180.0
184.0
195.0
249.0
275.0
281.0
247.0
214.0
183.0
185.0
176.0
185.0
189.0
222.0
264.0
282.0
264.0
225.0
187.0
173.0
172.0
175.0
184.0
215.0
265.0
278.0
270.0
228.0
189.0
182.0
175.0
177.0
187.0
207.0
272.0
288.0
275.0
233.0
197.0
188.0
185.0
187.0
193.0
210.0
258.0
290.0
293.0
264.0
219.0
192.0
178.0
178.0
187.0
200.0
249.0
285.0
293.0
258.0
213.0
192.0
184.0
182.0
207.0
209.0
247.0
276.0
289.0
267.0
227.0
193.0
186.0
183.0
190.0
196.0
231.0
277.0
291.0
276.0
234.0
198.0
188.0
185.0
187.0
194.0
212.0
264.0
288.0
285.0
248.0
227.0
193.0
183.0
175.0
184.0
203.0
247.0
285.0
292.0
267.0
222.0
195.0
183.0
182.0
187.0
196.0
231.0
279.0
293.0
282.0
238.0
202.0
186.0
184.0
185.0
194.0
210.0
265.0
292.0
293.0
256.0
210.0
192.0
183.0
182.0
191.0
202.0
256.0
288.0
294.0
261.0
218.0
190.0
183.0
181.0
191.0
202.0
250.0
291.0
294.0
263.0
219.0
193.0
186.0
183.0
190.0
200.0
246.0
290.0
294.0
267.0
221.0
192.0
185.0
185.0
187.0
202.0
246.0
287.0
294.0
267.0
222.0
194.0
188.0
186.0
188.0
199.0
241.0
289.0
297.0
266.0
220.0
195.0
187.0
185.0
187.0
200.0
249.0
286.0
294.0
266.0
217.0
190.0
186.0
185.0
190.0
205.0
254.0
292.0
297.0
260.0
220.0
195.0
184.0
184.0
189.0
205.0
254.0
292.0
294.0
257.0
216.0
193.0
184.0
181.0
187.0
207.0
259.0
294.0
293.0
254.0
212.0
190.0
182.0
182.0
189.0
206.0
267.0
295.0
295.0
255.0
211.0
190.0
182.0
184.0
191.0
208.0
260.0
291.0
294.0
267.0
216.0
189.0
180.0
181.0
190.0
206.0
268.0
293.0
292.0
251.0
202.0
192.0
181.0
185.0
189.0
209.0
263.0
292.0
290.0
253.0
211.0
192.0
185.0
183.0
190.0
208.0
263.0
290.0
293.0
250.0
209.0
189.0
181.0
183.0
191.0
212.0
264.0
289.0
286.0
248.0
206.0
186.0
183.0
184.0
192.0
215.0
266.0
293.0
292.0
244.0
204.0
193.0
196.0
190.0
197.0
224.0
267.0
288.0
274.0
230.0
198.0
184.0
184.0
183.0
197.0
229.0
274.0
283.0
250.0
219.0
192.0
185.0
178.0
183.0
194.0
234.0
278.0
279.0
257.0
217.0
192.0
186.0
184.0
193.0
206.0
257.0
284.0
289.0
256.0
211.0
193.0
183.0
188.0
190.0
208.0
256.0
285.0
286.0
247.0
211.0
186.0
187.0
184.0
190.0
205.0
246.0
285.0
286.0
256.0
214.0
193.0
186.0
185.0
194.0
209.0
258.0
288.0
291.0
246.0
214.0
191.0
184.0
183.0
189.0
202.0
252.0
290.0
294.0
266.0
218.0
190.0
184.0
183.0
189.0
198.0
243.0
286.0
297.0
268.0
224.0
193.0
184.0
184.0
189.0
202.0
252.0
296.0
292.0
262.0
222.0
195.0
181.0
184.0
187.0
201.0
240.0
280.0
284.0
259.0
217.0
194.0
185.0
187.0
191.0
187.0
228.0
260.0
285.0
270.0
224.0
195.0
182.0
174.0
183.0
196.0
231.0
277.0
294.0
277.0
236.0
194.0
185.0
182.0
185.0
194.0
220.0
272.0
291.0
283.0
241.0
200.0
190.0
181.0
185.0
191.0
212.0
262.0
290.0
290.0
253.0
210.0
192.0
186.0
185.0
186.0
203.0
253.0
290.0
289.0
258.0
217.0
191.0
185.0
179.0
185.0
197.0
242.0
284.0
295.0
270.0
221.0
190.0
181.0
184.0
183.0
192.0
226.0
275.0
294.0
276.0
234.0
197.0
184.0
183.0
182.0
195.0
218.0
272.0
288.0
284.0
242.0
200.0
185.0
184.0
184.0
187.0
208.0
262.0
291.0
286.0
251.0
209.0
190.0
184.0
184.0
186.0
195.0
238.0
278.0
290.0
271.0
236.0
199.0
185.0
180.0
184.0
189.0
205.0
253.0
286.0
293.0
263.0
219.0
194.0
185.0
183.0
183.0
192.0
229.0
275.0
295.0
281.0
238.0
199.0
185.0
184.0
186.0
190.0
210.0
264.0
291.0
289.0
250.0
214.0
189.0
180.0
179.0
185.0
197.0
245.0
284.0
293.0
271.0
224.0
193.0
184.0
181.0
182.0
193.0
221.0
267.0
292.0
285.0
245.0
206.0
188.0
182.0
182.0
189.0
204.0
253.0
286.0
292.0
261.0
216.0
189.0
182.0
179.0
182.0
199.0
231.0
279.0
291.0
280.0
239.0
199.0
185.0
180.0
181.0
189.0
204.0
251.0
288.0
292.0
263.0
224.0
192.0
184.0
180.0
184.0
195.0
226.0
273.0
290.0
286.0
243.0
208.0
189.0
185.0
179.0
185.0
200.0
241.0
281.0
292.0
272.0
230.0
195.0
185.0
179.0
180.0
184.0
206.0
258.0
285.0
288.0
254.0
212.0
185.0
177.0
176.0
180.0
190.0
225.0
274.0
291.0
280.0
239.0
200.0
182.0
177.0
175.0
180.0
197.0
241.0
280.0
291.0
269.0
224.0
189.0
178.0
178.0
179.0
191.0
218.0
269.0
290.0
285.0
243.0
199.0
184.0
179.0
177.0
186.0
199.0
248.0
287.0
291.0
260.0
217.0
186.0
184.0
179.0
182.0
193.0
231.0
277.0
288.0
271.0
225.0
192.0
180.0
176.0
181.0
190.0
219.0
264.0
281.0
269.0
224.0
184.0
174.0
169.0
171.0
181.0
217.0
267.0
282.0
264.0
212.0
182.0
174.0
171.0
175.0
184.0
223.0
266.0
280.0
259.0
213.0
181.0
170.0
170.0
175.0
179.0
210.0
259.0
276.0
276.0
232.0
192.0
177.0
168.0
168.0
175.0
194.0
250.0
275.0
272.0
240.0
195.0
171.0
167.0
166.0
175.0
190.0
240.0
272.0
281.0
244.0
203.0
179.0
168.0
170.0
172.0
183.0
230.0
271.0
279.0
250.0
207.0
180.0
170.0
169.0
172.0
184.0
218.0
266.0
281.0
261.0
214.0
179.0
174.0
170.0
168.0
183.0
224.0
262.0
274.0
264.0
221.0
180.0
161.0
164.0
169.0
172.0
197.0
244.0
268.0
261.0
225.0
185.0
178.0
170.0
173.0
172.0
187.0
246.0
277.0
271.0
233.0
192.0
176.0
165.0
168.0
175.0
192.0
250.0
279.0
272.0
227.0
185.0
173.0
170.0
167.0
179.0
201.0
251.0
274.0
272.0
230.0
188.0
172.0
167.0
165.0
178.0
197.0
249.0
277.0
272.0
234.0
192.0
173.0
169.0
166.0
175.0
191.0
246.0
279.0
276.0
238.0
194.0
170.0
173.0
171.0
174.0
195.0
248.0
278.0
278.0
235.0
191.0
171.0
165.0
169.0
174.0
193.0
248.0
275.0
272.0
231.0
195.0
171.0
166.0
170.0
176.0
196.0
248.0
276.0
277.0
231.0
195.0
171.0
165.0
164.0
171.0
194.0
247.0
280.0
274.0
231.0
196.0
175.0
166.0
168.0
175.0
192.0
242.0
279.0
280.0
242.0
204.0
177.0
168.0
169.0
174.0
188.0
239.0
278.0
278.0
241.0
197.0
173.0
172.0
169.0
176.0
196.0
252.0
275.0
277.0
231.0
193.0
172.0
170.0
173.0
180.0
205.0
261.0
278.0
269.0
221.0
182.0
174.0
168.0
174.0
184.0
219.0
265.0
283.0
264.0
217.0
186.0
177.0
172.0
175.0
182.0
224.0
270.0
284.0
259.0
210.0
180.0
174.0
173.0
177.0
189.0
238.0
274.0
282.0
254.0
206.0
177.0
173.0
167.0
173.0
190.0
239.0
276.0
283.0
246.0
202.0
182.0
174.0
171.0
175.0
190.0
245.0
281.0
282.0
242.0
198.0
177.0
170.0
176.0
181.0
202.0
256.0
281.0
277.0
236.0
195.0
178.0
176.0
175.0
182.0
212.0
264.0
281.0
276.0
232.0
188.0
178.0
175.0
177.0
182.0
219.0
269.0
284.0
276.0
227.0
187.0
178.0
177.0
177.0
189.0
216.0
271.0
287.0
277.0
232.0
192.0
181.0
179.0
179.0
185.0
218.0
271.0
291.0
280.0
233.0
191.0
182.0
181.0
188.0
188.0
224.0
274.0
287.0
278.0
230.0
190.0
179.0
175.0
180.0
194.0
225.0
274.0
288.0
272.0
226.0
193.0
185.0
180.0
182.0
189.0
228.0
276.0
288.0
275.0
225.0
189.0
181.0
178.0
180.0
190.0
225.0
272.0
291.0
277.0
228.0
194.0
187.0
178.0
182.0
189.0
226.0
277.0
291.0
267.0
222.0
189.0
179.0
182.0
185.0
194.0
239.0
281.0
290.0
264.0
216.0
189.0
183.0
178.0
184.0
195.0
245.0
283.0
290.0
260.0
214.0
191.0
179.0
177.0
188.0
205.0
257.0
288.0
288.0
252.0
205.0
189.0
177.0
183.0
183.0
207.0
265.0
290.0
288.0
243.0
199.0
181.0
179.0
178.0
186.0
218.0
271.0
291.0
268.0
223.0
188.0
186.0
179.0
185.0
195.0
242.0
283.0
289.0
259.0
216.0
187.0
178.0
178.0
180.0
199.0
246.0
282.0
290.0
260.0
217.0
189.0
182.0
181.0
184.0
196.0
238.0
284.0
291.0
259.0
218.0
190.0
185.0
180.0
182.0
194.0
241.0
281.0
296.0
256.0
214.0
185.0
179.0
176.0
180.0
193.0
244.0
286.0
289.0
255.0
208.0
188.0
180.0
182.0
182.0
199.0
243.0
283.0
289.0
260.0
218.0
186.0
176.0
180.0
185.0
197.0
233.0
276.0
290.0
262.0
222.0
189.0
180.0
182.0
189.0
193.0
233.0
269.0
281.0
266.0
221.0
189.0
182.0
178.0
181.0
187.0
221.0
271.0
282.0
281.0
234.0
197.0
180.0
181.0
181.0
189.0
210.0
273.0
286.0
280.0
232.0
201.0
183.0
178.0
176.0
188.0
205.0
257.0
288.0
289.0
251.0
209.0
188.0
182.0
180.0
186.0
197.0
245.0
279.0
289.0
261.0
220.0
187.0
182.0
177.0
178.0
196.0
233.0
274.0
287.0
272.0
227.0
191.0
183.0
178.0
180.0
189.0
213.0
265.0
288.0
282.0
243.0
203.0
184.0
179.0
174.0
185.0
200.0
253.0
284.0
288.0
256.0
213.0
190.0
187.0
178.0
187.0
195.0
230.0
273.0
290.0
273.0
228.0
191.0
179.0
181.0
183.0
192.0
210.0
257.0
288.0
285.0
253.0
215.0
186.0
181.0
176.0
182.0
192.0
223.0
268.0
287.0
283.0
241.0
207.0
186.0
181.0
178.0
183.0
193.0
229.0
273.0
291.0
275.0
236.0
202.0
185.0
179.0
177.0
181.0
189.0
229.0
274.0
289.0
282.0
240.0
205.0
185.0
182.0
182.0
184.0
191.0
226.0
266.0
289.0
282.0
245.0
208.0
188.0
181.0
176.0
180.0
190.0
220.0
265.0
285.0
282.0
250.0
210.0
190.0
181.0
179.0
181.0
188.0
222.0
266.0
288.0
284.0
248.0
212.0
188.0
180.0
178.0
179.0
185.0
208.0
258.0
282.0
286.0
253.0
219.0
190.0
178.0
180.0
176.0
182.0
201.0
248.0
283.0
291.0
267.0
226.0
193.0
183.0
177.0
176.0
181.0
195.0
235.0
276.0
286.0
273.0
241.0
205.0
185.0
180.0
175.0
179.0
190.0
210.0
259.0
282.0
289.0
260.0
227.0
193.0
182.0
180.0
178.0
182.0
196.0
224.0
271.0
283.0
284.0
249.0
210.0
185.0
177.0
175.0
176.0
188.0
204.0
255.0
281.0
290.0
266.0
223.0
188.0
181.0
173.0
176.0
181.0
191.0
231.0
270.0
288.0
281.0
241.0
205.0
183.0
178.0
175.0
178.0
188.0
216.0
260.0
285.0
283.0
249.0
211.0
183.0
179.0
178.0
181.0
185.0
214.0
263.0
284.0
280.0
247.0
208.0
186.0
176.0
177.0
176.0
188.0
213.0
262.0
283.0
280.0
246.0
211.0
183.0
181.0
171.0
176.0
183.0
208.0
256.0
282.0
286.0
258.0
218.0
188.0
177.0
175.0
176.0
189.0
208.0
254.0
280.0
281.0
249.0
208.0
183.0
177.0
176.0
175.0
185.0
215.0
265.0
286.0
277.0
241.0
202.0
182.0
178.0
171.0
178.0
188.0
226.0
268.0
282.0
276.0
231.0
192.0
179.0
174.0
176.0
178.0
193.0
238.0
278.0
288.0
263.0
218.0
190.0
173.0
177.0
173.0
180.0
208.0
257.0
285.0
279.0
243.0
204.0
182.0
177.0
176.0
178.0
189.0
240.0
276.0
287.0
254.0
213.0
185.0
174.0
173.0
176.0
185.0
224.0
267.0
284.0
272.0
226.0
187.0
177.0
173.0
173.0
180.0
204.0
256.0
281.0
277.0
239.0
204.0
180.0
175.0
173.0
175.0
190.0
231.0
276.0
282.0
263.0
214.0
184.0
172.0
172.0
185.0
189.0
215.0
259.0
282.0
271.0
220.0
190.0
174.0
174.0
175.0
176.0
195.0
248.0
281.0
279.0
238.0
199.0
194.0
178.0
176.0
168.0
192.0
238.0
273.0
278.0
241.0
202.0
179.0
175.0
172.0
177.0
192.0
240.0
277.0
284.0
249.0
205.0
182.0
172.0
171.0
176.0
186.0
235.0
272.0
284.0
249.0
210.0
180.0
171.0
173.0
172.0
188.0
234.0
271.0
282.0
256.0
213.0
184.0
174.0
174.0
172.0
186.0
220.0
268.0
281.0
264.0
224.0
184.0
175.0
175.0
175.0
182.0
217.0
272.0
285.0
264.0
220.0
181.0
172.0
169.0
175.0
183.0
219.0
265.0
276.0
270.0
224.0
186.0
174.0
164.0
180.0
196.0
219.0
260.0
269.0
263.0
221.0
182.0
172.0
168.0
175.0
183.0
214.0
265.0
282.0
270.0
216.0
181.0
172.0
175.0
173.0
182.0
218.0
267.0
278.0
261.0
215.0
181.0
178.0
168.0
170.0
182.0
227.0
267.0
281.0
254.0
212.0
184.0
170.0
167.0
172.0
190.0
233.0
270.0
281.0
250.0
203.0
176.0
168.0
168.0
180.0
187.0
237.0
275.0
282.0
252.0
205.0
176.0
172.0
166.0
177.0
187.0
236.0
273.0
280.0
241.0
201.0
175.0
167.0
171.0
176.0
188.0
237.0
272.0
279.0
244.0
202.0
177.0
167.0
171.0
172.0
189.0
238.0
275.0
278.0
239.0
196.0
178.0
170.0
172.0
176.0
195.0
245.0
276.0
277.0
235.0
190.0
174.0
169.0
170.0
178.0
197.0
248.0
279.0
273.0
232.0
191.0
173.0
170.0
179.0
178.0
197.0
245.0
266.0
269.0
228.0
190.0
176.0
170.0
159.0
162.0
188.0
240.0
271.0
272.0
231.0
192.0
176.0
166.0
166.0
177.0
189.0
238.0
272.0
270.0
236.0
194.0
176.0
168.0
170.0
174.0
189.0
226.0
245.0
251.0
239.0
195.0
172.0
167.0
167.0
169.0
180.0
224.0
260.0
266.0
242.0
206.0
176.0
166.0
172.0
168.0
183.0
214.0
257.0
268.0
259.0
217.0
167.0
171.0
168.0
159.0
177.0
199.0
248.0
265.0
261.0
230.0
192.0
172.0
171.0
170.0
173.0
198.0
237.0
269.0
273.0
243.0
200.0
176.0
171.0
169.0
172.0
190.0
235.0
274.0
279.0
244.0
206.0
179.0
170.0
166.0
175.0
185.0
230.0
270.0
281.0
249.0
202.0
177.0
172.0
167.0
176.0
184.0
237.0
273.0
277.0
246.0
204.0
173.0
171.0
170.0
172.0
193.0
233.0
272.0
281.0
246.0
203.0
175.0
165.0
169.0
174.0
191.0
233.0
270.0
281.0
247.0
210.0
184.0
169.0
168.0
165.0
177.0
214.0
257.0
271.0
253.0
199.0
174.0
162.0
167.0
172.0
187.0
226.0
267.0
273.0
239.0
197.0
168.0
168.0
170.0
176.0
190.0
244.0
272.0
267.0
226.0
186.0
169.0
167.0
161.0
175.0
199.0
244.0
263.0
258.0
222.0
181.0
170.0
170.0
173.0
180.0
206.0
253.0
269.0
260.0
204.0
179.0
168.0
165.0
169.0
177.0
202.0
254.0
262.0
254.0
213.0
182.0
170.0
164.0
166.0
175.0
207.0
256.0
266.0
253.0
213.0
176.0
166.0
169.0
170.0
181.0
218.0
256.0
268.0
236.0
188.0
164.0
160.0
161.0
170.0
177.0
219.0
262.0
273.0
261.0
205.0
179.0
169.0
167.0
169.0
177.0
202.0
247.0
266.0
251.0
211.0
177.0
171.0
168.0
189.0
182.0
215.0
257.0
276.0
260.0
212.0
177.0
169.0
163.0
169.0
180.0
212.0
259.0
280.0
264.0
218.0
181.0
170.0
165.0
168.0
175.0
201.0
252.0
275.0
279.0
237.0
195.0
173.0
169.0
169.0
175.0
190.0
244.0
279.0
281.0
246.0
205.0
178.0
173.0
166.0
172.0
184.0
225.0
268.0
281.0
263.0
218.0
180.0
171.0
167.0
170.0
180.0
213.0
260.0
281.0
270.0
227.0
188.0
178.0
168.0
173.0
181.0
198.0
256.0
282.0
280.0
234.0
196.0
179.0
173.0
175.0
187.0
211.0
258.0
279.0
273.0
221.0
190.0
161.0
154.0
170.0
179.0
199.0
237.0
270.0
268.0
225.0
186.0
168.0
165.0
177.0
185.0
205.0
250.0
270.0
265.0
224.0
186.0
174.0
167.0
169.0
174.0
203.0
259.0
273.0
271.0
230.0
193.0
173.0
171.0
170.0
173.0
193.0
242.0
263.0
265.0
228.0
196.0
178.0
172.0
173.0
180.0
189.0
250.0
281.0
282.0
247.0
204.0
177.0
172.0
173.0
178.0
188.0
230.0
271.0
286.0
265.0
224.0
190.0
176.0
172.0
176.0
180.0
210.0
256.0
282.0
282.0
244.0
203.0
178.0
175.0
172.0
182.0
195.0
243.0
277.0
287.0
258.0
219.0
184.0
178.0
175.0
179.0
188.0
227.0
272.0
284.0
271.0
225.0
188.0
180.0
174.0
176.0
183.0
211.0
257.0
284.0
280.0
241.0
200.0
179.0
172.0
172.0
173.0
189.0
232.0
270.0
288.0
269.0
224.0
185.0
174.0
173.0
172.0
181.0
202.0
256.0
279.0
283.0
247.0
201.0
182.0
170.0
169.0
178.0
186.0
226.0
270.0
283.0
263.0
224.0
190.0
171.0
168.0
167.0
179.0
203.0
252.0
281.0
279.0
236.0
193.0
176.0
169.0
172.0
180.0
194.0
249.0
276.0
278.0
244.0
198.0
176.0
167.0
168.0
174.0
181.0
230.0
270.0
282.0
258.0
211.0
179.0
171.0
171.0
176.0
183.0
221.0
270.0
281.0
266.0
219.0
187.0
172.0
171.0
168.0
179.0
209.0
258.0
285.0
277.0
238.0
196.0
177.0
170.0
171.0
177.0
192.0
241.0
280.0
292.0
245.0
198.0
175.0
172.0
167.0
177.0
184.0
230.0
266.0
277.0
254.0
209.0
185.0
174.0
172.0
169.0
182.0
212.0
259.0
277.0
266.0
225.0
189.0
177.0
167.0
173.0
177.0
198.0
248.0
276.0
270.0
234.0
197.0
177.0
172.0
172.0
174.0
188.0
231.0
268.0
280.0
256.0
212.0
181.0
173.0
171.0
173.0
184.0
211.0
258.0
275.0
268.0
231.0
191.0
188.0
176.0
169.0
170.0
189.0
243.0
272.0
282.0
251.0
209.0
178.0
170.0
167.0
174.0
182.0
219.0
265.0
281.0
266.0
231.0
194.0
173.0
172.0
170.0
172.0
188.0
233.0
273.0
281.0
257.0
214.0
183.0
171.0
170.0
174.0
185.0
216.0
275.0
278.0
270.0
224.0
194.0
176.0
171.0
167.0
175.0
198.0
235.0
275.0
284.0
252.0
220.0
180.0
170.0
163.0
174.0
181.0
219.0
271.0
278.0
265.0
222.0
184.0
171.0
169.0
169.0
176.0
199.0
244.0
274.0
282.0
243.0
204.0
177.0
173.0
170.0
172.0
183.0
218.0
265.0
281.0
270.0
231.0
189.0
174.0
172.0
168.0
179.0
200.0
249.0
278.0
275.0
240.0
204.0
176.0
172.0
166.0
167.0
188.0
240.0
281.0
281.0
258.0
212.0
180.0
173.0
168.0
170.0
180.0
207.0
259.0
279.0
272.0
229.0
195.0
177.0
170.0
185.0
178.0
192.0
237.0
274.0
283.0
250.0
201.0
181.0
168.0
169.0
172.0
185.0
217.0
266.0
280.0
268.0
225.0
189.0
176.0
172.0
172.0
177.0
187.0
231.0
272.0
278.0
258.0
219.0
183.0
177.0
170.0
168.0
178.0
207.0
252.0
279.0
277.0
235.0
206.0
178.0
169.0
168.0
183.0
194.0
239.0
269.0
276.0
246.0
201.0
179.0
169.0
171.0
173.0
187.0
224.0
270.0
281.0
266.0
214.0
181.0
173.0
171.0
169.0
181.0
210.0
259.0
279.0
278.0
230.0
195.0
179.0
168.0
170.0
173.0
189.0
232.0
270.0
285.0
260.0
213.0
184.0
169.0
168.0
171.0
177.0
208.0
268.0
279.0
274.0
235.0
201.0
174.0
170.0
176.0
176.0
178.0
220.0
264.0
274.0
267.0
226.0
189.0
176.0
175.0
176.0
176.0
190.0
237.0
276.0
276.0
250.0
207.0
182.0
171.0
170.0
171.0
183.0
220.0
279.0
284.0
269.0
225.0
182.0
160.0
169.0
169.0
176.0
202.0
250.0
282.0
280.0
242.0
196.0
180.0
171.0
171.0
176.0
197.0
245.0
282.0
316.0
264.0
218.0
198.0
192.0
192.0
204.0
204.0
229.0
273.0
285.0
270.0
227.0
197.0
189.0
185.0
184.0
191.0
216.0
274.0
293.0
288.0
244.0
209.0
184.0
178.0
180.0
183.0
196.0
234.0
277.0
290.0
274.0
231.0
196.0
181.0
179.0
182.0
188.0
206.0
256.0
289.0
291.0
257.0
216.0
191.0
182.0
171.0
173.0
184.0
215.0
266.0
281.0
281.0
238.0
194.0
181.0
176.0
178.0
178.0
194.0
237.0
276.0
288.0
267.0
224.0
190.0
178.0
173.0
173.0
180.0
203.0
260.0
287.0
284.0
245.0
203.0
182.0
180.0
179.0
179.0
193.0
240.0
277.0
286.0
265.0
217.0
188.0
178.0
176.0
175.0
186.0
218.0
266.0
288.0
277.0
234.0
195.0
181.0
177.0
178.0
183.0
197.0
248.0
281.0
286.0
258.0
218.0
187.0
179.0
176.0
176.0
187.0
217.0
265.0
284.0
282.0
240.0
200.0
181.0
177.0
175.0
183.0
192.0
232.0
278.0
288.0
270.0
227.0
189.0
180.0
173.0
176.0
186.0
203.0
253.0
282.0
287.0
256.0
211.0
183.0
176.0
177.0
176.0
187.0
218.0
265.0
286.0
279.0
237.0
203.0
184.0
177.0
176.0
182.0
193.0
241.0
280.0
286.0
268.0
217.0
187.0
179.0
175.0
175.0
182.0
207.0
261.0
283.0
283.0
245.0
207.0
180.0
179.0
176.0
179.0
190.0
229.0
277.0
286.0
275.0
230.0
194.0
180.0
178.0
177.0
182.0
198.0
247.0
281.0
286.0
251.0
210.0
184.0
179.0
175.0
181.0
190.0
228.0
274.0
288.0
286.0
230.0
196.0
176.0
174.0
177.0
182.0
202.0
246.0
278.0
286.0
251.0
213.0
183.0
171.0
182.0
179.0
193.0
225.0
265.0
280.0
268.0
225.0
191.0
181.0
173.0
179.0
184.0
209.0
262.0
280.0
276.0
230.0
195.0
182.0
176.0
179.0
180.0
196.0
239.0
272.0
276.0
255.0
214.0
187.0
175.0
176.0
176.0
187.0
216.0
261.0
278.0
276.0
235.0
197.0
184.0
178.0
174.0
182.0
196.0
251.0
285.0
281.0
249.0
209.0
186.0
181.0
180.0
180.0
206.0
231.0
275.0
274.0
267.0
226.0
191.0
180.0
179.0
182.0
186.0
214.0
264.0
282.0
275.0
232.0
194.0
185.0
176.0
179.0
186.0
210.0
258.0
280.0
272.0
229.0
193.0
182.0
176.0
176.0
190.0
210.0
257.0
281.0
269.0
228.0
200.0
178.0
178.0
177.0
186.0
203.0
251.0
281.0
282.0
242.0
206.0
185.0
181.0
178.0
179.0
184.0
227.0
269.0
275.0
252.0
214.0
185.0
177.0
180.0
180.0
189.0
225.0
266.0
275.0
256.0
218.0
183.0
177.0
176.0
179.0
187.0
206.0
250.0
272.0
268.0
228.0
196.0
183.0
178.0
176.0
182.0
197.0
245.0
270.0
270.0
232.0
196.0
183.0
194.0
181.0
182.0
203.0
262.0
288.0
282.0
241.0
196.0
183.0
175.0
180.0
185.0
211.0
262.0
286.0
283.0
236.0
195.0
183.0
176.0
182.0
188.0
219.0
269.0
287.0
274.0
224.0
187.0
180.0
180.0
182.0
194.0
232.0
279.0
284.0
260.0
215.0
188.0
180.0
177.0
182.0
198.0
249.0
285.0
286.0
246.0
208.0
186.0
179.0
180.0
186.0
205.0
260.0
286.0
278.0
233.0
194.0
182.0
177.0
178.0
186.0
217.0
269.0
286.0
270.0
227.0
189.0
183.0
179.0
179.0
190.0
232.0
274.0
290.0
266.0
219.0
188.0
178.0
179.0
187.0
206.0
239.0
278.0
280.0
252.0
207.0
183.0
179.0
176.0
185.0
200.0
258.0
285.0
288.0
241.0
198.0
178.0
175.0
177.0
187.0
210.0
258.0
282.0
275.0
237.0
195.0
182.0
178.0
178.0
186.0
214.0
267.0
286.0
275.0
231.0
182.0
172.0
174.0
175.0
185.0
223.0
265.0
282.0
251.0
218.0
189.0
180.0
181.0
184.0
196.0
245.0
277.0
282.0
246.0
204.0
185.0
182.0
179.0
184.0
203.0
258.0
279.0
275.0
233.0
194.0
184.0
178.0
179.0
188.0
225.0
268.0
289.0
264.0
222.0
194.0
184.0
182.0
187.0
205.0
231.0
272.0
283.0
257.0
214.0
192.0
176.0
177.0
186.0
200.0
251.0
282.0
289.0
248.0
211.0
191.0
176.0
172.0
185.0
208.0
256.0
284.0
278.0
244.0
202.0
187.0
184.0
183.0
189.0
211.0
257.0
283.0
280.0
241.0
202.0
182.0
181.0
177.0
190.0
210.0
258.0
288.0
281.0
239.0
208.0
189.0
185.0
185.0
190.0
210.0
258.0
279.0
280.0
243.0
206.0
189.0
184.0
180.0
188.0
199.0
248.0
276.0
280.0
249.0
212.0
188.0
179.0
182.0
187.0
196.0
234.0
273.0
276.0
249.0
205.0
189.0
181.0
179.0
185.0
197.0
241.0
278.0
285.0
253.0
213.0
180.0
176.0
180.0
182.0
192.0
231.0
269.0
277.0
252.0
211.0
190.0
175.0
178.0
184.0
192.0
225.0
264.0
277.0
262.0
219.0
189.0
181.0
166.0
178.0
195.0
227.0
270.0
280.0
263.0
220.0
189.0
183.0
182.0
185.0
190.0
209.0
283.0
283.0
253.0
212.0
192.0
185.0
184.0
186.0
195.0
247.0
274.0
280.0
248.0
206.0
179.0
173.0
175.0
185.0
207.0
260.0
286.0
283.0
239.0
200.0
186.0
182.0
181.0
190.0
215.0
260.0
290.0
285.0
241.0
205.0
184.0
180.0
182.0
192.0
216.0
265.0
291.0
290.0
245.0
203.0
187.0
184.0
182.0
187.0
207.0
260.0
291.0
289.0
248.0
207.0
187.0
183.0
181.0
191.0
212.0
264.0
292.0
284.0
242.0
199.0
188.0
182.0
184.0
188.0
223.0
271.0
295.0
281.0
232.0
196.0
184.0
181.0
182.0
192.0
222.0
280.0
298.0
280.0
233.0
192.0
181.0
179.0
183.0
196.0
237.0
282.0
288.0
272.0
217.0
188.0
179.0
178.0
182.0
194.0
239.0
278.0
286.0
257.0
217.0
188.0
182.0
184.0
190.0
202.0
253.0
282.0
282.0
244.0
206.0
189.0
185.0
182.0
193.0
212.0
260.0
284.0
276.0
235.0
198.0
189.0
179.0
186.0
191.0
222.0
268.0
289.0
273.0
234.0
197.0
182.0
174.0
181.0
182.0
214.0
256.0
279.0
273.0
240.0
202.0
187.0
183.0
181.0
189.0
213.0
262.0
282.0
280.0
244.0
203.0
189.0
186.0
187.0
190.0
213.0
269.0
291.0
280.0
237.0
202.0
185.0
178.0
184.0
192.0
210.0
258.0
284.0
260.0
225.0
198.0
179.0
180.0
182.0
195.0
216.0
261.0
288.0
280.0
248.0
206.0
186.0
182.0
178.0
188.0
202.0
256.0
288.0
289.0
252.0
212.0
191.0
181.0
182.0
187.0
202.0
257.0
286.0
294.0
254.0
210.0
192.0
182.0
184.0
190.0
200.0
251.0
290.0
296.0
276.0
214.0
191.0
178.0
182.0
189.0
200.0
253.0
289.0
293.0
262.0
222.0
200.0
184.0
185.0
187.0
198.0
227.0
270.0
280.0
260.0
218.0
190.0
180.0
185.0
187.0
193.0
237.0
285.0
294.0
276.0
229.0
190.0
186.0
182.0
183.0
194.0
227.0
276.0
288.0
282.0
237.0
197.0
184.0
182.0
181.0
192.0
214.0
269.0
293.0
284.0
243.0
198.0
188.0
184.0
182.0
192.0
221.0
271.0
292.0
289.0
240.0
205.0
188.0
182.0
185.0
192.0
213.0
264.0
290.0
293.0
252.0
212.0
189.0
185.0
184.0
189.0
205.0
251.0
286.0
291.0
262.0
220.0
195.0
185.0
182.0
189.0
196.0
237.0
279.0
295.0
280.0
235.0
197.0
189.0
183.0
187.0
194.0
216.0
267.0
290.0
288.0
250.0
212.0
193.0
181.0
180.0
189.0
199.0
245.0
285.0
291.0
273.0
227.0
195.0
186.0
180.0
188.0
193.0
226.0
278.0
293.0
281.0
235.0
199.0
186.0
186.0
184.0
193.0
209.0
264.0
289.0
293.0
261.0
215.0
192.0
185.0
177.0
190.0
197.0
238.0
283.0
292.0
278.0
233.0
197.0
186.0
183.0
183.0
190.0
214.0
269.0
291.0
289.0
248.0
204.0
188.0
185.0
181.0
189.0
203.0
254.0
294.0
292.0
258.0
214.0
192.0
184.0
179.0
187.0
202.0
245.0
283.0
296.0
267.0
221.0
196.0
182.0
182.0
183.0
196.0
230.0
274.0
290.0
280.0
238.0
196.0
182.0
182.0
183.0
188.0
213.0
264.0
291.0
288.0
250.0
209.0
196.0
183.0
182.0
185.0
201.0
249.0
287.0
295.0
261.0
220.0
189.0
184.0
184.0
188.0
198.0
234.0
276.0
294.0
281.0
235.0
194.0
189.0
181.0
185.0
190.0
212.0
263.0
287.0
289.0
256.0
215.0
189.0
187.0
182.0
185.0
195.0
235.0
283.0
291.0
279.0
237.0
194.0
186.0
184.0
182.0
193.0
212.0
261.0
292.0
293.0
256.0
215.0
189.0
184.0
179.0
190.0
204.0
237.0
277.0
287.0
281.0
239.0
196.0
180.0
179.0
182.0
185.0
208.0
254.0
287.0
290.0
262.0
222.0
193.0
185.0
182.0
184.0
194.0
219.0
268.0
292.0
287.0
253.0
212.0
188.0
184.0
178.0
185.0
194.0
230.0
275.0
289.0
281.0
240.0
202.0
187.0
180.0
182.0
189.0
201.0
247.0
279.0
294.0
272.0
228.0
195.0
184.0
181.0
184.0
189.0
207.0
256.0
288.0
292.0
262.0
222.0
196.0
190.0
185.0
189.0
192.0
210.0
258.0
282.0
281.0
252.0
215.0
192.0
185.0
185.0
186.0
191.0
214.0
259.0
283.0
284.0
253.0
213.0
195.0
183.0
182.0
185.0
182.0
196.0
243.0
276.0
279.0
253.0
217.0
192.0
185.0
181.0
183.0
188.0
210.0
256.0
278.0
283.0
263.0
224.0
193.0
183.0
168.0
180.0
188.0
215.0
264.0
285.0
292.0
261.0
218.0
194.0
183.0
181.0
186.0
192.0
218.0
271.0
290.0
291.0
252.0
213.0
190.0
184.0
183.0
186.0
198.0
240.0
281.0
292.0
280.0
238.0
203.0
189.0
185.0
183.0
192.0
203.0
251.0
287.0
293.0
266.0
224.0
195.0
184.0
185.0
184.0
191.0
215.0
264.0
293.0
292.0
258.0
217.0
191.0
183.0
184.0
187.0
194.0
214.0
262.0
284.0
282.0
252.0
205.0
193.0
185.0
182.0
186.0
195.0
235.0
278.0
295.0
282.0
240.0
204.0
186.0
183.0
181.0
189.0
197.0
241.0
280.0
292.0
277.0
237.0
198.0
188.0
180.0
183.0
187.0
202.0
249.0
283.0
293.0
267.0
227.0
193.0
181.0
183.0
183.0
190.0
217.0
265.0
288.0
289.0
251.0
213.0
190.0
184.0
180.0
185.0
193.0
227.0
271.0
291.0
281.0
242.0
207.0
188.0
184.0
183.0
184.0
197.0
239.0
279.0
288.0
274.0
235.0
197.0
184.0
180.0
177.0
183.0
199.0
244.0
277.0
288.0
269.0
227.0
192.0
184.0
178.0
176.0
186.0
202.0
244.0
280.0
287.0
266.0
225.0
194.0
180.0
175.0
181.0
190.0
201.0
251.0
283.0
289.0
257.0
215.0
189.0
183.0
177.0
182.0
190.0
216.0
259.0
286.0
284.0
249.0
210.0
188.0
180.0
181.0
184.0
192.0
224.0
272.0
285.0
277.0
238.0
200.0
183.0
177.0
177.0
184.0
201.0
241.0
279.0
288.0
265.0
222.0
187.0
179.0
179.0
175.0
183.0
210.0
258.0
283.0
286.0
249.0
210.0
186.0
178.0
178.0
183.0
189.0
226.0
272.0
285.0
279.0
234.0
201.0
181.0
178.0
177.0
182.0
193.0
235.0
273.0
288.0
272.0
232.0
193.0
181.0
180.0
177.0
187.0
199.0
240.0
279.0
297.0
270.0
227.0
192.0
178.0
176.0
177.0
179.0
201.0
243.0
270.0
283.0
259.0
222.0
192.0
182.0
179.0
180.0
184.0
203.0
246.0
275.0
280.0
258.0
220.0
193.0
182.0
178.0
178.0
184.0
200.0
242.0
271.0
280.0
265.0
227.0
192.0
183.0
177.0
162.0
157.0
182.0
236.0
270.0
275.0
252.0
220.0
197.0
183.0
181.0
174.0
173.0
189.0
245.0
278.0
276.0
262.0
216.0
191.0
180.0
182.0
180.0
183.0
200.0
244.0
272.0
279.0
249.0
217.0
192.0
180.0
180.0
179.0
187.0
205.0
250.0
277.0
276.0
245.0
210.0
186.0
178.0
179.0
181.0
189.0
221.0
256.0
249.0
252.0
220.0
192.0
184.0
176.0
175.0
183.0
196.0
239.0
271.0
268.0
236.0
205.0
181.0
176.0
177.0
181.0
190.0
224.0
268.0
283.0
275.0
234.0
201.0
188.0
181.0
179.0
186.0
200.0
249.0
287.0
290.0
256.0
213.0
180.0
182.0
180.0
186.0
190.0
217.0
265.0
283.0
275.0
234.0
197.0
186.0
186.0
180.0
190.0
207.0
251.0
286.0
284.0
252.0
212.0
184.0
181.0
180.0
187.0
194.0
235.0
278.0
291.0
273.0
229.0
194.0
182.0
179.0
182.0
188.0
207.0
254.0
282.0
289.0
259.0
222.0
192.0
182.0
181.0
181.0
189.0
215.0
264.0
285.0
285.0
250.0
210.0
188.0
180.0
182.0
187.0
194.0
231.0
272.0
285.0
282.0
236.0
200.0
182.0
176.0
180.0
189.0
201.0
245.0
283.0
291.0
273.0
229.0
198.0
184.0
193.0
188.0
187.0
197.0
245.0
287.0
290.0
270.0
222.0
187.0
183.0
178.0
179.0
188.0
205.0
252.0
287.0
290.0
264.0
221.0
191.0
181.0
181.0
183.0
188.0
211.0
257.0
292.0
293.0
261.0
219.0
189.0
185.0
182.0
184.0
197.0
218.0
270.0
292.0
285.0
245.0
210.0
185.0
182.0
177.0
181.0
193.0
223.0
269.0
290.0
285.0
242.0
204.0
189.0
178.0
176.0
184.0
193.0
235.0
273.0
288.0
278.0
237.0
206.0
188.0
181.0
180.0
181.0
192.0
230.0
273.0
291.0
286.0
244.0
210.0
190.0
185.0
184.0
191.0
194.0
231.0
276.0
290.0
281.0
242.0
203.0
189.0
183.0
185.0
191.0
203.0
248.0
284.0
297.0
271.0
230.0
198.0
188.0
184.0
185.0
192.0
212.0
263.0
291.0
298.0
267.0
224.0
197.0
190.0
187.0
190.0
198.0
222.0
273.0
292.0
291.0
257.0
219.0
194.0
185.0
186.0
187.0
204.0
240.0
285.0
298.0
281.0
237.0
202.0
190.0
190.0
188.0
192.0
212.0
259.0
291.0
297.0
266.0
227.0
194.0
187.0
184.0
186.0
197.0
224.0
272.0
293.0
292.0
254.0
215.0
194.0
188.0
185.0
188.0
205.0
238.0
280.0
297.0
281.0
240.0
202.0
191.0
186.0
187.0
192.0
213.0
259.0
288.0
294.0
261.0
220.0
195.0
185.0
189.0
189.0
199.0
230.0
280.0
293.0
284.0
241.0
202.0
188.0
185.0
185.0
194.0
207.0
258.0
289.0
296.0
263.0
221.0
196.0
189.0
188.0
189.0
200.0
233.0
277.0
294.0
288.0
243.0
203.0
192.0
187.0
185.0
195.0
208.0
257.0
289.0
298.0
270.0
231.0
200.0
192.0
187.0
192.0
198.0
214.0
269.0
294.0
298.0
259.0
222.0
197.0
186.0
186.0
190.0
202.0
230.0
275.0
294.0
288.0
248.0
209.0
195.0
186.0
187.0
191.0
202.0
245.0
281.0
293.0
287.0
239.0
201.0
194.0
188.0
187.0
197.0
209.0
254.0
288.0
295.0
277.0
235.0
204.0
190.0
190.0
192.0
198.0
212.0
259.0
289.0
297.0
275.0
234.0
203.0
191.0
190.0
193.0
198.0
213.0
263.0
291.0
297.0
270.0
227.0
200.0
191.0
193.0
194.0
198.0
219.0
264.0
295.0
300.0
270.0
230.0
203.0
192.0
192.0
188.0
202.0
219.0
266.0
294.0
301.0
274.0
232.0
199.0
195.0
194.0
196.0
200.0
214.0
258.0
294.0
301.0
279.0
242.0
206.0
194.0
191.0
192.0
197.0
208.0
250.0
288.0
299.0
285.0
244.0
215.0
198.0
192.0
194.0
196.0
203.0
239.0
283.0
302.0
295.0
257.0
218.0
200.0
193.0
194.0
196.0
205.0
235.0
275.0
299.0
300.0
264.0
225.0
203.0
193.0
193.0
195.0
203.0
232.0
275.0
299.0
295.0
264.0
224.0
202.0
196.0
194.0
194.0
202.0
224.0
275.0
301.0
300.0
268.0
229.0
201.0
196.0
195.0
196.0
203.0
234.0
283.0
303.0
298.0
256.0
222.0
201.0
194.0
196.0
198.0
205.0
236.0
282.0
298.0
295.0
262.0
228.0
203.0
197.0
197.0
198.0
208.0
234.0
278.0
300.0
302.0
263.0
226.0
206.0
201.0
193.0
200.0
209.0
231.0
280.0
301.0
301.0
270.0
232.0
203.0
198.0
199.0
197.0
207.0
223.0
273.0
300.0
302.0
279.0
243.0
210.0
198.0
199.0
196.0
203.0
215.0
258.0
294.0
301.0
289.0
256.0
217.0
200.0
194.0
195.0
202.0
210.0
243.0
289.0
305.0
295.0
256.0
222.0
202.0
200.0
195.0
202.0
209.0
244.0
286.0
305.0
297.0
261.0
224.0
203.0
199.0
199.0
201.0
207.0
233.0
279.0
302.0
308.0
269.0
230.0
204.0
199.0
194.0
199.0
210.0
252.0
280.0
298.0
293.0
260.0
227.0
208.0
201.0
197.0
200.0
206.0
234.0
277.0
302.0
301.0
262.0
232.0
202.0
201.0
194.0
200.0
205.0
225.0
260.0
293.0
309.0
279.0
241.0
208.0
196.0
190.0
200.0
204.0
216.0
264.0
302.0
310.0
284.0
246.0
212.0
197.0
199.0
198.0
201.0
211.0
253.0
292.0
301.0
298.0
252.0
216.0
202.0
197.0
198.0
198.0
210.0
245.0
293.0
305.0
293.0
256.0
218.0
201.0
198.0
197.0
199.0
207.0
243.0
291.0
305.0
292.0
254.0
218.0
199.0
199.0
195.0
197.0
214.0
248.0
288.0
302.0
291.0
253.0
219.0
198.0
197.0
196.0
197.0
209.0
241.0
288.0
302.0
293.0
258.0
219.0
205.0
195.0
197.0
204.0
213.0
250.0
288.0
303.0
291.0
253.0
218.0
201.0
196.0
199.0
196.0
202.0
244.0
281.0
297.0
292.0
253.0
215.0
194.0
191.0
192.0
212.0
208.0
237.0
276.0
300.0
291.0
253.0
214.0
197.0
192.0
191.0
188.0
208.0
241.0
285.0
301.0
291.0
250.0
216.0
201.0
194.0
192.0
197.0
207.0
246.0
290.0
302.0
287.0
241.0
205.0
192.0
187.0
190.0
198.0
210.0
260.0
294.0
302.0
282.0
241.0
209.0
194.0
190.0
195.0
203.0
216.0
265.0
297.0
306.0
281.0
240.0
208.0
202.0
202.0
205.0
208.0
231.0
280.0
306.0
310.0
284.0
241.0
219.0
206.0
208.0
205.0
211.0
234.0
281.0
309.0
315.0
295.0
254.0
223.0
209.0
205.0
207.0
215.0
228.0
276.0
313.0
322.0
304.0
259.0
225.0
214.0
214.0
215.0
220.0
240.0
285.0
320.0
323.0
295.0
248.0
223.0
213.0
209.0
217.0
224.0
249.0
300.0
321.0
311.0
272.0
236.0
216.0
211.0
213.0
216.0
231.0
272.0
310.0
320.0
298.0
256.0
223.0
211.0
211.0
213.0
219.0
240.0
290.0
314.0
316.0
282.0
239.0
217.0
209.0
210.0
211.0
221.0
248.0
293.0
319.0
316.0
277.0
234.0
217.0
211.0
207.0
213.0
223.0
254.0
301.0
316.0
307.0
266.0
227.0
216.0
207.0
205.0
212.0
225.0
265.0
302.0
314.0
304.0
261.0
225.0
211.0
209.0
209.0
214.0
229.0
278.0
315.0
317.0
287.0
249.0
218.0
209.0
209.0
209.0
218.0
239.0
292.0
313.0
314.0
274.0
243.0
217.0
210.0
210.0
212.0
217.0
250.0
290.0
315.0
307.0
272.0
234.0
216.0
207.0
207.0
214.0
223.0
258.0
301.0
315.0
303.0
262.0
223.0
211.0
207.0
206.0
214.0
228.0
272.0
304.0
312.0
292.0
253.0
216.0
207.0
207.0
210.0
216.0
235.0
282.0
313.0
316.0
280.0
238.0
214.0
210.0
205.0
212.0
218.0
247.0
293.0
312.0
309.0
273.0
238.0
211.0
206.0
206.0
210.0
217.0
248.0
296.0
313.0
310.0
272.0
228.0
214.0
205.0
205.0
210.0
216.0
254.0
296.0
311.0
305.0
266.0
231.0
212.0
204.0
204.0
209.0
224.0
256.0
301.0
315.0
303.0
265.0
230.0
209.0
205.0
209.0
213.0
223.0
258.0
301.0
313.0
306.0
262.0
231.0
214.0
208.0
210.0
211.0
220.0
262.0
301.0
312.0
304.0
263.0
229.0
210.0
209.0
206.0
211.0
225.0
260.0
304.0
315.0
300.0
261.0
224.0
209.0
205.0
203.0
212.0
227.0
266.0
306.0
317.0
298.0
256.0
218.0
210.0
207.0
203.0
214.0
229.0
281.0
312.0
313.0
286.0
242.0
215.0
210.0
206.0
209.0
215.0
240.0
288.0
313.0
311.0
273.0
235.0
213.0
207.0
206.0
209.0
222.0
257.0
301.0
314.0
300.0
256.0
221.0
211.0
203.0
205.0
212.0
226.0
274.0
312.0
311.0
282.0
243.0
212.0
209.0
205.0
209.0
216.0
249.0
295.0
311.0
304.0
260.0
225.0
210.0
210.0
205.0
209.0
223.0
262.0
301.0
313.0
298.0
256.0
220.0
210.0
206.0
206.0
210.0
225.0
269.0
307.0
311.0
290.0
246.0
218.0
210.0
203.0
203.0
210.0
225.0
278.0
311.0
310.0
284.0
241.0
217.0
204.0
204.0
203.0
210.0
239.0
284.0
308.0
312.0
280.0
239.0
213.0
203.0
202.0
209.0
215.0
238.0
290.0
308.0
309.0
268.0
233.0
209.0
206.0
202.0
211.0
215.0
249.0
290.0
312.0
306.0
268.0
228.0
210.0
206.0
207.0
210.0
218.0
253.0
294.0
312.0
302.0
257.0
220.0
207.0
201.0
201.0
212.0
220.0
264.0
301.0
309.0
290.0
251.0
215.0
207.0
202.0
203.0
206.0
221.0
258.0
299.0
311.0
301.0
256.0
222.0
205.0
201.0
202.0
204.0
216.0
254.0
290.0
310.0
302.0
263.0
223.0
206.0
202.0
203.0
205.0
216.0
245.0
292.0
309.0
303.0
264.0
225.0
209.0
206.0
201.0
205.0
211.0
247.0
292.0
308.0
307.0
262.0
224.0
209.0
199.0
200.0
208.0
217.0
249.0
295.0
305.0
301.0
264.0
225.0
208.0
197.0
202.0
204.0
214.0
243.0
291.0
305.0
299.0
264.0
227.0
209.0
197.0
199.0
203.0
214.0
250.0
292.0
306.0
301.0
264.0
222.0
204.0
200.0
197.0
204.0
212.0
245.0
292.0
310.0
295.0
259.0
223.0
201.0
198.0
197.0
205.0
218.0
261.0
297.0
306.0
290.0
248.0
211.0
200.0
199.0
196.0
206.0
221.0
263.0
299.0
307.0
285.0
248.0
213.0
199.0
199.0
200.0
203.0
219.0
265.0
302.0
305.0
289.0
247.0
211.0
203.0
199.0
197.0
207.0
218.0
262.0
297.0
306.0
286.0
248.0
213.0
203.0
201.0
201.0
206.0
224.0
269.0
301.0
309.0
280.0
241.0
209.0
202.0
195.0
199.0
208.0
232.0
276.0
304.0
303.0
278.0
237.0
209.0
200.0
196.0
203.0
210.0
226.0
276.0
304.0
303.0
276.0
236.0
205.0
202.0
199.0
200.0
209.0
227.0
275.0
304.0
306.0
274.0
239.0
208.0
203.0
198.0
200.0
206.0
223.0
274.0
304.0
305.0
275.0
234.0
205.0
197.0
194.0
200.0
211.0
229.0
278.0
303.0
305.0
277.0
236.0
207.0
201.0
199.0
200.0
210.0
223.0
270.0
297.0
306.0
276.0
240.0
210.0
200.0
199.0
200.0
205.0
224.0
269.0
301.0
302.0
276.0
234.0
207.0
196.0
198.0
199.0
203.0
229.0
277.0
298.0
300.0
269.0
233.0
202.0
194.0
194.0
198.0
207.0
233.0
280.0
302.0
300.0
265.0
224.0
206.0
198.0
198.0
199.0
210.0
240.0
284.0
301.0
300.0
261.0
224.0
201.0
194.0
194.0
196.0
208.0
234.0
283.0
302.0
295.0
260.0
222.0
203.0
195.0
197.0
200.0
207.0
244.0
286.0
304.0
291.0
256.0
216.0
199.0
195.0
194.0
201.0
214.0
256.0
294.0
304.0
287.0
244.0
208.0
196.0
195.0
194.0
202.0
219.0
266.0
298.0
299.0
269.0
231.0
206.0
196.0
192.0
195.0
207.0
232.0
281.0
299.0
297.0
256.0
222.0
201.0
195.0
196.0
198.0
209.0
252.0
295.0
302.0
289.0
239.0
206.0
196.0
193.0
194.0
200.0
223.0
272.0
298.0
302.0
266.0
225.0
201.0
193.0
