246.0
281.0
324.0
333.0
316.0
281.0
248.0
242.0
231.0
237.0
249.0
286.0
327.0
329.0
307.0
268.0
245.0
242.0
233.0
234.0
249.0
287.0
321.0
331.0
311.0
271.0
247.0
240.0
234.0
234.0
248.0
290.0
323.0
328.0
302.0
267.0
244.0
230.0
230.0
238.0
252.0
295.0
327.0
325.0
296.0
260.0
237.0
228.0
225.0
234.0
254.0
293.0
326.0
323.0
283.0
251.0
238.0
230.0
231.0
235.0
252.0
298.0
326.0
321.0
290.0
248.0
235.0
230.0
227.0
234.0
253.0
293.0
326.0
320.0
285.0
252.0
234.0
229.0
225.0
232.0
259.0
298.0
321.0
309.0
280.0
239.0
231.0
221.0
230.0
232.0
268.0
310.0
321.0
302.0
258.0
233.0
226.0
220.0
222.0
237.0
284.0
316.0
314.0
286.0
249.0
229.0
223.0
221.0
227.0
250.0
294.0
312.0
305.0
272.0
235.0
224.0
223.0
221.0
224.0
254.0
298.0
311.0
296.0
269.0
238.0
227.0
221.0
217.0
222.0
23.0
7.0
63.0
6.0
82.0
8.0
66.0
8.0
62.0
11.0
62.0
9.0
64.0
10.0
64.0
8.0
58.0
10.0
61.0
10.0
449.0
370.0
328.0
282.0
242.0
225.0
217.0
218.0
219.0
248.0
286.0
307.0
292.0
262.0
226.0
217.0
214.0
215.0
220.0
260.0
295.0
309.0
293.0
253.0
230.0
218.0
212.0
218.0
233.0
266.0
309.0
318.0
289.0
247.0
227.0
219.0
218.0
222.0
231.0
280.0
312.0
312.0
288.0
242.0
230.0
220.0
211.0
218.0
228.0
275.0
306.0
315.0
288.0
246.0
237.0
220.0
220.0
229.0
239.0
286.0
315.0
314.0
288.0
246.0
231.0
226.0
218.0
231.0
247.0
294.0
320.0
316.0
280.0
242.0
234.0
222.0
226.0
232.0
262.0
298.0
320.0
311.0
271.0
237.0
229.0
221.0
224.0
231.0
275.0
311.0
319.0
301.0
265.0
238.0
232.0
223.0
224.0
241.0
284.0
322.0
315.0
286.0
248.0
228.0
227.0
221.0
226.0
253.0
298.0
324.0
317.0
282.0
249.0
238.0
233.0
231.0
238.0
273.0
311.0
327.0
320.0
285.0
251.0
236.0
236.0
241.0
241.0
282.0
323.0
338.0
316.0
284.0
251.0
241.0
239.0
241.0
248.0
291.0
326.0
343.0
317.0
281.0
256.0
241.0
244.0
246.0
261.0
299.0
331.0
330.0
302.0
271.0
249.0
240.0
240.0
243.0
258.0
298.0
327.0
326.0
299.0
265.0
245.0
242.0
235.0
240.0
257.0
298.0
326.0
326.0
298.0
260.0
244.0
243.0
239.0
243.0
264.0
308.0
330.0
330.0
301.0
264.0
251.0
245.0
245.0
247.0
273.0
309.0
333.0
335.0
308.0
271.0
258.0
252.0
250.0
256.0
268.0
312.0
343.0
344.0
313.0
279.0
265.0
256.0
255.0
258.0
278.0
319.0
352.0
345.0
318.0
286.0
269.0
262.0
263.0
271.0
283.0
323.0
361.0
360.0
328.0
294.0
271.0
263.0
269.0
270.0
279.0
319.0
358.0
369.0
345.0
309.0
282.0
272.0
271.0
271.0
275.0
306.0
352.0
363.0
349.0
315.0
277.0
268.0
265.0
263.0
267.0
307.0
348.0
360.0
351.0
315.0
280.0
263.0
257.0
257.0
267.0
299.0
337.0
360.0
347.0
309.0
276.0
264.0
252.0
256.0
260.0
291.0
338.0
352.0
340.0
304.0
271.0
256.0
258.0
250.0
260.0
290.0
332.0
353.0
343.0
306.0
273.0
254.0
248.0
253.0
254.0
286.0
325.0
350.0
342.0
308.0
273.0
256.0
250.0
245.0
252.0
275.0
320.0
346.0
341.0
307.0
274.0
253.0
248.0
244.0
247.0
265.0
308.0
340.0
345.0
314.0
281.0
257.0
245.0
245.0
249.0
258.0
303.0
337.0
344.0
311.0
279.0
256.0
247.0
245.0
248.0
256.0
297.0
335.0
340.0
321.0
285.0
259.0
248.0
244.0
243.0
250.0
284.0
324.0
343.0
328.0
291.0
259.0
246.0
241.0
239.0
247.0
273.0
316.0
341.0
332.0
293.0
258.0
243.0
235.0
237.0
243.0
269.0
312.0
335.0
328.0
296.0
262.0
242.0
238.0
236.0
240.0
262.0
305.0
335.0
331.0
298.0
260.0
245.0
241.0
238.0
246.0
264.0
303.0
331.0
336.0
301.0
268.0
246.0
240.0
233.0
240.0
261.0
306.0
335.0
336.0
302.0
265.0
248.0
240.0
235.0
239.0
256.0
300.0
330.0
331.0
304.0
264.0
247.0
236.0
233.0
238.0
253.0
296.0
328.0
331.0
302.0
266.0
243.0
237.0
235.0
237.0
251.0
295.0
324.0
333.0
303.0
267.0
247.0
233.0
235.0
234.0
251.0
293.0
324.0
327.0
296.0
259.0
238.0
228.0
227.0
232.0
256.0
298.0
322.0
323.0
289.0
245.0
239.0
230.0
225.0
230.0
263.0
302.0
326.0
315.0
276.0
245.0
234.0
227.0
228.0
238.0
271.0
308.0
327.0
307.0
266.0
241.0
230.0
227.0
223.0
234.0
278.0
312.0
320.0
295.0
258.0
240.0
224.0
225.0
225.0
238.0
282.0
309.0
316.0
285.0
250.0
230.0
223.0
223.0
230.0
246.0
285.0
313.0
310.0
284.0
242.0
233.0
224.0
221.0
227.0
249.0
290.0
313.0
306.0
272.0
238.0
225.0
228.0
229.0
235.0
263.0
304.0
323.0
305.0
272.0
250.0
229.0
229.0
234.0
237.0
276.0
320.0
338.0
318.0
284.0
256.0
239.0
242.0
244.0
253.0
286.0
327.0
342.0
322.0
288.0
260.0
247.0
243.0
250.0
259.0
299.0
341.0
338.0
323.0
279.0
259.0
247.0
242.0
248.0
256.0
302.0
336.0
345.0
316.0
281.0
257.0
242.0
246.0
243.0
256.0
297.0
331.0
343.0
316.0
279.0
254.0
245.0
238.0
239.0
252.0
291.0
334.0
339.0
315.0
280.0
257.0
242.0
237.0
240.0
245.0
275.0
315.0
337.0
325.0
294.0
260.0
246.0
238.0
239.0
241.0
251.0
297.0
330.0
337.0
311.0
278.0
254.0
243.0
240.0
236.0
246.0
275.0
312.0
336.0
331.0
294.0
262.0
243.0
236.0
235.0
234.0
248.0
285.0
320.0
333.0
320.0
288.0
253.0
240.0
233.0
232.0
238.0
254.0
299.0
325.0
333.0
304.0
272.0
247.0
238.0
233.0
232.0
239.0
264.0
304.0
328.0
327.0
299.0
264.0
244.0
234.0
227.0
231.0
240.0
265.0
304.0
325.0
326.0
292.0
261.0
240.0
232.0
226.0
225.0
238.0
264.0
305.0
325.0
316.0
282.0
253.0
232.0
225.0
224.0
229.0
237.0
281.0
318.0
322.0
306.0
271.0
243.0
233.0
225.0
226.0
226.0
249.0
292.0
317.0
321.0
288.0
259.0
231.0
229.0
221.0
224.0
236.0
273.0
311.0
320.0
304.0
266.0
240.0
226.0
219.0
225.0
229.0
252.0
292.0
315.0
314.0
282.0
251.0
233.0
224.0
216.0
219.0
231.0
271.0
306.0
319.0
301.0
266.0
237.0
223.0
218.0
220.0
224.0
244.0
283.0
313.0
314.0
288.0
254.0
227.0
221.0
216.0
219.0
221.0
256.0
295.0
314.0
306.0
274.0
238.0
222.0
216.0
217.0
216.0
233.0
267.0
303.0
314.0
290.0
254.0
228.0
219.0
216.0
217.0
219.0
252.0
295.0
314.0
303.0
268.0
236.0
222.0
210.0
214.0
216.0
234.0
275.0
304.0
307.0
274.0
242.0
219.0
213.0
211.0
215.0
220.0
252.0
294.0
307.0
294.0
264.0
230.0
218.0
211.0
211.0
211.0
227.0
267.0
299.0
307.0
287.0
253.0
227.0
214.0
204.0
203.0
211.0
239.0
278.0
304.0
304.0
277.0
241.0
221.0
212.0
208.0
206.0
220.0
253.0
293.0
308.0
292.0
261.0
223.0
213.0
204.0
207.0
208.0
227.0
267.0
293.0
301.0
277.0
248.0
220.0
207.0
202.0
203.0
214.0
232.0
276.0
302.0
294.0
262.0
231.0
210.0
207.0
202.0
209.0
214.0
253.0
286.0
305.0
285.0
250.0
218.0
209.0
206.0
204.0
206.0
230.0
267.0
295.0
299.0
267.0
237.0
212.0
203.0
205.0
199.0
208.0
236.0
281.0
299.0
296.0
262.0
232.0
207.0
206.0
200.0
202.0
215.0
244.0
286.0
298.0
285.0
254.0
217.0
207.0
198.0
202.0
204.0
217.0
256.0
287.0
296.0
273.0
241.0
211.0
199.0
203.0
196.0
204.0
227.0
273.0
292.0
291.0
259.0
225.0
210.0
198.0
191.0
196.0
213.0
248.0
284.0
297.0
279.0
245.0
215.0
203.0
194.0
197.0
203.0
221.0
262.0
291.0
293.0
265.0
236.0
207.0
196.0
197.0
194.0
200.0
231.0
273.0
288.0
284.0
258.0
221.0
208.0
200.0
195.0
198.0
205.0
241.0
275.0
288.0
282.0
249.0
212.0
197.0
200.0
197.0
197.0
216.0
256.0
285.0
292.0
268.0
235.0
206.0
196.0
190.0
195.0
203.0
227.0
269.0
290.0
286.0
257.0
222.0
200.0
194.0
189.0
192.0
202.0
245.0
276.0
289.0
271.0
234.0
205.0
199.0
193.0
192.0
203.0
229.0
272.0
289.0
275.0
247.0
213.0
202.0
195.0
190.0
196.0
212.0
252.0
281.0
283.0
262.0
226.0
202.0
198.0
187.0
191.0
204.0
235.0
274.0
285.0
274.0
238.0
207.0
200.0
189.0
188.0
193.0
213.0
258.0
282.0
284.0
259.0
225.0
202.0
196.0
191.0
185.0
194.0
220.0
264.0
282.0
285.0
256.0
218.0
201.0
192.0
190.0
191.0
196.0
228.0
265.0
280.0
275.0
251.0
218.0
196.0
190.0
189.0
183.0
193.0
225.0
260.0
282.0
279.0
253.0
216.0
196.0
192.0
188.0
185.0
195.0
222.0
263.0
287.0
279.0
248.0
215.0
197.0
190.0
187.0
190.0
194.0
231.0
262.0
282.0
274.0
242.0
209.0
194.0
189.0
182.0
189.0
194.0
236.0
272.0
284.0
272.0
239.0
200.0
189.0
186.0
187.0
189.0
201.0
249.0
280.0
277.0
254.0
226.0
197.0
189.0
188.0
187.0
189.0
208.0
259.0
276.0
282.0
248.0
220.0
195.0
186.0
185.0
185.0
198.0
225.0
266.0
280.0
272.0
234.0
207.0
189.0
184.0
186.0
185.0
198.0
243.0
275.0
280.0
260.0
225.0
197.0
190.0
186.0
184.0
186.0
224.0
263.0
282.0
267.0
233.0
202.0
186.0
181.0
182.0
186.0
201.0
243.0
275.0
279.0
254.0
229.0
195.0
186.0
180.0
182.0
192.0
211.0
247.0
276.0
272.0
249.0
216.0
189.0
184.0
182.0
180.0
190.0
224.0
258.0
277.0
275.0
243.0
205.0
191.0
184.0
181.0
182.0
191.0
227.0
263.0
280.0
271.0
235.0
199.0
188.0
179.0
183.0
186.0
194.0
234.0
269.0
280.0
260.0
228.0
198.0
186.0
182.0
181.0
187.0
209.0
253.0
276.0
274.0
244.0
208.0
191.0
180.0
174.0
186.0
192.0
231.0
265.0
279.0
267.0
225.0
196.0
182.0
179.0
175.0
180.0
200.0
242.0
273.0
274.0
252.0
215.0
188.0
186.0
182.0
182.0
185.0
216.0
253.0
279.0
265.0
235.0
200.0
189.0
181.0
178.0
178.0
190.0
229.0
262.0
275.0
260.0
228.0
195.0
183.0
179.0
177.0
183.0
205.0
250.0
274.0
270.0
241.0
200.0
185.0
179.0
175.0
180.0
195.0
237.0
268.0
273.0
254.0
220.0
191.0
178.0
180.0
174.0
184.0
209.0
249.0
275.0
270.0
235.0
203.0
184.0
179.0
174.0
179.0
187.0
225.0
262.0
275.0
259.0
225.0
192.0
185.0
175.0
178.0
177.0
202.0
241.0
271.0
267.0
244.0
208.0
189.0
178.0
177.0
175.0
184.0
221.0
254.0
277.0
258.0
230.0
198.0
179.0
174.0
174.0
176.0
192.0
233.0
263.0
270.0
250.0
217.0
187.0
177.0
174.0
173.0
182.0
200.0
246.0
266.0
269.0
238.0
202.0
181.0
178.0
171.0
173.0
184.0
222.0
258.0
271.0
252.0
224.0
187.0
177.0
175.0
174.0
180.0
200.0
242.0
266.0
264.0
242.0
205.0
183.0
175.0
174.0
173.0
179.0
212.0
252.0
270.0
262.0
230.0
191.0
182.0
170.0
172.0
178.0
190.0
230.0
264.0
265.0
245.0
208.0
183.0
176.0
175.0
173.0
177.0
210.0
253.0
267.0
260.0
227.0
190.0
178.0
169.0
169.0
173.0
188.0
228.0
258.0
266.0
241.0
205.0
184.0
174.0
172.0
167.0
179.0
209.0
252.0
268.0
253.0
220.0
185.0
173.0
170.0
170.0
176.0
195.0
242.0
266.0
258.0
227.0
196.0
176.0
168.0
172.0
169.0
190.0
231.0
262.0
260.0
238.0
204.0
183.0
170.0
168.0
168.0
176.0
216.0
248.0
267.0
251.0
219.0
182.0
171.0
169.0
170.0
173.0
192.0
241.0
262.0
263.0
231.0
197.0
175.0
170.0
167.0
171.0
181.0
222.0
260.0
262.0
237.0
199.0
176.0
170.0
166.0
170.0
180.0
212.0
251.0
262.0
243.0
211.0
183.0
170.0
162.0
169.0
172.0
206.0
247.0
265.0
249.0
215.0
182.0
168.0
163.0
167.0
174.0
200.0
245.0
257.0
255.0
219.0
181.0
170.0
164.0
167.0
172.0
196.0
241.0
257.0
251.0
219.0
186.0
174.0
163.0
169.0
170.0
189.0
235.0
259.0
253.0
224.0
182.0
172.0
168.0
166.0
173.0
197.0
242.0
262.0
250.0
212.0
183.0
171.0
166.0
166.0
175.0
207.0
247.0
260.0
235.0
206.0
179.0
169.0
164.0
165.0
174.0
213.0
252.0
261.0
230.0
197.0
177.0
166.0
160.0
163.0
173.0
217.0
253.0
259.0
238.0
200.0
174.0
167.0
160.0
167.0
175.0
210.0
248.0
262.0
241.0
203.0
174.0
168.0
160.0
167.0
175.0
211.0
250.0
256.0
238.0
200.0
171.0
167.0
158.0
165.0
167.0
206.0
248.0
261.0
238.0
210.0
175.0
148.0
164.0
162.0
169.0
202.0
236.0
260.0
247.0
213.0
182.0
167.0
157.0
164.0
166.0
188.0
238.0
256.0
250.0
215.0
183.0
167.0
163.0
158.0
166.0
189.0
233.0
256.0
251.0
216.0
183.0
171.0
162.0
162.0
165.0
187.0
229.0
253.0
250.0
221.0
184.0
171.0
158.0
160.0
166.0
179.0
227.0
252.0
254.0
221.0
184.0
164.0
164.0
163.0
162.0
186.0
227.0
254.0
249.0
221.0
177.0
167.0
159.0
156.0
165.0
182.0
228.0
249.0
252.0
220.0
181.0
168.0
158.0
159.0
163.0
183.0
227.0
256.0
244.0
213.0
180.0
170.0
160.0
155.0
164.0
186.0
221.0
249.0
247.0
215.0
178.0
166.0
158.0
155.0
161.0
177.0
224.0
252.0
251.0
215.0
182.0
162.0
157.0
155.0
160.0
186.0
227.0
248.0
248.0
220.0
183.0
162.0
156.0
152.0
160.0
170.0
208.0
245.0
254.0
225.0
189.0
167.0
158.0
154.0
159.0
165.0
201.0
239.0
253.0
231.0
199.0
169.0
156.0
158.0
159.0
166.0
195.0
233.0
248.0
238.0
210.0
174.0
167.0
159.0
152.0
163.0
182.0
224.0
252.0
245.0
215.0
181.0
164.0
154.0
152.0
159.0
166.0
210.0
244.0
251.0
230.0
194.0
168.0
160.0
153.0
158.0
163.0
192.0
237.0
248.0
240.0
206.0
174.0
161.0
154.0
152.0
161.0
176.0
219.0
244.0
248.0
223.0
184.0
161.0
157.0
151.0
153.0
169.0
198.0
239.0
252.0
238.0
199.0
167.0
156.0
152.0
152.0
160.0
177.0
223.0
245.0
244.0
218.0
180.0
158.0
156.0
152.0
157.0
162.0
199.0
235.0
250.0
230.0
200.0
169.0
159.0
155.0
154.0
160.0
170.0
222.0
247.0
247.0
221.0
183.0
162.0
158.0
153.0
154.0
164.0
190.0
233.0
250.0
237.0
204.0
174.0
164.0
152.0
154.0
152.0
169.0
208.0
239.0
247.0
234.0
199.0
170.0
158.0
148.0
152.0
151.0
170.0
205.0
246.0
246.0
222.0
192.0
161.0
153.0
152.0
150.0
160.0
179.0
221.0
245.0
242.0
210.0
172.0
163.0
149.0
148.0
152.0
165.0
209.0
244.0
248.0
222.0
192.0
164.0
154.0
152.0
152.0
161.0
183.0
221.0
246.0
242.0
208.0
174.0
160.0
150.0
153.0
153.0
165.0
201.0
236.0
246.0
231.0
196.0
168.0
153.0
146.0
151.0
154.0
171.0
212.0
243.0
247.0
217.0
185.0
163.0
150.0
150.0
156.0
156.0
193.0
227.0
245.0
238.0
205.0
167.0
160.0
153.0
151.0
156.0
165.0
206.0
239.0
246.0
224.0
192.0
163.0
154.0
151.0
152.0
159.0
182.0
224.0
243.0
234.0
197.0
168.0
158.0
149.0
150.0
151.0
167.0
209.0
241.0
240.0
215.0
187.0
160.0
151.0
146.0
152.0
158.0
196.0
232.0
247.0
229.0
195.0
167.0
156.0
150.0
146.0
152.0
172.0
214.0
241.0
245.0
222.0
187.0
157.0
153.0
148.0
148.0
160.0
182.0
224.0
242.0
241.0
207.0
180.0
157.0
151.0
144.0
151.0
157.0
185.0
228.0
241.0
238.0
204.0
174.0
153.0
148.0
147.0
149.0
158.0
199.0
229.0
244.0
228.0
196.0
165.0
149.0
149.0
144.0
149.0
170.0
213.0
235.0
240.0
214.0
181.0
160.0
146.0
146.0
146.0
155.0
185.0
226.0
242.0
228.0
199.0
167.0
151.0
147.0
147.0
152.0
160.0
203.0
234.0
247.0
220.0
186.0
159.0
151.0
142.0
149.0
149.0
177.0
219.0
239.0
235.0
210.0
178.0
158.0
149.0
144.0
146.0
157.0
197.0
235.0
245.0
227.0
194.0
162.0
153.0
143.0
147.0
156.0
180.0
224.0
242.0
232.0
200.0
163.0
150.0
146.0
144.0
148.0
162.0
203.0
238.0
239.0
214.0
178.0
158.0
146.0
142.0
145.0
152.0
186.0
223.0
241.0
236.0
197.0
161.0
153.0
146.0
147.0
143.0
167.0
208.0
233.0
241.0
214.0
180.0
155.0
149.0
147.0
148.0
152.0
192.0
231.0
235.0
227.0
198.0
159.0
148.0
144.0
147.0
149.0
167.0
208.0
236.0
242.0
214.0
181.0
154.0
144.0
143.0
148.0
157.0
181.0
223.0
240.0
232.0
200.0
162.0
149.0
148.0
141.0
147.0
158.0
204.0
234.0
236.0
211.0
182.0
154.0
144.0
147.0
146.0
153.0
185.0
218.0
236.0
230.0
197.0
162.0
150.0
143.0
145.0
142.0
160.0
206.0
236.0
236.0
214.0
176.0
154.0
145.0
141.0
142.0
151.0
178.0
216.0
236.0
237.0
205.0
170.0
153.0
143.0
141.0
148.0
157.0
186.0
224.0
238.0
231.0
197.0
160.0
146.0
140.0
145.0
146.0
161.0
200.0
232.0
238.0
212.0
182.0
154.0
147.0
144.0
140.0
151.0
180.0
219.0
239.0
231.0
196.0
160.0
148.0
141.0
146.0
146.0
169.0
209.0
235.0
233.0
208.0
172.0
150.0
140.0
141.0
146.0
152.0
198.0
228.0
238.0
220.0
179.0
154.0
148.0
140.0
143.0
150.0
176.0
217.0
236.0
230.0
197.0
167.0
148.0
146.0
141.0
145.0
155.0
195.0
230.0
240.0
220.0
187.0
161.0
144.0
136.0
144.0
143.0
163.0
207.0
233.0
234.0
208.0
173.0
152.0
144.0
141.0
140.0
152.0
178.0
218.0
237.0
228.0
196.0
160.0
148.0
140.0
142.0
145.0
157.0
197.0
230.0
234.0
208.0
172.0
148.0
142.0
142.0
142.0
148.0
187.0
218.0
239.0
221.0
193.0
155.0
145.0
134.0
142.0
141.0
166.0
212.0
232.0
233.0
198.0
167.0
146.0
144.0
142.0
142.0
150.0
192.0
228.0
238.0
222.0
189.0
159.0
146.0
139.0
141.0
142.0
160.0
199.0
228.0
237.0
210.0
176.0
150.0
140.0
140.0
139.0
149.0
181.0
221.0
234.0
225.0
188.0
155.0
145.0
139.0
136.0
141.0
163.0
207.0
235.0
230.0
205.0
169.0
149.0
144.0
137.0
138.0
154.0
193.0
228.0
240.0
213.0
177.0
154.0
141.0
139.0
144.0
142.0
176.0
213.0
236.0
225.0
192.0
161.0
144.0
141.0
138.0
144.0
162.0
204.0
233.0
234.0
200.0
166.0
148.0
140.0
138.0
139.0
153.0
202.0
235.0
233.0
206.0
166.0
146.0
136.0
138.0
144.0
157.0
198.0
229.0
232.0
199.0
167.0
145.0
141.0
136.0
142.0
161.0
205.0
232.0
226.0
191.0
155.0
149.0
137.0
135.0
144.0
168.0
211.0
233.0
228.0
195.0
159.0
142.0
140.0
137.0
146.0
170.0
216.0
234.0
222.0
188.0
154.0
144.0
137.0
138.0
146.0
180.0
216.0
237.0
222.0
182.0
155.0
143.0
139.0
136.0
147.0
188.0
223.0
237.0
210.0
171.0
150.0
145.0
135.0
141.0
149.0
197.0
229.0
233.0
200.0
163.0
147.0
139.0
139.0
140.0
170.0
213.0
236.0
217.0
181.0
147.0
141.0
136.0
138.0
152.0
197.0
228.0
232.0
193.0
158.0
142.0
139.0
140.0
143.0
178.0
218.0
231.0
215.0
174.0
144.0
136.0
134.0
141.0
151.0
198.0
230.0
231.0
187.0
154.0
139.0
133.0
142.0
144.0
182.0
224.0
237.0
208.0
172.0
149.0
137.0
138.0
142.0
151.0
203.0
232.0
224.0
194.0
152.0
140.0
137.0
137.0
149.0
187.0
222.0
232.0
197.0
165.0
146.0
137.0
133.0
140.0
164.0
210.0
233.0
220.0
180.0
151.0
140.0
137.0
134.0
150.0
193.0
228.0
224.0
197.0
160.0
144.0
141.0
132.0
143.0
170.0
218.0
230.0
216.0
176.0
150.0
137.0
133.0
140.0
150.0
195.0
232.0
227.0
192.0
160.0
139.0
137.0
139.0
143.0
175.0
218.0
233.0
212.0
176.0
148.0
138.0
137.0
135.0
152.0
198.0
228.0
225.0
193.0
153.0
142.0
138.0
138.0
145.0
177.0
221.0
231.0
208.0
173.0
144.0
137.0
136.0
139.0
162.0
203.0
229.0
224.0
187.0
153.0
143.0
140.0
134.0
143.0
173.0
222.0
232.0
208.0
170.0
142.0
138.0
133.0
139.0
164.0
211.0
233.0
219.0
181.0
150.0
138.0
137.0
142.0
150.0
195.0
230.0
228.0
190.0
154.0
142.0
137.0
140.0
150.0
179.0
218.0
229.0
203.0
162.0
141.0
135.0
133.0
142.0
172.0
203.0
229.0
214.0
179.0
144.0
135.0
132.0
141.0
154.0
193.0
226.0
224.0
190.0
150.0
142.0
137.0
135.0
140.0
177.0
218.0
231.0
209.0
169.0
147.0
139.0
131.0
134.0
149.0
194.0
232.0
229.0
194.0
157.0
143.0
136.0
134.0
139.0
161.0
204.0
233.0
222.0
190.0
152.0
144.0
135.0
138.0
144.0
171.0
209.0
228.0
212.0
179.0
145.0
138.0
133.0
136.0
147.0
181.0
219.0
228.0
211.0
172.0
145.0
139.0
136.0
140.0
148.0
189.0
219.0
227.0
205.0
172.0
146.0
139.0
133.0
139.0
148.0
188.0
225.0
231.0
202.0
165.0
144.0
132.0
132.0
140.0
151.0
192.0
224.0
227.0
198.0
164.0
141.0
135.0
126.0
138.0
150.0
191.0
221.0
232.0
202.0
168.0
148.0
132.0
137.0
133.0
139.0
177.0
214.0
226.0
219.0
181.0
150.0
141.0
134.0
130.0
136.0
158.0
199.0
225.0
226.0
201.0
169.0
142.0
139.0
132.0
135.0
142.0
173.0
212.0
228.0
223.0
189.0
159.0
141.0
131.0
134.0
136.0
143.0
182.0
214.0
230.0
214.0
185.0
155.0
139.0
139.0
135.0
136.0
145.0
179.0
217.0
232.0
218.0
181.0
152.0
142.0
133.0
136.0
138.0
150.0
192.0
221.0
228.0
207.0
177.0
146.0
133.0
134.0
131.0
138.0
155.0
196.0
227.0
222.0
207.0
170.0
142.0
131.0
134.0
137.0
139.0
164.0
202.0
224.0
225.0
202.0
167.0
146.0
131.0
134.0
135.0
142.0
170.0
209.0
227.0
225.0
191.0
158.0
145.0
138.0
138.0
137.0
143.0
175.0
205.0
224.0
216.0
191.0
159.0
147.0
142.0
133.0
135.0
146.0
171.0
210.0
226.0
218.0
185.0
154.0
142.0
135.0
133.0
134.0
149.0
186.0
214.0
223.0
204.0
172.0
146.0
136.0
136.0
136.0
142.0
169.0
203.0
222.0
217.0
188.0
155.0
139.0
136.0
133.0
137.0
145.0
185.0
212.0
221.0
204.0
176.0
143.0
140.0
137.0
136.0
141.0
155.0
195.0
221.0
225.0
197.0
163.0
141.0
133.0
132.0
134.0
148.0
175.0
215.0
221.0
214.0
182.0
150.0
138.0
137.0
131.0
136.0
151.0
193.0
216.0
222.0
201.0
173.0
143.0
132.0
135.0
134.0
140.0
160.0
200.0
223.0
224.0
197.0
161.0
148.0
132.0
130.0
133.0
135.0
162.0
206.0
229.0
224.0
193.0
158.0
145.0
131.0
132.0
135.0
142.0
177.0
209.0
229.0
213.0
184.0
152.0
133.0
130.0
128.0
137.0
146.0
184.0
221.0
225.0
206.0
176.0
150.0
135.0
129.0
135.0
139.0
155.0
200.0
222.0
221.0
199.0
166.0
140.0
131.0
129.0
130.0
143.0
172.0
209.0
226.0
212.0
181.0
146.0
128.0
130.0
133.0
131.0
149.0
193.0
221.0
227.0
206.0
168.0
141.0
136.0
133.0
133.0
134.0
161.0
201.0
227.0
219.0
193.0
161.0
139.0
134.0
128.0
133.0
142.0
176.0
212.0
224.0
213.0
185.0
146.0
136.0
132.0
130.0
137.0
152.0
196.0
220.0
224.0
200.0
164.0
138.0
132.0
130.0
131.0
140.0
180.0
216.0
229.0
209.0
177.0
147.0
136.0
133.0
129.0
136.0
161.0
201.0
224.0
226.0
193.0
158.0
141.0
134.0
128.0
135.0
143.0
176.0
213.0
225.0
211.0
174.0
150.0
137.0
127.0
131.0
136.0
146.0
193.0
219.0
225.0
206.0
173.0
147.0
132.0
131.0
135.0
142.0
163.0
199.0
222.0
220.0
193.0
155.0
140.0
131.0
129.0
134.0
139.0
172.0
215.0
227.0
216.0
180.0
148.0
134.0
132.0
129.0
137.0
145.0
181.0
218.0
227.0
208.0
177.0
146.0
137.0
133.0
131.0
134.0
153.0
195.0
219.0
220.0
200.0
164.0
140.0
129.0
129.0
125.0
140.0
168.0
206.0
226.0
218.0
186.0
157.0
141.0
130.0
132.0
134.0
146.0
184.0
217.0
224.0
203.0
170.0
143.0
138.0
129.0
134.0
132.0
164.0
203.0
226.0
221.0
186.0
152.0
138.0
132.0
132.0
132.0
144.0
176.0
215.0
227.0
208.0
172.0
144.0
132.0
126.0
132.0
135.0
162.0
205.0
227.0
222.0
189.0
157.0
135.0
130.0
127.0
131.0
144.0
171.0
213.0
224.0
220.0
183.0
152.0
136.0
133.0
130.0
134.0
144.0
182.0
216.0
227.0
202.0
172.0
146.0
131.0
130.0
134.0
138.0
161.0
195.0
222.0
218.0
191.0
155.0
138.0
131.0
130.0
133.0
140.0
172.0
209.0
222.0
216.0
185.0
147.0
139.0
133.0
131.0
133.0
141.0
185.0
216.0
225.0
206.0
167.0
146.0
136.0
126.0
129.0
137.0
157.0
195.0
222.0
220.0
196.0
166.0
138.0
135.0
129.0
130.0
135.0
165.0
205.0
225.0
217.0
185.0
150.0
134.0
133.0
128.0
134.0
144.0
186.0
216.0
226.0
205.0
171.0
145.0
131.0
127.0
129.0
135.0
164.0
205.0
225.0
218.0
190.0
155.0
134.0
129.0
133.0
132.0
141.0
178.0
211.0
228.0
208.0
179.0
145.0
137.0
128.0
129.0
136.0
146.0
190.0
218.0
227.0
200.0
168.0
139.0
133.0
130.0
125.0
140.0
156.0
192.0
219.0
223.0
195.0
164.0
140.0
130.0
130.0
131.0
139.0
163.0
207.0
221.0
214.0
189.0
156.0
136.0
130.0
131.0
131.0
143.0
175.0
212.0
226.0
213.0
185.0
146.0
132.0
126.0
129.0
132.0
148.0
187.0
213.0
224.0
198.0
165.0
143.0
133.0
129.0
130.0
136.0
156.0
196.0
219.0
224.0
201.0
161.0
137.0
135.0
130.0
134.0
138.0
158.0
203.0
224.0
221.0
185.0
153.0
137.0
127.0
130.0
130.0
144.0
174.0
209.0
222.0
211.0
174.0
142.0
132.0
128.0
130.0
132.0
147.0
187.0
222.0
222.0
196.0
168.0
138.0
132.0
132.0
126.0
136.0
164.0
204.0
221.0
220.0
188.0
153.0
139.0
130.0
128.0
131.0
141.0
173.0
208.0
226.0
210.0
180.0
143.0
135.0
129.0
126.0
131.0
141.0
184.0
214.0
223.0
204.0
173.0
146.0
128.0
126.0
134.0
136.0
157.0
199.0
221.0
217.0
189.0
152.0
132.0
131.0
127.0
132.0
146.0
181.0
215.0
224.0
205.0
164.0
139.0
133.0
128.0
125.0
131.0
156.0
197.0
219.0
214.0
189.0
154.0
136.0
132.0
128.0
129.0
139.0
183.0
214.0
225.0
208.0
173.0
144.0
134.0
128.0
129.0
135.0
160.0
192.0
213.0
217.0
192.0
161.0
139.0
134.0
127.0
135.0
138.0
173.0
210.0
222.0
204.0
176.0
141.0
148.0
158.0
141.0
148.0
252.0
955.0
459.0
388.0
409.0
377.0
450.0
606.0
585.0
587.0
200.0
203.0
210.0
226.0
216.0
239.0
167.0
178.0
171.0
169.0
171.0
184.0
230.0
262.0
270.0
248.0
213.0
184.0
175.0
172.0
172.0
177.0
201.0
243.0
269.0
262.0
239.0
202.0
181.0
174.0
167.0
171.0
174.0
209.0
249.0
268.0
262.0
233.0
193.0
180.0
172.0
172.0
181.0
186.0
220.0
258.0
272.0
251.0
221.0
188.0
176.0
172.0
174.0
178.0
189.0
230.0
264.0
268.0
243.0
211.0
181.0
175.0
167.0
172.0
176.0
199.0
240.0
266.0
267.0
240.0
208.0
184.0
174.0
170.0
173.0
177.0
197.0
241.0
266.0
265.0
239.0
207.0
182.0
171.0
166.0
169.0
172.0
200.0
238.0
262.0
256.0
228.0
193.0
174.0
167.0
168.0
165.0
176.0
206.0
243.0
260.0
252.0
221.0
183.0
172.0
166.0
165.0
168.0
175.0
211.0
241.0
257.0
253.0
215.0
185.0
170.0
163.0
163.0
163.0
176.0
213.0
246.0
260.0
245.0
210.0
175.0
167.0
165.0
162.0
164.0
180.0
218.0
253.0
258.0
240.0
203.0
176.0
164.0
162.0
160.0
165.0
183.0
221.0
246.0
254.0
235.0
221.0
193.0
185.0
178.0
180.0
186.0
207.0
275.0
690.0
387.0
301.0
216.0
195.0
186.0
133.0
130.0
140.0
168.0
207.0
222.0
209.0
178.0
146.0
138.0
128.0
129.0
136.0
148.0
184.0
217.0
221.0
199.0
167.0
140.0
134.0
128.0
128.0
135.0
156.0
188.0
215.0
219.0
191.0
158.0
136.0
133.0
130.0
132.0
137.0
169.0
207.0
217.0
212.0
181.0
150.0
136.0
129.0
127.0
133.0
144.0
180.0
209.0
222.0
200.0
171.0
143.0
134.0
128.0
129.0
136.0
148.0
184.0
212.0
218.0
195.0
166.0
139.0
132.0
132.0
133.0
135.0
155.0
193.0
219.0
219.0
189.0
153.0
137.0
129.0
132.0
136.0
136.0
172.0
209.0
219.0
205.0
170.0
143.0
136.0
127.0
128.0
134.0
147.0
184.0
211.0
216.0
198.0
172.0
144.0
131.0
132.0
129.0
134.0
152.0
193.0
218.0
219.0
199.0
164.0
138.0
136.0
132.0
134.0
135.0
159.0
192.0
219.0
219.0
195.0
164.0
140.0
134.0
130.0
129.0
136.0
156.0
195.0
220.0
217.0
194.0
163.0
144.0
137.0
129.0
133.0
135.0
162.0
202.0
221.0
214.0
190.0
158.0
142.0
133.0
134.0
133.0
140.0
163.0
201.0
225.0
218.0
192.0
160.0
150.0
131.0
136.0
132.0
138.0
166.0
201.0
220.0
217.0
190.0
156.0
144.0
136.0
129.0
132.0
134.0
164.0
199.0
222.0
218.0
188.0
154.0
140.0
134.0
130.0
135.0
141.0
170.0
203.0
219.0
217.0
190.0
157.0
138.0
134.0
135.0
133.0
135.0
171.0
213.0
226.0
216.0
188.0
153.0
134.0
132.0
134.0
130.0
142.0
175.0
208.0
224.0
217.0
187.0
151.0
136.0
132.0
126.0
133.0
142.0
180.0
214.0
230.0
208.0
180.0
147.0
136.0
133.0
131.0
137.0
155.0
189.0
220.0
224.0
196.0
165.0
144.0
138.0
131.0
132.0
139.0
163.0
201.0
219.0
216.0
190.0
155.0
138.0
132.0
131.0
134.0
144.0
179.0
211.0
224.0
203.0
172.0
143.0
139.0
129.0
134.0
135.0
154.0
192.0
217.0
221.0
196.0
167.0
143.0
139.0
134.0
135.0
137.0
171.0
206.0
223.0
214.0
187.0
155.0
141.0
131.0
134.0
137.0
145.0
184.0
217.0
221.0
201.0
169.0
145.0
134.0
136.0
133.0
142.0
168.0
204.0
226.0
214.0
188.0
156.0
138.0
137.0
130.0
134.0
146.0
182.0
211.0
224.0
208.0
174.0
147.0
139.0
132.0
134.0
137.0
160.0
196.0
217.0
223.0
200.0
164.0
142.0
134.0
135.0
134.0
141.0
170.0
207.0
218.0
215.0
184.0
149.0
141.0
132.0
133.0
137.0
145.0
186.0
214.0
222.0
200.0
162.0
144.0
136.0
130.0
134.0
141.0
169.0
209.0
227.0
219.0
180.0
147.0
135.0
133.0
131.0
136.0
141.0
181.0
211.0
224.0
209.0
181.0
146.0
136.0
133.0
131.0
132.0
146.0
187.0
218.0
221.0
196.0
162.0
144.0
130.0
130.0
133.0
137.0
166.0
202.0
224.0
216.0
185.0
154.0
136.0
132.0
126.0
135.0
138.0
181.0
218.0
227.0
210.0
177.0
148.0
136.0
128.0
128.0
142.0
147.0
185.0
215.0
224.0
198.0
171.0
145.0
131.0
128.0
131.0
134.0
155.0
191.0
215.0
222.0
193.0
163.0
138.0
134.0
123.0
132.0
140.0
173.0
211.0
226.0
214.0
180.0
149.0
139.0
128.0
134.0
134.0
142.0
180.0
215.0
224.0
204.0
173.0
143.0
136.0
129.0
133.0
138.0
156.0
192.0
219.0
223.0
194.0
163.0
138.0
130.0
132.0
135.0
144.0
183.0
213.0
226.0
206.0
177.0
148.0
133.0
132.0
133.0
137.0
158.0
197.0
224.0
221.0
190.0
163.0
143.0
134.0
130.0
133.0
142.0
177.0
212.0
227.0
216.0
184.0
153.0
142.0
134.0
133.0
138.0
148.0
193.0
221.0
226.0
207.0
171.0
143.0
138.0
132.0
130.0
141.0
170.0
205.0
225.0
219.0
182.0
154.0
139.0
132.0
133.0
134.0
154.0
191.0
218.0
222.0
206.0
173.0
142.0
136.0
130.0
135.0
139.0
165.0
202.0
222.0
223.0
191.0
156.0
140.0
132.0
135.0
140.0
149.0
185.0
219.0
226.0
209.0
179.0
148.0
142.0
133.0
133.0
139.0
157.0
197.0
222.0
227.0
197.0
163.0
144.0
134.0
136.0
133.0
142.0
180.0
209.0
226.0
218.0
188.0
156.0
142.0
139.0
131.0
141.0
144.0
182.0
217.0
227.0
212.0
178.0
151.0
143.0
136.0
133.0
139.0
153.0
194.0
224.0
230.0
210.0
173.0
147.0
138.0
137.0
137.0
140.0
163.0
203.0
225.0
232.0
200.0
169.0
149.0
137.0
136.0
139.0
138.0
170.0
207.0
231.0
230.0
203.0
170.0
148.0
144.0
138.0
137.0
146.0
148.0
205.0
227.0
226.0
205.0
174.0
149.0
141.0
138.0
136.0
147.0
167.0
204.0
234.0
230.0
196.0
164.0
152.0
140.0
136.0
140.0
147.0
176.0
215.0
230.0
222.0
195.0
158.0
141.0
137.0
136.0
137.0
150.0
188.0
223.0
233.0
216.0
181.0
150.0
142.0
136.0
138.0
141.0
167.0
206.0
226.0
228.0
204.0
175.0
146.0
142.0
139.0
136.0
144.0
176.0
213.0
231.0
223.0
192.0
162.0
145.0
138.0
135.0
141.0
151.0
192.0
218.0
233.0
211.0
176.0
149.0
140.0
140.0
138.0
145.0
167.0
211.0
233.0
227.0
201.0
165.0
146.0
140.0
137.0
141.0
150.0
184.0
221.0
233.0
216.0
183.0
151.0
141.0
136.0
140.0
141.0
163.0
199.0
225.0
231.0
201.0
166.0
152.0
143.0
134.0
140.0
147.0
174.0
214.0
227.0
223.0
195.0
163.0
147.0
139.0
139.0
141.0
149.0
181.0
220.0
232.0
217.0
187.0
149.0
142.0
140.0
140.0
139.0
160.0
200.0
224.0
231.0
207.0
173.0
152.0
142.0
136.0
137.0
144.0
175.0
212.0
232.0
223.0
194.0
164.0
145.0
138.0
138.0
139.0
150.0
191.0
219.0
234.0
213.0
177.0
151.0
140.0
139.0
136.0
146.0
165.0
209.0
234.0
226.0
204.0
173.0
147.0
143.0
136.0
141.0
143.0
170.0
213.0
231.0
226.0
200.0
169.0
147.0
143.0
135.0
141.0
147.0
169.0
206.0
229.0
229.0
200.0
170.0
148.0
143.0
139.0
140.0
145.0
174.0
208.0
226.0
225.0
197.0
169.0
148.0
138.0
139.0
140.0
145.0
177.0
212.0
229.0
223.0
193.0
155.0
148.0
136.0
136.0
141.0
149.0
184.0
221.0
229.0
219.0
190.0
159.0
141.0
141.0
138.0
142.0
150.0
187.0
219.0
232.0
212.0
180.0
153.0
140.0
141.0
139.0
145.0
160.0
201.0
228.0
233.0
205.0
170.0
146.0
139.0
137.0
138.0
146.0
179.0
209.0
231.0
221.0
192.0
162.0
146.0
143.0
134.0
139.0
156.0
192.0
224.0
234.0
213.0
178.0
154.0
145.0
137.0
141.0
142.0
167.0
206.0
225.0
228.0
203.0
170.0
148.0
142.0
139.0
140.0
149.0
181.0
218.0
231.0
218.0
187.0
155.0
139.0
138.0
138.0
140.0
151.0
187.0
221.0
235.0
214.0
179.0
153.0
139.0
136.0
135.0
145.0
163.0
204.0
227.0
229.0
198.0
170.0
145.0
137.0
134.0
141.0
150.0
183.0
215.0
232.0
220.0
185.0
157.0
143.0
138.0
133.0
141.0
157.0
196.0
229.0
229.0
207.0
169.0
150.0
141.0
138.0
140.0
146.0
169.0
208.0
232.0
227.0
198.0
162.0
144.0
137.0
135.0
139.0
151.0
187.0
222.0
230.0
215.0
178.0
148.0
145.0
139.0
138.0
145.0
173.0
209.0
226.0
224.0
192.0
161.0
145.0
136.0
141.0
141.0
160.0
197.0
224.0
229.0
206.0
169.0
152.0
143.0
140.0
141.0
150.0
180.0
217.0
232.0
222.0
189.0
152.0
144.0
136.0
138.0
147.0
164.0
208.0
228.0
231.0
203.0
167.0
150.0
146.0
142.0
145.0
147.0
183.0
222.0
232.0
218.0
185.0
155.0
145.0
140.0
140.0
146.0
167.0
206.0
229.0
233.0
208.0
176.0
149.0
144.0
135.0
137.0
150.0
176.0
215.0
230.0
222.0
196.0
156.0
149.0
141.0
136.0
146.0
154.0
200.0
225.0
233.0
208.0
176.0
154.0
144.0
140.0
140.0
147.0
178.0
215.0
233.0
220.0
189.0
158.0
148.0
140.0
142.0
146.0
162.0
202.0
225.0
234.0
210.0
178.0
148.0
142.0
138.0
143.0
146.0
179.0
217.0
235.0
227.0
195.0
164.0
150.0
141.0
140.0
144.0
154.0
195.0
228.0
236.0
214.0
184.0
155.0
144.0
142.0
141.0
143.0
168.0
210.0
235.0
234.0
203.0
173.0
152.0
144.0
137.0
142.0
150.0
177.0
217.0
233.0
222.0
192.0
158.0
146.0
141.0
134.0
139.0
149.0
190.0
224.0
231.0
220.0
187.0
158.0
152.0
142.0
142.0
141.0
155.0
190.0
227.0
234.0
217.0
183.0
160.0
145.0
142.0
140.0
145.0
158.0
205.0
231.0
238.0
217.0
179.0
155.0
139.0
137.0
139.0
146.0
171.0
208.0
228.0
230.0
206.0
168.0
149.0
147.0
138.0
141.0
152.0
183.0
219.0
238.0
224.0
192.0
159.0
146.0
144.0
136.0
148.0
163.0
205.0
231.0
235.0
202.0
173.0
154.0
146.0
142.0
141.0
150.0
172.0
212.0
228.0
226.0
200.0
169.0
148.0
140.0
139.0
141.0
155.0
192.0
220.0
239.0
209.0
179.0
157.0
146.0
140.0
145.0
147.0
179.0
217.0
234.0
229.0
194.0
162.0
146.0
145.0
145.0
150.0
171.0
210.0
234.0
232.0
202.0
169.0
148.0
146.0
146.0
144.0
154.0
194.0
231.0
239.0
224.0
186.0
161.0
151.0
144.0
148.0
153.0
181.0
217.0
238.0
235.0
204.0
170.0
158.0
152.0
145.0
148.0
166.0
210.0
239.0
242.0
222.0
189.0
170.0
161.0
160.0
162.0
168.0
202.0
235.0
250.0
237.0
204.0
175.0
162.0
160.0
161.0
166.0
196.0
232.0
253.0
248.0
209.0
178.0
165.0
156.0
160.0
164.0
180.0
220.0
245.0
252.0
224.0
195.0
172.0
162.0
161.0
166.0
169.0
206.0
240.0
256.0
240.0
209.0
182.0
165.0
162.0
164.0
169.0
188.0
225.0
250.0
250.0
224.0
187.0
176.0
170.0
172.0
172.0
183.0
220.0
256.0
261.0
244.0
213.0
184.0
176.0
173.0
168.0
180.0
201.0
241.0
262.0
260.0
227.0
190.0
176.0
172.0
170.0
172.0
186.0
218.0
254.0
262.0
246.0
214.0
185.0
173.0
173.0
175.0
181.0
202.0
244.0
265.0
262.0
231.0
198.0
183.0
173.0
169.0
174.0
187.0
222.0
254.0
264.0
247.0
210.0
189.0
176.0
174.0
178.0
181.0
201.0
241.0
268.0
267.0
239.0
209.0
187.0
182.0
175.0
175.0
180.0
208.0
250.0
271.0
269.0
237.0
204.0
186.0
177.0
178.0
179.0
188.0
222.0
258.0
272.0
261.0
228.0
194.0
187.0
183.0
177.0
183.0
196.0
238.0
263.0
272.0
256.0
223.0
194.0
182.0
174.0
177.0
182.0
195.0
236.0
266.0
269.0
252.0
221.0
198.0
182.0
179.0
182.0
183.0
202.0
241.0
266.0
274.0
253.0
220.0
196.0
184.0
183.0
181.0
185.0
204.0
242.0
270.0
271.0
249.0
219.0
193.0
189.0
184.0
183.0
188.0
215.0
252.0
272.0
268.0
246.0
211.0
194.0
184.0
182.0
185.0
190.0
228.0
262.0
281.0
266.0
239.0
207.0
195.0
186.0
190.0
188.0
199.0
243.0
275.0
285.0
269.0
236.0
209.0
199.0
198.0
190.0
196.0
207.0
241.0
273.0
289.0
278.0
242.0
212.0
205.0
194.0
194.0
204.0
222.0
265.0
295.0
306.0
285.0
253.0
225.0
215.0
214.0
215.0
213.0
242.0
279.0
304.0
306.0
279.0
248.0
227.0
219.0
216.0
218.0
224.0
252.0
288.0
304.0
308.0
274.0
243.0
225.0
215.0
214.0
218.0
223.0
262.0
301.0
321.0
313.0
283.0
252.0
234.0
226.0
221.0
224.0
233.0
276.0
313.0
330.0
320.0
288.0
256.0
242.0
235.0
231.0
235.0
245.0
286.0
316.0
338.0
314.0
292.0
256.0
247.0
232.0
236.0
238.0
248.0
282.0
310.0
325.0
325.0
295.0
262.0
243.0
240.0
236.0
234.0
243.0
267.0
307.0
324.0
323.0
286.0
260.0
234.0
235.0
230.0
230.0
236.0
271.0
303.0
326.0
321.0
292.0
255.0
238.0
230.0
227.0
232.0
237.0
266.0
306.0
321.0
310.0
275.0
242.0
228.0
222.0
214.0
223.0
232.0
266.0
298.0
310.0
296.0
269.0
237.0
220.0
216.0
213.0
218.0
232.0
275.0
304.0
311.0
288.0
257.0
231.0
217.0
212.0
215.0
217.0
244.0
284.0
302.0
301.0
274.0
243.0
221.0
215.0
211.0
215.0
222.0
247.0
289.0
306.0
299.0
273.0
235.0
220.0
211.0
206.0
212.0
224.0
256.0
293.0
306.0
288.0
259.0
225.0
212.0
210.0
205.0
211.0
225.0
266.0
294.0
302.0
281.0
242.0
217.0
209.0
207.0
210.0
210.0
235.0
273.0
294.0
301.0
267.0
236.0
214.0
206.0
205.0
204.0
213.0
239.0
282.0
300.0
295.0
263.0
225.0
215.0
204.0
205.0
206.0
217.0
253.0
288.0
302.0
283.0
254.0
219.0
207.0
204.0
201.0
204.0
228.0
263.0
290.0
294.0
271.0
239.0
214.0
207.0
205.0
206.0
213.0
237.0
273.0
297.0
285.0
259.0
224.0
211.0
201.0
200.0
205.0
213.0
252.0
288.0
293.0
268.0
242.0
217.0
203.0
196.0
199.0
199.0
225.0
268.0
292.0
288.0
264.0
232.0
211.0
201.0
202.0
204.0
209.0
234.0
273.0
289.0
284.0
253.0
218.0
208.0
198.0
197.0
200.0
212.0
250.0
284.0
292.0
273.0
240.0
210.0
201.0
201.0
198.0
205.0
226.0
265.0
288.0
290.0
264.0
229.0
209.0
198.0
196.0
195.0
207.0
239.0
278.0
291.0
279.0
243.0
211.0
203.0
197.0
196.0
200.0
212.0
258.0
285.0
291.0
264.0
236.0
210.0
201.0
193.0
196.0
202.0
224.0
262.0
288.0
288.0
252.0
221.0
203.0
195.0
191.0
196.0
208.0
242.0
280.0
290.0
268.0
237.0
213.0
196.0
195.0
190.0
197.0
223.0
262.0
286.0
281.0
256.0
221.0
203.0
194.0
191.0
192.0
205.0
244.0
279.0
287.0
269.0
236.0
211.0
197.0
193.0
193.0
201.0
216.0
261.0
285.0
280.0
256.0
223.0
205.0
194.0
197.0
192.0
205.0
236.0
273.0
290.0
280.0
241.0
211.0
199.0
194.0
193.0
197.0
216.0
256.0
289.0
288.0
266.0
234.0
210.0
201.0
195.0
198.0
207.0
234.0
272.0
295.0
281.0
248.0
222.0
207.0
196.0
202.0
206.0
219.0
256.0
285.0
293.0
271.0
240.0
213.0
207.0
203.0
202.0
205.0
232.0
272.0
294.0
285.0
260.0
227.0
207.0
198.0
203.0
200.0
208.0
249.0
283.0
292.0
280.0
247.0
216.0
207.0
197.0
198.0
208.0
226.0
266.0
291.0
293.0
268.0
234.0
214.0
206.0
204.0
201.0
206.0
239.0
270.0
294.0
290.0
267.0
232.0
216.0
207.0
199.0
202.0
207.0
239.0
275.0
301.0
294.0
260.0
230.0
216.0
208.0
205.0
205.0
214.0
253.0
285.0
295.0
286.0
251.0
222.0
209.0
205.0
208.0
213.0
235.0
272.0
297.0
295.0
266.0
224.0
213.0
205.0
204.0
207.0
213.0
254.0
285.0
304.0
285.0
247.0
220.0
210.0
207.0
207.0
212.0
235.0
274.0
298.0
294.0
271.0
238.0
220.0
209.0
207.0
210.0
213.0
250.0
284.0
301.0
289.0
261.0
224.0
211.0
206.0
204.0
211.0
219.0
258.0
292.0
300.0
285.0
246.0
224.0
207.0
204.0
208.0
212.0
238.0
273.0
300.0
293.0
267.0
232.0
216.0
208.0
205.0
210.0
219.0
266.0
292.0
300.0
278.0
244.0
217.0
210.0
207.0
207.0
211.0
248.0
284.0
299.0
288.0
254.0
224.0
212.0
204.0
207.0
209.0
234.0
271.0
294.0
298.0
272.0
240.0
217.0
205.0
203.0
207.0
216.0
250.0
283.0
299.0
294.0
256.0
225.0
212.0
206.0
200.0
211.0
226.0
266.0
296.0
299.0
278.0
239.0
215.0
207.0
207.0
206.0
216.0
238.0
281.0
301.0
292.0
257.0
223.0
209.0
205.0
202.0
210.0
227.0
261.0
295.0
299.0
270.0
236.0
217.0
211.0
203.0
201.0
212.0
245.0
278.0
299.0
290.0
256.0
221.0
211.0
206.0
202.0
204.0
226.0
268.0
291.0
298.0
270.0
239.0
214.0
211.0
201.0
202.0
211.0
251.0
281.0
302.0
286.0
250.0
220.0
208.0
205.0
201.0
211.0
229.0
269.0
291.0
296.0
266.0
232.0
211.0
206.0
205.0
208.0
217.0
248.0
285.0
295.0
276.0
244.0
220.0
206.0
204.0
205.0
212.0
234.0
277.0
295.0
287.0
259.0
228.0
207.0
202.0
199.0
204.0
214.0
259.0
288.0
292.0
275.0
245.0
219.0
209.0
200.0
201.0
205.0
233.0
268.0
295.0
291.0
268.0
234.0
213.0
209.0
204.0
203.0
210.0
246.0
280.0
293.0
284.0
257.0
220.0
209.0
200.0
202.0
206.0
214.0
249.0
283.0
302.0
283.0
254.0
226.0
211.0
208.0
207.0
210.0
223.0
265.0
293.0
302.0
277.0
244.0
219.0
209.0
208.0
212.0
213.0
243.0
276.0
301.0
300.0
270.0
237.0
220.0
209.0
206.0
210.0
220.0
249.0
291.0
303.0
296.0
259.0
226.0
216.0
211.0
207.0
210.0
217.0
259.0
291.0
301.0
289.0
260.0
227.0
219.0
213.0
211.0
211.0
230.0
266.0
302.0
307.0
290.0
256.0
232.0
222.0
217.0
214.0
227.0
240.0
285.0
307.0
319.0
285.0
256.0
236.0
232.0
227.0
229.0
234.0
276.0
306.0
324.0
319.0
295.0
266.0
256.0
245.0
243.0
249.0
261.0
304.0
334.0
339.0
319.0
291.0
265.0
250.0
247.0
249.0
253.0
281.0
321.0
354.0
360.0
334.0
300.0
280.0
273.0
269.0
275.0
288.0
322.0
361.0
377.0
373.0
342.0
306.0
295.0
288.0
284.0
281.0
294.0
331.0
366.0
374.0
356.0
330.0
300.0
287.0
281.0
279.0
279.0
296.0
340.0
370.0
379.0
354.0
322.0
295.0
281.0
283.0
284.0
286.0
312.0
356.0
375.0
371.0
339.0
304.0
286.0
278.0
282.0
282.0
291.0
325.0
364.0
376.0
355.0
326.0
294.0
287.0
277.0
286.0
292.0
308.0
345.0
381.0
385.0
359.0
336.0
305.0
291.0
290.0
283.0
291.0
318.0
357.0
376.0
373.0
342.0
305.0
289.0
279.0
275.0
278.0
290.0
330.0
358.0
374.0
352.0
319.0
294.0
283.0
275.0
275.0
272.0
285.0
330.0
360.0
365.0
340.0
306.0
279.0
270.0
268.0
267.0
272.0
309.0
348.0
359.0
351.0
313.0
282.0
274.0
263.0
263.0
275.0
294.0
341.0
357.0
350.0
322.0
286.0
269.0
262.0
262.0
264.0
280.0
324.0
351.0
354.0
331.0
298.0
274.0
262.0
257.0
264.0
264.0
300.0
337.0
356.0
344.0
309.0
274.0
262.0
257.0
258.0
257.0
282.0
324.0
349.0
347.0
319.0
284.0
266.0
256.0
256.0
260.0
274.0
315.0
344.0
348.0
319.0
282.0
259.0
256.0
253.0
257.0
267.0
311.0
343.0
348.0
318.0
286.0
260.0
256.0
247.0
252.0
266.0
306.0
335.0
346.0
319.0
286.0
259.0
256.0
250.0
244.0
255.0
290.0
328.0
342.0
335.0
300.0
269.0
254.0
248.0
250.0
252.0
274.0
314.0
343.0
340.0
311.0
281.0
255.0
251.0
251.0
255.0
262.0
306.0
336.0
341.0
318.0
283.0
258.0
253.0
246.0
252.0
260.0
300.0
332.0
345.0
324.0
283.0
258.0
250.0
243.0
247.0
255.0
286.0
325.0
338.0
324.0
294.0
257.0
246.0
241.0
244.0
246.0
271.0
313.0
335.0
329.0
303.0
271.0
253.0
240.0
238.0
242.0
256.0
293.0
324.0
338.0
311.0
283.0
254.0
241.0
239.0
241.0
247.0
278.0
316.0
336.0
320.0
287.0
258.0
245.0
238.0
233.0
242.0
261.0
305.0
328.0
326.0
299.0
267.0
245.0
235.0
231.0
232.0
245.0
282.0
318.0
331.0
307.0
278.0
247.0
238.0
233.0
233.0
236.0
269.0
307.0
327.0
316.0
286.0
250.0
237.0
232.0
230.0
237.0
250.0
293.0
323.0
326.0
294.0
260.0
243.0
237.0
230.0
234.0
237.0
275.0
309.0
327.0
308.0
281.0
246.0
238.0
229.0
231.0
233.0
258.0
301.0
324.0
323.0
298.0
265.0
247.0
234.0
228.0
237.0
247.0
286.0
328.0
332.0
303.0
266.0
243.0
233.0
227.0
236.0
239.0
281.0
318.0
336.0
318.0
283.0
248.0
236.0
233.0
232.0
237.0
260.0
305.0
331.0
333.0
300.0
261.0
238.0
231.0
229.0
235.0
252.0
298.0
328.0
335.0
308.0
269.0
244.0
239.0
229.0
236.0
242.0
279.0
315.0
337.0
327.0
295.0
260.0
242.0
233.0
235.0
244.0
249.0
285.0
326.0
335.0
310.0
275.0
251.0
241.0
241.0
243.0
240.0
273.0
313.0
325.0
323.0
290.0
258.0
246.0
232.0
234.0
242.0
259.0
301.0
329.0
327.0
303.0
265.0
243.0
237.0
236.0
235.0
253.0
287.0
328.0
330.0
320.0
281.0
260.0
247.0
239.0
246.0
253.0
279.0
326.0
351.0
342.0
322.0
279.0
266.0
262.0
266.0
261.0
283.0
324.0
360.0
362.0
340.0
314.0
286.0
274.0
272.0
272.0
279.0
306.0
345.0
365.0
362.0
326.0
293.0
283.0
270.0
273.0
277.0
292.0
331.0
360.0
367.0
346.0
311.0
288.0
278.0
274.0
275.0
283.0
314.0
351.0
369.0
360.0
327.0
295.0
282.0
272.0
273.0
277.0
282.0
321.0
357.0
369.0
349.0
319.0
291.0
279.0
272.0
273.0
272.0
296.0
333.0
364.0
362.0
330.0
300.0
279.0
268.0
266.0
269.0
273.0
311.0
351.0
366.0
344.0
310.0
281.0
270.0
264.0
261.0
261.0
288.0
327.0
356.0
354.0
324.0
286.0
273.0
259.0
260.0
262.0
273.0
310.0
345.0
357.0
344.0
309.0
279.0
268.0
262.0
263.0
264.0
283.0
326.0
358.0
360.0
333.0
300.0
281.0
272.0
271.0
275.0
290.0
328.0
361.0
379.0
367.0
333.0
301.0
291.0
286.0
288.0
292.0
317.0
354.0
384.0
383.0
356.0
321.0
307.0
299.0
296.0
299.0
307.0
345.0
381.0
396.0
379.0
340.0
319.0
307.0
297.0
300.0
307.0
332.0
374.0
396.0
394.0
363.0
323.0
307.0
302.0
295.0
299.0
317.0
361.0
390.0
392.0
363.0
330.0
305.0
303.0
297.0
294.0
304.0
343.0
382.0
391.0
373.0
340.0
316.0
304.0
297.0
294.0
298.0
330.0
371.0
392.0
385.0
352.0
318.0
301.0
297.0
293.0
296.0
321.0
364.0
392.0
393.0
363.0
327.0
307.0
303.0
299.0
304.0
315.0
359.0
388.0
393.0
369.0
333.0
316.0
301.0
297.0
300.0
314.0
347.0
389.0
400.0
386.0
357.0
332.0
317.0
312.0
313.0
315.0
344.0
390.0
406.0
403.0
367.0
333.0
319.0
315.0
306.0
311.0
331.0
374.0
406.0
404.0
375.0
337.0
318.0
314.0
307.0
308.0
316.0
362.0
396.0
406.0
386.0
349.0
320.0
312.0
304.0
306.0
309.0
342.0
377.0
402.0
392.0
362.0
326.0
312.0
302.0
300.0
305.0
324.0
368.0
391.0
391.0
360.0
329.0
307.0
302.0
300.0
301.0
314.0
361.0
390.0
388.0
364.0
324.0
303.0
298.0
292.0
295.0
307.0
353.0
382.0
391.0
360.0
327.0
305.0
290.0
283.0
289.0
300.0
336.0
369.0
387.0
369.0
324.0
299.0
290.0
286.0
286.0
298.0
337.0
373.0
386.0
358.0
326.0
301.0
286.0
281.0
282.0
293.0
324.0
362.0
378.0
364.0
327.0
296.0
283.0
284.0
282.0
287.0
315.0
358.0
375.0
365.0
334.0
301.0
289.0
277.0
280.0
283.0
304.0
351.0
372.0
370.0
340.0
305.0
289.0
276.0
280.0
281.0
295.0
339.0
367.0
367.0
338.0
304.0
286.0
279.0
276.0
283.0
300.0
337.0
363.0
370.0
339.0
308.0
288.0
279.0
278.0
275.0
291.0
335.0
364.0
371.0
346.0
308.0
283.0
278.0
277.0
276.0
285.0
324.0
358.0
371.0
355.0
316.0
289.0
276.0
273.0
273.0
279.0
316.0
351.0
371.0
352.0
321.0
283.0
276.0
268.0
271.0
278.0
302.0
347.0
367.0
355.0
318.0
288.0
280.0
271.0
273.0
277.0
305.0
343.0
374.0
361.0
326.0
288.0
277.0
272.0
270.0
282.0
312.0
346.0
365.0
360.0
331.0
296.0
282.0
276.0
277.0
281.0
308.0
350.0
376.0
374.0
341.0
304.0
293.0
286.0
282.0
292.0
313.0
359.0
384.0
375.0
349.0
319.0
302.0
297.0
294.0
297.0
325.0
367.0
391.0
385.0
354.0
316.0
306.0
302.0
299.0
310.0
339.0
375.0
394.0
381.0
348.0
313.0
301.0
301.0
302.0
306.0
348.0
386.0
395.0
374.0
336.0
312.0
304.0
298.0
301.0
313.0
359.0
384.0
390.0
360.0
325.0
305.0
298.0
295.0
297.0
322.0
368.0
387.0
381.0
343.0
311.0
295.0
287.0
289.0
297.0
338.0
376.0
385.0
362.0
325.0
304.0
286.0
288.0
289.0
310.0
353.0
380.0
380.0
346.0
309.0
295.0
283.0
283.0
294.0
325.0
361.0
378.0
367.0
328.0
296.0
285.0
283.0
283.0
295.0
337.0
370.0
375.0
352.0
314.0
290.0
284.0
282.0
287.0
306.0
344.0
372.0
370.0
339.0
297.0
289.0
278.0
278.0
289.0
314.0
358.0
379.0
366.0
327.0
291.0
279.0
274.0
274.0
282.0
319.0
358.0
370.0
347.0
312.0
282.0
272.0
276.0
275.0
290.0
336.0
363.0
363.0
329.0
298.0
275.0
272.0
271.0
275.0
303.0
343.0
370.0
352.0
325.0
286.0
275.0
269.0
267.0
279.0
321.0
357.0
362.0
339.0
296.0
283.0
273.0
272.0
270.0
289.0
333.0
361.0
360.0
332.0
292.0
273.0
265.0
269.0
270.0
296.0
344.0
362.0
351.0
321.0
286.0
270.0
266.0
266.0
271.0
304.0
344.0
358.0
347.0
312.0
278.0
273.0
267.0
263.0
268.0
309.0
345.0
362.0
344.0
316.0
278.0
270.0
261.0
263.0
268.0
294.0
338.0
359.0
358.0
327.0
288.0
272.0
259.0
259.0
267.0
282.0
325.0
350.0
355.0
322.0
286.0
272.0
266.0
256.0
261.0
279.0
321.0
352.0
355.0
325.0
282.0
273.0
264.0
262.0
265.0
291.0
331.0
361.0
352.0
317.0
282.0
271.0
268.0
267.0
272.0
304.0
350.0
362.0
357.0
320.0
287.0
275.0
273.0
278.0
283.0
314.0
360.0
370.0
356.0
324.0
288.0
281.0
280.0
280.0
291.0
328.0
361.0
379.0
355.0
314.0
293.0
288.0
280.0
283.0
293.0
338.0
372.0
381.0
350.0
311.0
293.0
288.0
286.0
291.0
313.0
352.0
379.0
380.0
343.0
309.0
292.0
286.0
285.0
290.0
312.0
353.0
375.0
380.0
344.0
308.0
291.0
284.0
282.0
286.0
307.0
352.0
378.0
376.0
343.0
303.0
288.0
283.0
285.0
286.0
317.0
355.0
381.0
368.0
332.0
297.0
289.0
285.0
284.0
291.0
321.0
365.0
381.0
361.0
325.0
291.0
282.0
278.0
279.0
294.0
327.0
371.0
379.0
352.0
318.0
294.0
285.0
277.0
280.0
294.0
332.0
372.0
380.0
355.0
316.0
292.0
285.0
280.0
286.0
295.0
333.0
371.0
377.0
349.0
314.0
294.0
283.0
280.0
282.0
300.0
344.0
372.0
374.0
344.0
302.0
290.0
277.0
279.0
282.0
307.0
351.0
372.0
364.0
335.0
300.0
288.0
281.0
276.0
286.0
308.0
345.0
370.0
365.0
334.0
300.0
282.0
276.0
274.0
277.0
311.0
353.0
373.0
364.0
329.0
295.0
284.0
278.0
282.0
283.0
319.0
358.0
377.0
355.0
322.0
294.0
284.0
274.0
273.0
282.0
312.0
355.0
373.0
355.0
317.0
288.0
275.0
274.0
275.0
282.0
322.0
360.0
374.0
349.0
313.0
288.0
277.0
269.0
274.0
288.0
321.0
359.0
371.0
349.0
315.0
288.0
273.0
271.0
272.0
285.0
317.0
355.0
368.0
354.0
317.0
293.0
277.0
275.0
273.0
278.0
304.0
344.0
366.0
358.0
332.0
297.0
278.0
273.0
269.0
275.0
299.0
345.0
370.0
362.0
334.0
294.0
278.0
272.0
271.0
276.0
299.0
348.0
368.0
359.0
330.0
296.0
278.0
271.0
269.0
270.0
300.0
340.0
364.0
360.0
328.0
296.0
278.0
270.0
274.0
278.0
303.0
349.0
369.0
358.0
325.0
291.0
279.0
274.0
272.0
280.0
312.0
349.0
368.0
357.0
328.0
293.0
279.0
274.0
273.0
276.0
308.0
351.0
371.0
366.0
325.0
295.0
282.0
277.0
271.0
277.0
308.0
351.0
370.0
368.0
334.0
296.0
280.0
270.0
265.0
279.0
303.0
350.0
377.0
363.0
334.0
294.0
279.0
277.0
271.0
279.0
306.0
350.0
377.0
365.0
325.0
289.0
278.0
270.0
269.0
276.0
312.0
359.0
373.0
358.0
319.0
283.0
274.0
273.0
271.0
278.0
307.0
352.0
370.0
356.0
327.0
287.0
273.0
271.0
270.0
275.0
306.0
349.0
373.0
362.0
326.0
289.0
277.0
268.0
271.0
275.0
306.0
349.0
374.0
360.0
328.0
286.0
276.0
265.0
268.0
272.0
298.0
343.0
366.0
365.0
331.0
291.0
273.0
268.0
268.0
269.0
294.0
340.0
368.0
369.0
335.0
296.0
273.0
266.0
261.0
268.0
292.0
337.0
370.0
372.0
333.0
296.0
278.0
264.0
265.0
269.0
285.0
330.0
359.0
389.0
407.0
374.0
347.0
341.0
331.0
336.0
349.0
387.0
423.0
431.0
413.0
373.0
347.0
339.0
334.0
332.0
349.0
380.0
430.0
442.0
416.0
384.0
352.0
311.0
291.0
292.0
267.0
307.0
373.0
365.0
352.0
316.0
285.0
269.0
264.0
262.0
273.0
311.0
349.0
364.0
354.0
310.0
280.0
270.0
269.0
266.0
274.0
314.0
356.0
360.0
343.0
310.0
280.0
266.0
264.0
261.0
273.0
311.0
351.0
366.0
339.0
309.0
276.0
264.0
259.0
266.0
267.0
310.0
349.0
363.0
347.0
310.0
275.0
266.0
265.0
264.0
272.0
315.0
354.0
359.0
338.0
301.0
279.0
269.0
259.0
266.0
275.0
322.0
362.0
366.0
338.0
300.0
275.0
270.0
264.0
271.0
290.0
336.0
375.0
376.0
347.0
308.0
294.0
280.0
278.0
288.0
302.0
345.0
382.0
389.0
361.0
323.0
302.0
300.0
299.0
297.0
313.0
366.0
401.0
409.0
385.0
342.0
326.0
316.0
306.0
313.0
324.0
370.0
409.0
417.0
386.0
353.0
322.0
318.0
311.0
317.0
332.0
379.0
418.0
425.0
390.0
349.0
328.0
319.0
313.0
322.0
340.0
394.0
421.0
419.0
383.0
342.0
327.0
320.0
320.0
322.0
352.0
404.0
434.0
428.0
394.0
351.0
339.0
325.0
326.0
336.0
368.0
414.0
432.0
419.0
375.0
343.0
329.0
327.0
328.0
337.0
378.0
418.0
428.0
409.0
364.0
334.0
324.0
319.0
326.0
340.0
387.0
421.0
424.0
388.0
349.0
329.0
322.0
318.0
322.0
347.0
390.0
422.0
411.0
373.0
336.0
323.0
311.0
310.0
320.0
355.0
393.0
414.0
402.0
362.0
327.0
316.0
308.0
307.0
316.0
352.0
397.0
411.0
394.0
359.0
324.0
305.0
305.0
302.0
312.0
347.0
393.0
411.0
389.0
347.0
315.0
307.0
296.0
302.0
311.0
350.0
392.0
402.0
378.0
342.0
316.0
302.0
302.0
304.0
313.0
354.0
391.0
401.0
370.0
333.0
309.0
298.0
297.0
298.0
311.0
358.0
388.0
393.0
370.0
332.0
304.0
297.0
297.0
301.0
315.0
357.0
387.0
395.0
361.0
339.0
308.0
306.0
300.0
303.0
321.0
361.0
398.0
395.0
378.0
340.0
318.0
306.0
306.0
312.0
334.0
378.0
406.0
408.0
375.0
340.0
326.0
316.0
318.0
320.0
342.0
391.0
416.0
418.0
390.0
348.0
336.0
330.0
329.0
337.0
360.0
405.0
430.0
430.0
398.0
359.0
346.0
344.0
336.0
347.0
372.0
420.0
438.0
435.0
401.0
367.0
355.0
348.0
347.0
350.0
382.0
426.0
447.0
438.0
403.0
369.0
358.0
348.0
352.0
358.0
389.0
429.0
453.0
434.0
397.0
365.0
354.0
351.0
347.0
354.0
392.0
430.0
446.0
430.0
387.0
358.0
350.0
348.0
348.0
360.0
396.0
434.0
445.0
425.0
384.0
360.0
349.0
337.0
342.0
352.0
391.0
430.0
440.0
420.0
382.0
353.0
343.0
336.0
343.0
353.0
403.0
421.0
441.0
423.0
389.0
365.0
360.0
360.0
360.0
374.0
416.0
451.0
464.0
435.0
395.0
374.0
365.0
361.0
363.0
389.0
430.0
461.0
460.0
424.0
393.0
373.0
367.0
365.0
368.0
394.0
434.0
463.0
456.0
424.0
382.0
377.0
362.0
366.0
368.0
399.0
448.0
464.0
454.0
420.0
386.0
365.0
360.0
363.0
369.0
409.0
445.0
470.0
459.0
421.0
389.0
368.0
362.0
363.0
371.0
423.0
449.0
466.0
449.0
413.0
383.0
367.0
365.0
364.0
372.0
404.0
445.0
457.0
439.0
404.0
370.0
361.0
355.0
356.0
360.0
399.0
433.0
450.0
422.0
391.0
363.0
347.0
345.0
345.0
352.0
396.0
432.0
436.0
413.0
372.0
350.0
335.0
337.0
338.0
355.0
401.0
425.0
429.0
392.0
358.0
338.0
331.0
329.0
332.0
369.0
408.0
423.0
406.0
375.0
344.0
329.0
321.0
324.0
334.0
371.0
411.0
418.0
390.0
357.0
334.0
322.0
322.0
325.0
338.0
382.0
414.0
413.0
385.0
354.0
327.0
322.0
318.0
320.0
335.0
380.0
405.0
406.0
376.0
336.0
320.0
314.0
312.0
317.0
337.0
376.0
402.0
403.0
365.0
333.0
313.0
306.0
310.0
314.0
346.0
386.0
402.0
390.0
358.0
323.0
315.0
307.0
307.0
313.0
349.0
385.0
405.0
384.0
353.0
319.0
305.0
301.0
305.0
312.0
344.0
387.0
395.0
380.0
350.0
320.0
306.0
300.0
295.0
306.0
335.0
377.0
393.0
384.0
357.0
317.0
306.0
298.0
292.0
300.0
322.0
365.0
388.0
390.0
359.0
322.0
305.0
295.0
296.0
294.0
309.0
351.0
385.0
388.0
366.0
328.0
304.0
291.0
293.0
291.0
298.0
339.0
376.0
386.0
370.0
336.0
303.0
296.0
292.0
289.0
297.0
326.0
366.0
384.0
373.0
342.0
315.0
298.0
293.0
300.0
301.0
316.0
356.0
386.0
385.0
363.0
327.0
302.0
289.0
286.0
290.0
299.0
326.0
372.0
390.0
379.0
346.0
310.0
296.0
290.0
288.0
289.0
305.0
348.0
384.0
390.0
366.0
336.0
304.0
294.0
285.0
286.0
292.0
330.0
374.0
392.0
385.0
350.0
312.0
297.0
290.0
286.0
293.0
314.0
357.0
388.0
391.0
363.0
323.0
306.0
289.0
292.0
292.0
299.0
341.0
378.0
394.0
384.0
348.0
315.0
294.0
290.0
288.0
295.0
310.0
356.0
386.0
392.0
364.0
327.0
304.0
289.0
289.0
292.0
298.0
338.0
377.0
392.0
374.0
340.0
305.0
294.0
287.0
286.0
293.0
316.0
364.0
385.0
391.0
351.0
314.0
299.0
289.0
283.0
285.0
295.0
341.0
376.0
392.0
367.0
327.0
298.0
287.0
282.0
285.0
286.0
322.0
365.0
383.0
373.0
346.0
303.0
291.0
284.0
282.0
285.0
309.0
359.0
384.0
380.0
348.0
309.0
285.0
278.0
277.0
280.0
294.0
343.0
377.0
383.0
360.0
324.0
292.0
283.0
277.0
276.0
291.0
324.0
370.0
381.0
365.0
331.0
299.0
282.0
278.0
275.0
278.0
305.0
350.0
378.0
377.0
341.0
303.0
286.0
280.0
272.0
273.0
286.0
331.0
364.0
378.0
359.0
324.0
294.0
282.0
275.0
272.0
281.0
304.0
350.0
379.0
370.0
343.0
302.0
282.0
273.0
275.0
275.0
285.0
328.0
366.0
372.0
356.0
317.0
289.0
275.0
271.0
273.0
277.0
311.0
352.0
371.0
360.0
329.0
293.0
277.0
272.0
267.0
270.0
292.0
334.0
369.0
368.0
339.0
303.0
277.0
273.0
265.0
267.0
276.0
319.0
354.0
370.0
358.0
322.0
291.0
274.0
284.0
272.0
271.0
288.0
340.0
360.0
363.0
326.0
296.0
278.0
270.0
267.0
269.0
283.0
323.0
358.0
358.0
338.0
303.0
287.0
270.0
269.0
265.0
274.0
309.0
347.0
369.0
354.0
319.0
283.0
268.0
263.0
261.0
268.0
291.0
336.0
362.0
365.0
329.0
290.0
276.0
264.0
263.0
265.0
277.0
319.0
352.0
369.0
349.0
314.0
278.0
266.0
264.0
261.0
269.0
306.0
346.0
368.0
356.0
317.0
283.0
270.0
262.0
264.0
265.0
296.0
339.0
362.0
358.0
326.0
294.0
271.0
262.0
258.0
262.0
276.0
315.0
350.0
364.0
346.0
306.0
278.0
265.0
260.0
257.0
270.0
305.0
342.0
365.0
350.0
320.0
282.0
271.0
265.0
259.0
263.0
275.0
327.0
355.0
363.0
337.0
299.0
273.0
264.0
258.0
261.0
268.0
306.0
346.0
365.0
349.0
317.0
282.0
268.0
259.0
260.0
264.0
281.0
325.0
353.0
358.0
334.0
298.0
273.0
260.0
261.0
261.0
270.0
312.0
351.0
365.0
345.0
307.0
279.0
265.0
269.0
263.0
267.0
297.0
339.0
355.0
352.0
432.0
371.0
385.0
383.0
386.0
393.0
418.0
458.0
488.0
498.0
470.0
435.0
410.0
408.0
401.0
403.0
410.0
448.0
484.0
506.0
484.0
460.0
425.0
412.0
409.0
411.0
420.0
442.0
489.0
513.0
512.0
482.0
450.0
432.0
428.0
425.0
427.0
440.0
481.0
520.0
528.0
508.0
474.0
448.0
443.0
441.0
448.0
456.0
490.0
532.0
550.0
535.0
509.0
474.0
460.0
457.0
454.0
462.0
489.0
533.0
557.0
553.0
523.0
488.0
472.0
467.0
463.0
470.0
489.0
531.0
562.0
560.0
535.0
495.0
478.0
467.0
463.0
478.0
490.0
530.0
565.0
576.0
555.0
520.0
494.0
484.0
478.0
480.0
495.0
527.0
566.0
584.0
566.0
534.0
501.0
485.0
476.0
482.0
486.0
518.0
559.0
582.0
574.0
539.0
504.0
488.0
478.0
479.0
484.0
504.0
547.0
562.0
573.0
546.0
509.0
488.0
481.0
474.0
481.0
490.0
537.0
573.0
570.0
542.0
507.0
485.0
478.0
472.0
478.0
489.0
530.0
562.0
576.0
550.0
516.0
484.0
469.0
469.0
473.0
482.0
517.0
554.0
570.0
556.0
525.0
494.0
477.0
471.0
473.0
476.0
499.0
548.0
567.0
566.0
527.0
489.0
475.0
467.0
466.0
474.0
495.0
538.0
560.0
554.0
529.0
490.0
474.0
464.0
460.0
470.0
482.0
531.0
559.0
555.0
525.0
487.0
469.0
461.0
457.0
468.0
482.0
522.0
550.0
559.0
526.0
491.0
470.0
460.0
456.0
458.0
467.0
507.0
549.0
552.0
536.0
498.0
470.0
459.0
452.0
453.0
460.0
493.0
532.0
549.0
544.0
513.0
478.0
463.0
456.0
454.0
459.0
476.0
524.0
552.0
546.0
519.0
480.0
463.0
452.0
450.0
454.0
471.0
515.0
544.0
545.0
518.0
486.0
460.0
452.0
449.0
451.0
466.0
505.0
540.0
553.0
525.0
490.0
470.0
454.0
448.0
448.0
459.0
495.0
533.0
545.0
528.0
492.0
464.0
452.0
448.0
450.0
449.0
494.0
535.0
544.0
526.0
494.0
463.0
449.0
446.0
445.0
450.0
487.0
528.0
540.0
528.0
493.0
460.0
447.0
439.0
442.0
447.0
480.0
521.0
539.0
528.0
495.0
462.0
447.0
443.0
439.0
448.0
470.0
515.0
540.0
531.0
501.0
465.0
450.0
443.0
442.0
448.0
473.0
520.0
537.0
534.0
503.0
466.0
447.0
444.0
440.0
444.0
463.0
512.0
539.0
536.0
501.0
465.0
448.0
441.0
437.0
443.0
460.0
509.0
539.0
531.0
502.0
464.0
448.0
438.0
439.0
439.0
465.0
506.0
535.0
532.0
500.0
463.0
447.0
437.0
439.0
437.0
464.0
508.0
530.0
527.0
492.0
463.0
440.0
432.0
435.0
438.0
465.0
504.0
530.0
522.0
486.0
455.0
442.0
430.0
432.0
439.0
472.0
510.0
533.0
514.0
482.0
451.0
438.0
427.0
417.0
418.0
443.0
476.0
485.0
457.0
421.0
387.0
374.0
374.0
374.0
384.0
438.0
466.0
470.0
435.0
401.0
378.0
353.0
340.0
342.0
364.0
404.0
432.0
427.0
390.0
352.0
343.0
327.0
334.0
338.0
379.0
413.0
426.0
402.0
365.0
340.0
330.0
329.0
327.0
345.0
392.0
419.0
419.0
388.0
343.0
332.0
326.0
327.0
329.0
362.0
405.0
425.0
403.0
366.0
320.0
311.0
300.0
312.0
313.0
369.0
400.0
402.0
374.0
339.0
316.0
308.0
307.0
304.0
323.0
373.0
401.0
406.0
371.0
334.0
309.0
306.0
304.0
308.0
330.0
373.0
398.0
393.0
366.0
329.0
316.0
308.0
309.0
311.0
336.0
381.0
403.0
399.0
363.0
331.0
314.0
310.0
311.0
317.0
345.0
386.0
410.0
399.0
364.0
330.0
320.0
314.0
316.0
320.0
360.0
398.0
414.0
389.0
353.0
326.0
318.0
315.0
320.0
331.0
383.0
414.0
407.0
379.0
339.0
328.0
317.0
320.0
324.0
358.0
398.0
414.0
402.0
363.0
329.0
323.0
318.0
321.0
329.0
378.0
412.0
416.0
387.0
347.0
329.0
318.0
317.0
322.0
346.0
392.0
416.0
406.0
374.0
339.0
329.0
316.0
318.0
324.0
365.0
405.0
416.0
398.0
363.0
335.0
326.0
317.0
322.0
331.0
375.0
408.0
420.0
388.0
351.0
331.0
320.0
323.0
324.0
342.0
386.0
414.0
409.0
376.0
340.0
328.0
321.0
320.0
321.0
348.0
395.0
414.0
406.0
373.0
339.0
322.0
318.0
320.0
323.0
360.0
403.0
414.0
395.0
358.0
332.0
323.0
315.0
315.0
334.0
377.0
410.0
413.0
385.0
346.0
326.0
318.0
317.0
316.0
342.0
385.0
414.0
410.0
375.0
338.0
325.0
315.0
317.0
329.0
355.0
394.0
414.0
392.0
360.0
332.0
319.0
314.0
318.0
328.0
372.0
407.0
414.0
385.0
348.0
328.0
318.0
317.0
322.0
341.0
387.0
417.0
414.0
379.0
338.0
331.0
325.0
324.0
334.0
373.0
414.0
424.0
400.0
363.0
344.0
335.0
329.0
337.0
358.0
404.0
427.0
427.0
395.0
359.0
343.0
338.0
338.0
342.0
370.0
415.0
431.0
422.0
386.0
357.0
346.0
338.0
337.0
348.0
388.0
428.0
440.0
411.0
376.0
349.0
336.0
338.0
344.0
368.0
410.0
439.0
435.0
395.0
365.0
345.0
345.0
348.0
355.0
397.0
441.0
449.0
422.0
390.0
366.0
357.0
350.0
358.0
383.0
426.0
450.0
443.0
407.0
371.0
355.0
357.0
351.0
360.0
402.0
439.0
448.0
422.0
386.0
364.0
351.0
343.0
353.0
366.0
412.0
445.0
441.0
405.0
366.0
353.0
344.0
343.0
351.0
380.0
425.0
441.0
428.0
389.0
360.0
347.0
346.0
343.0
358.0
401.0
434.0
437.0
400.0
364.0
350.0
340.0
338.0
344.0
382.0
424.0
444.0
415.0
377.0
345.0
336.0
333.0
341.0
361.0
407.0
435.0
428.0
388.0
356.0
344.0
336.0
333.0
343.0
383.0
418.0
434.0
409.0
377.0
346.0
336.0
335.0
335.0
348.0
392.0
427.0
425.0
399.0
359.0
342.0
333.0
332.0
332.0
357.0
400.0
425.0
425.0
388.0
355.0
339.0
329.0
332.0
338.0
370.0
411.0
428.0
411.0
373.0
342.0
333.0
329.0
330.0
342.0
388.0
419.0
427.0
397.0
358.0
340.0
322.0
331.0
332.0
357.0
400.0
425.0
411.0
376.0
347.0
332.0
326.0
328.0
338.0
378.0
416.0
427.0
397.0
357.0
339.0
327.0
328.0
335.0
361.0
409.0
429.0
418.0
381.0
351.0
336.0
336.0
335.0
348.0
390.0
424.0
431.0
400.0
364.0
342.0
337.0
337.0
341.0
373.0
419.0
435.0
419.0
386.0
352.0
343.0
339.0
339.0
351.0
394.0
427.0
435.0
405.0
366.0
347.0
341.0
340.0
345.0
370.0
410.0
435.0
430.0
392.0
354.0
345.0
340.0
343.0
350.0
392.0
427.0
439.0
414.0
380.0
353.0
339.0
340.0
342.0
355.0
403.0
435.0
439.0
409.0
369.0
354.0
348.0
341.0
349.0
371.0
420.0
443.0
439.0
403.0
368.0
348.0
351.0
354.0
362.0
403.0
438.0
454.0
431.0
389.0
372.0
359.0
357.0
360.0
398.0
446.0
468.0
457.0
422.0
387.0
374.0
365.0
370.0
382.0
425.0
460.0
465.0
438.0
401.0
375.0
371.0
368.0
371.0
403.0
447.0
465.0
454.0
418.0
389.0
374.0
371.0
372.0
384.0
432.0
464.0
471.0
452.0
411.0
390.0
381.0
380.0
381.0
406.0
449.0
478.0
473.0
442.0
404.0
387.0
382.0
384.0
390.0
423.0
465.0
484.0
470.0
432.0
395.0
389.0
387.0
384.0
390.0
437.0
472.0
477.0
450.0
410.0
393.0
382.0
384.0
388.0
417.0
462.0
484.0
469.0
430.0
395.0
385.0
382.0
385.0
399.0
443.0
479.0
479.0
447.0
408.0
394.0
384.0
384.0
392.0
420.0
467.0
489.0
470.0
430.0
403.0
394.0
385.0
388.0
401.0
443.0
480.0
485.0
454.0
416.0
397.0
391.0
384.0
391.0
416.0
462.0
483.0
473.0
435.0
404.0
392.0
387.0
387.0
393.0
434.0
470.0
484.0
461.0
424.0
395.0
382.0
383.0
385.0
405.0
453.0
482.0
480.0
442.0
407.0
397.0
388.0
390.0
401.0
440.0
484.0
490.0
470.0
426.0
404.0
395.0
393.0
397.0
418.0
462.0
490.0
483.0
452.0
411.0
398.0
392.0
393.0
400.0
437.0
478.0
490.0
468.0
429.0
402.0
397.0
389.0
392.0
406.0
453.0
484.0
484.0
450.0
410.0
394.0
388.0
382.0
389.0
417.0
460.0
484.0
475.0
437.0
403.0
386.0
383.0
381.0
388.0
420.0
460.0
478.0
461.0
425.0
393.0
383.0
376.0
379.0
385.0
426.0
464.0
476.0
451.0
416.0
389.0
374.0
374.0
372.0
384.0
425.0
464.0
468.0
446.0
409.0
384.0
370.0
368.0
366.0
383.0
427.0
461.0
464.0
438.0
396.0
379.0
369.0
364.0
370.0
380.0
425.0
457.0
460.0
430.0
396.0
374.0
363.0
359.0
365.0
386.0
425.0
455.0
456.0
425.0
387.0
366.0
362.0
360.0
362.0
386.0
429.0
454.0
457.0
423.0
384.0
366.0
360.0
361.0
357.0
386.0
425.0
453.0
453.0
414.0
382.0
360.0
358.0
355.0
362.0
380.0
425.0
449.0
448.0
418.0
383.0
364.0
358.0
355.0
357.0
379.0
419.0
447.0
446.0
417.0
379.0
359.0
354.0
350.0
357.0
384.0
427.0
451.0
440.0
405.0
370.0
359.0
351.0
349.0
350.0
378.0
423.0
442.0
442.0
410.0
375.0
356.0
352.0
348.0
350.0
367.0
409.0
433.0
444.0
415.0
381.0
356.0
349.0
344.0
345.0
356.0
389.0
425.0
447.0
426.0
394.0
359.0
348.0
343.0
342.0
349.0
374.0
420.0
440.0
434.0
405.0
367.0
350.0
342.0
338.0
341.0
351.0
392.0
429.0
440.0
413.0
379.0
354.0
340.0
338.0
343.0
341.0
373.0
412.0
435.0
421.0
391.0
359.0
344.0
337.0
336.0
341.0
350.0
392.0
429.0
432.0
409.0
375.0
344.0
337.0
336.0
338.0
342.0
372.0
413.0
431.0
423.0
394.0
355.0
344.0
335.0
331.0
337.0
348.0
384.0
422.0
429.0
409.0
374.0
348.0
333.0
327.0
331.0
337.0
368.0
409.0
428.0
416.0
387.0
353.0
339.0
330.0
328.0
331.0
342.0
386.0
416.0
425.0
408.0
369.0
342.0
330.0
326.0
326.0
332.0
357.0
401.0
420.0
418.0
384.0
350.0
334.0
326.0
325.0
329.0
342.0
378.0
413.0
418.0
400.0
367.0
341.0
330.0
323.0
325.0
327.0
352.0
393.0
415.0
418.0
387.0
352.0
336.0
324.0
320.0
324.0
327.0
367.0
402.0
423.0
405.0
372.0
345.0
328.0
325.0
320.0
328.0
337.0
375.0
408.0
417.0
403.0
362.0
338.0
326.0
319.0
322.0
320.0
345.0
380.0
415.0
412.0
391.0
348.0
331.0
322.0
315.0
317.0
321.0
353.0
392.0
414.0
405.0
373.0
339.0
327.0
317.0
312.0
320.0
329.0
373.0
403.0
413.0
388.0
354.0
328.0
315.0
314.0
313.0
323.0
358.0
401.0
418.0
400.0
366.0
332.0
318.0
311.0
310.0
320.0
332.0
377.0
403.0
409.0
384.0
348.0
326.0
315.0
310.0
312.0
318.0
356.0
395.0
411.0
393.0
364.0
331.0
318.0
310.0
307.0
316.0
338.0
382.0
404.0
405.0
374.0
334.0
320.0
310.0
310.0
312.0
324.0
362.0
397.0
405.0
386.0
354.0
325.0
311.0
309.0
311.0
314.0
339.0
381.0
403.0
398.0
371.0
334.0
319.0
311.0
309.0
307.0
312.0
353.0
387.0
403.0
388.0
357.0
325.0
313.0
301.0
306.0
306.0
327.0
366.0
399.0
403.0
375.0
342.0
320.0
310.0
305.0
305.0
310.0
340.0
381.0
404.0
395.0
366.0
327.0
312.0
309.0
305.0
302.0
314.0
359.0
393.0
403.0
385.0
346.0
318.0
305.0
305.0
303.0
312.0
336.0
375.0
398.0
395.0
366.0
331.0
311.0
307.0
301.0
303.0
313.0
352.0
389.0
401.0
381.0
349.0
320.0
309.0
301.0
299.0
304.0
333.0
372.0
397.0
395.0
364.0
330.0
310.0
304.0
302.0
302.0
311.0
350.0
386.0
401.0
382.0
346.0
319.0
306.0
300.0
297.0
304.0
328.0
367.0
391.0
392.0
362.0
330.0
312.0
307.0
298.0
304.0
313.0
347.0
378.0
395.0
374.0
343.0
315.0
304.0
300.0
301.0
302.0
332.0
372.0
394.0
386.0
356.0
320.0
306.0
302.0
296.0
298.0
316.0
356.0
389.0
400.0
368.0
333.0
313.0
299.0
296.0
301.0
303.0
344.0
380.0
397.0
388.0
352.0
320.0
306.0
304.0
300.0
304.0
320.0
359.0
391.0
400.0
375.0
340.0
314.0
308.0
301.0
301.0
309.0
342.0
381.0
396.0
388.0
359.0
320.0
307.0
301.0
301.0
306.0
318.0
362.0
391.0
397.0
377.0
342.0
317.0
305.0
298.0
303.0
308.0
342.0
382.0
398.0
388.0
358.0
325.0
310.0
301.0
301.0
302.0
317.0
359.0
390.0
400.0
380.0
347.0
318.0
310.0
304.0
303.0
303.0
327.0
369.0
392.0
395.0
367.0
327.0
314.0
302.0
300.0
305.0
310.0
351.0
388.0
400.0
381.0
347.0
317.0
305.0
301.0
299.0
304.0
334.0
378.0
394.0
392.0
359.0
325.0
310.0
297.0
302.0
300.0
312.0
359.0
387.0
400.0
378.0
340.0
314.0
306.0
298.0
299.0
304.0
333.0
373.0
394.0
389.0
354.0
323.0
308.0
302.0
297.0
299.0
318.0
358.0
391.0
397.0
374.0
340.0
314.0
303.0
299.0
297.0
302.0
333.0
373.0
398.0
394.0
357.0
325.0
307.0
298.0
300.0
300.0
306.0
348.0
384.0
396.0
378.0
346.0
314.0
306.0
299.0
297.0
298.0
318.0
359.0
389.0
391.0
370.0
336.0
311.0
301.0
297.0
298.0
302.0
336.0
376.0
395.0
384.0
354.0
320.0
307.0
296.0
294.0
300.0
315.0
356.0
388.0
396.0
371.0
337.0
311.0
302.0
297.0
299.0
302.0
334.0
373.0
395.0
386.0
357.0
318.0
304.0
295.0
296.0
298.0
317.0
358.0
389.0
394.0
366.0
335.0
306.0
302.0
294.0
298.0
306.0
343.0
382.0
393.0
381.0
345.0
314.0
303.0
296.0
296.0
302.0
324.0
364.0
390.0
388.0
359.0
329.0
305.0
297.0
295.0
294.0
306.0
345.0
378.0
392.0
374.0
344.0
311.0
302.0
292.0
297.0
306.0
323.0
366.0
393.0
386.0
358.0
325.0
306.0
299.0
292.0
295.0
309.0
350.0
379.0
393.0
373.0
336.0
308.0
302.0
297.0
296.0
301.0
328.0
369.0
387.0
387.0
358.0
318.0
305.0
296.0
293.0
294.0
308.0
346.0
384.0
392.0
368.0
336.0
310.0
298.0
290.0
295.0
300.0
328.0
366.0
390.0
384.0
356.0
322.0
305.0
293.0
292.0
297.0
313.0
355.0
384.0
390.0
367.0
333.0
307.0
298.0
294.0
294.0
300.0
331.0
373.0
388.0
380.0
344.0
312.0
299.0
295.0
291.0
294.0
320.0
359.0
388.0
381.0
356.0
323.0
313.0
296.0
290.0
290.0
310.0
341.0
384.0
392.0
363.0
329.0
304.0
297.0
294.0
295.0
301.0
342.0
378.0
392.0
368.0
338.0
309.0
299.0
292.0
299.0
314.0
347.0
393.0
413.0
420.0
396.0
360.0
342.0
332.0
329.0
329.0
342.0
381.0
416.0
431.0
413.0
379.0
348.0
332.0
325.0
329.0
330.0
355.0
403.0
426.0
419.0
391.0
349.0
340.0
329.0
327.0
329.0
344.0
386.0
421.0
427.0
401.0
368.0
346.0
326.0
323.0
317.0
322.0
359.0
392.0
414.0
396.0
360.0
327.0
313.0
307.0
309.0
316.0
349.0
387.0
405.0
400.0
358.0
328.0
318.0
309.0
310.0
315.0
341.0
384.0
408.0
398.0
368.0
331.0
318.0
312.0
315.0
315.0
336.0
382.0
406.0
405.0
372.0
330.0
313.0
303.0
301.0
310.0
326.0
367.0
401.0
407.0
384.0
342.0
316.0
309.0
305.0
306.0
314.0
348.0
394.0
411.0
400.0
354.0
326.0
309.0
302.0
304.0
308.0
341.0
387.0
417.0
412.0
381.0
344.0
321.0
312.0
308.0
308.0
324.0
374.0
412.0
417.0
387.0
348.0
320.0
305.0
306.0
310.0
322.0
358.0
407.0
420.0
401.0
360.0
321.0
316.0
308.0
306.0
309.0
341.0
385.0
411.0
421.0
384.0
348.0
317.0
312.0
308.0
323.0
321.0
359.0
401.0
418.0
405.0
366.0
325.0
315.0
310.0
308.0
308.0
327.0
374.0
404.0
410.0
376.0
341.0
318.0
309.0
308.0
309.0
315.0
359.0
395.0
409.0
391.0
357.0
322.0
309.0
304.0
302.0
310.0
331.0
378.0
404.0
406.0
379.0
344.0
319.0
302.0
301.0
303.0
317.0
357.0
396.0
407.0
385.0
345.0
318.0
306.0
300.0
302.0
309.0
340.0
388.0
405.0
393.0
355.0
316.0
303.0
300.0
298.0
304.0
324.0
369.0
397.0
409.0
374.0
340.0
314.0
305.0
299.0
303.0
305.0
352.0
393.0
401.0
389.0
352.0
321.0
302.0
302.0
297.0
306.0
333.0
377.0
404.0
399.0
366.0
328.0
311.0
301.0
299.0
301.0
315.0
361.0
398.0
405.0
379.0
340.0
312.0
301.0
297.0
304.0
309.0
345.0
390.0
404.0
385.0
354.0
319.0
308.0
299.0
302.0
305.0
334.0
381.0
402.0
399.0
361.0
326.0
309.0
301.0
298.0
302.0
316.0
363.0
400.0
406.0
378.0
341.0
315.0
299.0
299.0
300.0
310.0
352.0
386.0
409.0
388.0
345.0
323.0
307.0
297.0
297.0
301.0
331.0
379.0
398.0
396.0
365.0
322.0
308.0
299.0
299.0
301.0
312.0
355.0
392.0
402.0
379.0
344.0
312.0
300.0
299.0
298.0
305.0
336.0
382.0
398.0
391.0
358.0
324.0
303.0
297.0
294.0
300.0
316.0
370.0
401.0
398.0
369.0
332.0
312.0
297.0
294.0
296.0
306.0
345.0
384.0
402.0
382.0
346.0
311.0
300.0
294.0
293.0
302.0
336.0
378.0
398.0
384.0
349.0
316.0
299.0
293.0
295.0
297.0
322.0
369.0
394.0
396.0
364.0
323.0
305.0
296.0
290.0
293.0
307.0
345.0
385.0
399.0
373.0
339.0
307.0
296.0
293.0
290.0
301.0
335.0
376.0
397.0
385.0
347.0
313.0
299.0
290.0
289.0
294.0
322.0
364.0
393.0
388.0
358.0
321.0
302.0
290.0
291.0
292.0
303.0
344.0
382.0
396.0
382.0
343.0
308.0
299.0
290.0
291.0
296.0
322.0
367.0
394.0
389.0
354.0
314.0
296.0
284.0
285.0
284.0
306.0
352.0
387.0
393.0
367.0
328.0
301.0
292.0
286.0
287.0
300.0
346.0
382.0
392.0
368.0
334.0
302.0
292.0
285.0
287.0
293.0
331.0
379.0
392.0
374.0
339.0
306.0
292.0
283.0
287.0
294.0
323.0
365.0
393.0
385.0
354.0
316.0
294.0
285.0
281.0
288.0
304.0
348.0
383.0
386.0
361.0
326.0
299.0
287.0
286.0
288.0
296.0
334.0
378.0
391.0
375.0
336.0
304.0
290.0
285.0
287.0
290.0
322.0
370.0
386.0
386.0
346.0
311.0
293.0
286.0
281.0
288.0
306.0
352.0
382.0
386.0
355.0
318.0
297.0
286.0
283.0
286.0
295.0
336.0
377.0
391.0
368.0
332.0
298.0
288.0
283.0
282.0
292.0
324.0
369.0
384.0
378.0
343.0
304.0
288.0
285.0
280.0
287.0
311.0
361.0
382.0
378.0
345.0
305.0
292.0
282.0
283.0
285.0
302.0
347.0
380.0
384.0
359.0
322.0
294.0
284.0
277.0
283.0
288.0
326.0
370.0
383.0
371.0
334.0
296.0
287.0
282.0
283.0
281.0
314.0
362.0
383.0
374.0
339.0
302.0
288.0
283.0
280.0
282.0
304.0
351.0
382.0
375.0
348.0
308.0
291.0
283.0
281.0
287.0
294.0
346.0
380.0
377.0
352.0
317.0
293.0
282.0
278.0
280.0
291.0
334.0
374.0
385.0
360.0
323.0
296.0
285.0
281.0
280.0
285.0
318.0
362.0
382.0
372.0
335.0
302.0
286.0
277.0
277.0
283.0
312.0
358.0
382.0
371.0
332.0
295.0
284.0
278.0
275.0
285.0
323.0
366.0
380.0
362.0
329.0
292.0
283.0
277.0
276.0
283.0
321.0
360.0
384.0
367.0
336.0
296.0
286.0
277.0
278.0
281.0
306.0
352.0
376.0
376.0
343.0
302.0
287.0
277.0
274.0
278.0
298.0
343.0
377.0
375.0
344.0
308.0
288.0
278.0
274.0
280.0
300.0
344.0
376.0
377.0
339.0
303.0
287.0
273.0
274.0
279.0
298.0
343.0
374.0
377.0
342.0
304.0
288.0
274.0
273.0
276.0
293.0
335.0
368.0
371.0
347.0
313.0
288.0
278.0
271.0
277.0
285.0
333.0
370.0
379.0
354.0
317.0
287.0
275.0
272.0
275.0
285.0
327.0
365.0
374.0
356.0
315.0
289.0
276.0
272.0
274.0
284.0
326.0
367.0
379.0
357.0
316.0
288.0
275.0
273.0
270.0
281.0
329.0
369.0
376.0
355.0
319.0
285.0
280.0
266.0
272.0
286.0
332.0
368.0
374.0
350.0
301.0
284.0
272.0
273.0
271.0
292.0
343.0
371.0
372.0
337.0
300.0
279.0
267.0
270.0
274.0
307.0
354.0
374.0
360.0
326.0
290.0
279.0
270.0
271.0
278.0
310.0
358.0
376.0
360.0
323.0
287.0
274.0
268.0
271.0
279.0
309.0
356.0
373.0
356.0
319.0
285.0
273.0
266.0
270.0
281.0
325.0
368.0
371.0
344.0
302.0
279.0
271.0
267.0
273.0
284.0
336.0
368.0
371.0
341.0
299.0
275.0
272.0
266.0
270.0
290.0
339.0
370.0
366.0
334.0
294.0
277.0
271.0
265.0
273.0
300.0
348.0
374.0
366.0
323.0
285.0
275.0
266.0
268.0
273.0
302.0
350.0
369.0
362.0
318.0
286.0
273.0
269.0
268.0
269.0
307.0
350.0
367.0
358.0
318.0
283.0
269.0
266.0
267.0
276.0
315.0
355.0
373.0
349.0
308.0
275.0
270.0
265.0
267.0
278.0
316.0
360.0
371.0
348.0
304.0
280.0
266.0
264.0
264.0
278.0
323.0
360.0
368.0
337.0
300.0
277.0
268.0
264.0
267.0
291.0
338.0
358.0
365.0
327.0
286.0
269.0
264.0
265.0
269.0
302.0
346.0
366.0
359.0
318.0
282.0
270.0
262.0
263.0
272.0
307.0
354.0
367.0
351.0
316.0
283.0
268.0
262.0
262.0
273.0
311.0
354.0
369.0
349.0
311.0
280.0
267.0
263.0
266.0
272.0
310.0
357.0
366.0
348.0
305.0
273.0
265.0
258.0
266.0
278.0
327.0
361.0
360.0
332.0
294.0
273.0
264.0
260.0
266.0
288.0
333.0
363.0
360.0
324.0
282.0
268.0
259.0
265.0
263.0
299.0
343.0
365.0
355.0
315.0
280.0
270.0
264.0
260.0
271.0
308.0
348.0
367.0
343.0
304.0
276.0
267.0
262.0
262.0
272.0
314.0
353.0
365.0
339.0
299.0
273.0
261.0
262.0
261.0
274.0
323.0
359.0
364.0
331.0
292.0
271.0
261.0
258.0
266.0
280.0
333.0
358.0
357.0
330.0
284.0
270.0
262.0
261.0
261.0
288.0
326.0
361.0
360.0
323.0
284.0
266.0
260.0
257.0
264.0
292.0
340.0
362.0
355.0
320.0
282.0
265.0
261.0
258.0
263.0
293.0
340.0
364.0
349.0
312.0
280.0
266.0
261.0
261.0
265.0
299.0
345.0
365.0
348.0
311.0
272.0
262.0
260.0
261.0
267.0
303.0
345.0
365.0
348.0
309.0
275.0
259.0
257.0
258.0
267.0
297.0
342.0
361.0
350.0
315.0
275.0
266.0
260.0
259.0
266.0
296.0
341.0
361.0
350.0
319.0
278.0
266.0
258.0
257.0
263.0
290.0
332.0
358.0
354.0
318.0
283.0
266.0
258.0
259.0
259.0
282.0
329.0
356.0
359.0
327.0
286.0
266.0
261.0
257.0
256.0
277.0
322.0
358.0
358.0
326.0
290.0
270.0
258.0
258.0
256.0
268.0
310.0
353.0
359.0
335.0
296.0
270.0
260.0
253.0
260.0
270.0
314.0
351.0
361.0
334.0
293.0
269.0
256.0
254.0
261.0
280.0
329.0
356.0
354.0
321.0
274.0
263.0
258.0
257.0
265.0
298.0
344.0
361.0
342.0
296.0
270.0
259.0
256.0
249.0
274.0
321.0
354.0
355.0
315.0
279.0
261.0
254.0
252.0
263.0
301.0
342.0
358.0
340.0
300.0
270.0
260.0
255.0
257.0
272.0
322.0
352.0
352.0
316.0
278.0
263.0
256.0
252.0
262.0
300.0
345.0
357.0
332.0
288.0
268.0
254.0
249.0
260.0
279.0
323.0
353.0
351.0
314.0
275.0
260.0
256.0
259.0
262.0
299.0
344.0
360.0
335.0
294.0
266.0
256.0
253.0
256.0
270.0
319.0
352.0
356.0
322.0
285.0
261.0
256.0
252.0
259.0
279.0
331.0
356.0
345.0
312.0
269.0
259.0
253.0
254.0
260.0
297.0
343.0
358.0
337.0
301.0
268.0
258.0
248.0
256.0
270.0
312.0
350.0
354.0
318.0
281.0
264.0
254.0
252.0
256.0
288.0
332.0
358.0
345.0
303.0
268.0
260.0
250.0
256.0
259.0
300.0
346.0
358.0
327.0
292.0
262.0
253.0
249.0
256.0
272.0
322.0
355.0
351.0
307.0
277.0
260.0
254.0
253.0
259.0
290.0
329.0
353.0
344.0
300.0
271.0
257.0
250.0
256.0
263.0
298.0
348.0
356.0
333.0
291.0
264.0
253.0
248.0
254.0
263.0
310.0
346.0
350.0
320.0
284.0
262.0
254.0
248.0
256.0
275.0
324.0
348.0
349.0
312.0
276.0
258.0
251.0
252.0
256.0
286.0
335.0
357.0
341.0
301.0
265.0
257.0
249.0
252.0
261.0
306.0
347.0
353.0
320.0
285.0
258.0
254.0
250.0
252.0
277.0
323.0
352.0
344.0
308.0
272.0
258.0
248.0
253.0
258.0
304.0
344.0
354.0
322.0
284.0
256.0
252.0
250.0
256.0
282.0
330.0
352.0
336.0
296.0
268.0
255.0
245.0
249.0
265.0
312.0
346.0
351.0
313.0
271.0
257.0
247.0
251.0
258.0
298.0
340.0
355.0
327.0
282.0
260.0
250.0
251.0
252.0
268.0
320.0
351.0
335.0
311.0
271.0
256.0
248.0
251.0
256.0
296.0
336.0
350.0
337.0
292.0
260.0
251.0
245.0
248.0
258.0
307.0
342.0
355.0
327.0
286.0
265.0
250.0
245.0
250.0
268.0
318.0
345.0
350.0
317.0
276.0
256.0
249.0
249.0
251.0
278.0
326.0
352.0
343.0
303.0
269.0
259.0
247.0
248.0
255.0
292.0
338.0
352.0
328.0
286.0
261.0
243.0
249.0
251.0
259.0
310.0
344.0
350.0
316.0
277.0
253.0
247.0
251.0
247.0
278.0
329.0
351.0
337.0
299.0
263.0
254.0
247.0
250.0
259.0
300.0
339.0
350.0
320.0
284.0
257.0
249.0
248.0
247.0
261.0
305.0
343.0
351.0
318.0
279.0
257.0
245.0
248.0
252.0
272.0
323.0
352.0
339.0
302.0
265.0
252.0
244.0
246.0
256.0
296.0
340.0
351.0
327.0
283.0
260.0
250.0
242.0
247.0
269.0
308.0
344.0
348.0
310.0
270.0
252.0
247.0
244.0
254.0
282.0
328.0
348.0
338.0
302.0
259.0
252.0
245.0
245.0
256.0
294.0
335.0
347.0
328.0
289.0
258.0
249.0
244.0
241.0
256.0
297.0
337.0
351.0
326.0
289.0
258.0
249.0
247.0
246.0
256.0
302.0
339.0
347.0
320.0
284.0
256.0
248.0
241.0
247.0
261.0
313.0
343.0
347.0
314.0
274.0
252.0
241.0
244.0
249.0
275.0
320.0
346.0
338.0
304.0
264.0
250.0
244.0
244.0
248.0
280.0
328.0
348.0
337.0
294.0
262.0
245.0
242.0
243.0
254.0
295.0
334.0
351.0
323.0
286.0
261.0
248.0
239.0
245.0
256.0
301.0
339.0
345.0
314.0
277.0
254.0
241.0
244.0
247.0
267.0
311.0
344.0
340.0
303.0
265.0
249.0
246.0
243.0
249.0
283.0
335.0
348.0
330.0
289.0
258.0
247.0
242.0
242.0
260.0
301.0
341.0
345.0
317.0
279.0
256.0
243.0
242.0
247.0
264.0
313.0
345.0
341.0
304.0
263.0
251.0
241.0
244.0
252.0
288.0
330.0
346.0
322.0
282.0
251.0
245.0
243.0
243.0
263.0
308.0
338.0
339.0
307.0
265.0
251.0
243.0
243.0
250.0
280.0
327.0
346.0
328.0
291.0
259.0
241.0
240.0
241.0
253.0
295.0
337.0
348.0
315.0
275.0
251.0
241.0
237.0
244.0
268.0
313.0
344.0
338.0
303.0
260.0
247.0
243.0
242.0
245.0
288.0
329.0
346.0
326.0
287.0
256.0
244.0
239.0
243.0
254.0
300.0
335.0
