251.0
257.0
302.0
341.0
349.0
322.0
281.0
259.0
251.0
240.0
243.0
266.0
315.0
340.0
328.0
288.0
253.0
245.0
235.0
242.0
249.0
292.0
330.0
339.0
310.0
267.0
247.0
240.0
240.0
246.0
273.0
320.0
344.0
328.0
287.0
252.0
240.0
238.0
240.0
251.0
298.0
339.0
341.0
308.0
266.0
246.0
239.0
239.0
237.0
269.0
318.0
342.0
325.0
288.0
251.0
243.0
237.0
237.0
247.0
283.0
332.0
340.0
311.0
270.0
243.0
239.0
234.0
241.0
258.0
306.0
335.0
328.0
292.0
251.0
238.0
236.0
240.0
243.0
281.0
330.0
334.0
311.0
268.0
241.0
239.0
236.0
240.0
264.0
312.0
335.0
327.0
286.0
251.0
239.0
234.0
238.0
248.0
287.0
327.0
335.0
309.0
268.0
242.0
236.0
234.0
237.0
250.0
301.0
331.0
334.0
294.0
259.0
242.0
233.0
235.0
240.0
276.0
321.0
335.0
315.0
274.0
245.0
239.0
236.0
240.0
254.0
302.0
332.0
330.0
295.0
257.0
240.0
234.0
235.0
243.0
270.0
317.0
336.0
319.0
280.0
245.0
238.0
233.0
239.0
251.0
298.0
330.0
330.0
300.0
258.0
250.0
246.0
241.0
247.0
279.0
322.0
342.0
327.0
286.0
254.0
247.0
242.0
243.0
257.0
297.0
332.0
339.0
302.0
261.0
240.0
235.0
237.0
241.0
273.0
319.0
339.0
320.0
279.0
246.0
239.0
234.0
241.0
252.0
302.0
333.0
335.0
296.0
257.0
242.0
238.0
237.0
247.0
279.0
324.0
335.0
311.0
277.0
248.0
239.0
237.0
237.0
252.0
306.0
336.0
331.0
291.0
254.0
240.0
235.0
242.0
246.0
278.0
320.0
333.0
302.0
265.0
244.0
234.0
241.0
237.0
254.0
309.0
329.0
320.0
283.0
244.0
238.0
231.0
231.0
243.0
282.0
324.0
334.0
300.0
260.0
247.0
236.0
234.0
239.0
261.0
310.0
336.0
337.0
298.0
263.0
246.0
239.0
244.0
252.0
283.0
328.0
348.0
331.0
290.0
261.0
251.0
248.0
252.0
263.0
306.0
346.0
355.0
325.0
283.0
259.0
252.0
250.0
255.0
270.0
314.0
345.0
356.0
318.0
279.0
262.0
256.0
256.0
261.0
287.0
335.0
357.0
347.0
311.0
277.0
265.0
260.0
266.0
275.0
318.0
357.0
371.0
339.0
305.0
275.0
270.0
269.0
275.0
291.0
340.0
370.0
370.0
334.0
294.0
281.0
277.0
274.0
286.0
325.0
369.0
375.0
349.0
310.0
285.0
278.0
276.0
280.0
310.0
358.0
381.0
367.0
326.0
295.0
281.0
277.0
282.0
291.0
333.0
376.0
378.0
345.0
306.0
286.0
282.0
279.0
288.0
321.0
367.0
384.0
365.0
317.0
290.0
283.0
280.0
284.0
301.0
355.0
383.0
373.0
338.0
300.0
288.0
283.0
283.0
295.0
331.0
374.0
383.0
352.0
312.0
290.0
281.0
282.0
289.0
314.0
362.0
385.0
370.0
333.0
299.0
286.0
283.0
280.0
296.0
333.0
374.0
387.0
354.0
312.0
293.0
283.0
280.0
287.0
313.0
358.0
383.0
371.0
334.0
297.0
285.0
284.0
280.0
287.0
328.0
366.0
379.0
358.0
317.0
292.0
280.0
281.0
282.0
298.0
338.0
378.0
382.0
350.0
310.0
288.0
284.0
284.0
288.0
306.0
355.0
379.0
377.0
340.0
302.0
285.0
283.0
278.0
287.0
323.0
370.0
383.0
360.0
321.0
295.0
285.0
280.0
286.0
301.0
348.0
377.0
375.0
339.0
303.0
287.0
279.0
281.0
288.0
315.0
362.0
381.0
361.0
326.0
290.0
282.0
277.0
283.0
291.0
337.0
374.0
379.0
346.0
312.0
292.0
283.0
279.0
283.0
308.0
354.0
377.0
367.0
327.0
291.0
285.0
281.0
280.0
298.0
339.0
377.0
373.0
341.0
301.0
286.0
281.0
277.0
285.0
317.0
362.0
378.0
357.0
317.0
292.0
284.0
279.0
282.0
300.0
344.0
376.0
371.0
335.0
300.0
287.0
285.0
285.0
298.0
336.0
379.0
392.0
364.0
326.0
304.0
297.0
298.0
308.0
332.0
382.0
404.0
398.0
362.0
326.0
318.0
314.0
322.0
333.0
380.0
416.0
416.0
381.0
349.0
336.0
330.0
324.0
336.0
370.0
416.0
436.0
411.0
368.0
343.0
330.0
332.0
338.0
365.0
414.0
437.0
430.0
392.0
348.0
339.0
337.0
346.0
357.0
402.0
443.0
448.0
410.0
368.0
352.0
347.0
319.0
347.0
375.0
431.0
460.0
448.0
401.0
365.0
355.0
352.0
350.0
359.0
407.0
453.0
459.0
433.0
388.0
359.0
349.0
349.0
348.0
370.0
426.0
456.0
452.0
411.0
371.0
353.0
351.0
353.0
358.0
382.0
427.0
447.0
476.0
392.0
366.0
361.0
356.0
394.0
385.0
419.0
459.0
471.0
444.0
401.0
380.0
376.0
374.0
389.0
424.0
473.0
484.0
464.0
426.0
398.0
384.0
385.0
390.0
398.0
444.0
482.0
481.0
445.0
402.0
389.0
384.0
385.0
392.0
423.0
467.0
481.0
470.0
429.0
397.0
384.0
387.0
384.0
391.0
437.0
479.0
485.0
457.0
413.0
392.0
383.0
384.0
389.0
408.0
463.0
496.0
492.0
441.0
407.0
392.0
390.0
391.0
402.0
435.0
475.0
492.0
476.0
429.0
405.0
395.0
390.0
396.0
406.0
445.0
484.0
492.0
459.0
421.0
401.0
393.0
387.0
395.0
412.0
462.0
489.0
484.0
445.0
403.0
390.0
384.0
384.0
395.0
430.0
474.0
488.0
464.0
424.0
396.0
386.0
383.0
385.0
395.0
441.0
478.0
481.0
452.0
414.0
393.0
388.0
382.0
386.0
402.0
452.0
479.0
479.0
441.0
403.0
385.0
383.0
382.0
388.0
413.0
459.0
479.0
468.0
430.0
399.0
379.0
381.0
381.0
390.0
427.0
467.0
477.0
458.0
413.0
391.0
378.0
374.0
382.0
394.0
439.0
469.0
468.0
431.0
396.0
381.0
374.0
368.0
379.0
406.0
447.0
468.0
456.0
412.0
383.0
374.0
366.0
370.0
378.0
425.0
461.0
463.0
434.0
393.0
376.0
371.0
369.0
374.0
402.0
442.0
467.0
450.0
409.0
380.0
364.0
364.0
368.0
375.0
421.0
461.0
461.0
420.0
384.0
366.0
363.0
357.0
370.0
401.0
446.0
457.0
436.0
392.0
372.0
361.0
357.0
364.0
388.0
431.0
454.0
443.0
408.0
370.0
359.0
352.0
354.0
365.0
410.0
448.0
452.0
423.0
381.0
359.0
355.0
351.0
356.0
377.0
425.0
450.0
442.0
402.0
363.0
353.0
347.0
351.0
360.0
402.0
443.0
446.0
417.0
378.0
358.0
351.0
347.0
355.0
378.0
426.0
446.0
435.0
397.0
362.0
348.0
349.0
349.0
363.0
403.0
439.0
447.0
414.0
374.0
355.0
351.0
346.0
352.0
370.0
419.0
441.0
435.0
392.0
360.0
345.0
341.0
345.0
356.0
399.0
438.0
438.0
402.0
367.0
353.0
344.0
338.0
348.0
382.0
427.0
441.0
416.0
378.0
347.0
342.0
342.0
343.0
367.0
412.0
438.0
434.0
390.0
352.0
342.0
340.0
341.0
346.0
384.0
427.0
438.0
411.0
371.0
348.0
345.0
338.0
347.0
363.0
410.0
435.0
436.0
400.0
365.0
355.0
346.0
351.0
357.0
394.0
438.0
450.0
432.0
385.0
359.0
353.0
349.0
357.0
369.0
422.0
448.0
447.0
415.0
376.0
362.0
357.0
355.0
363.0
393.0
440.0
456.0
438.0
398.0
375.0
362.0
359.0
366.0
376.0
427.0
454.0
455.0
419.0
381.0
364.0
359.0
363.0
371.0
408.0
446.0
461.0
441.0
401.0
375.0
365.0
365.0
368.0
385.0
432.0
460.0
458.0
423.0
383.0
371.0
368.0
366.0
373.0
408.0
451.0
467.0
445.0
409.0
380.0
368.0
368.0
368.0
384.0
423.0
457.0
462.0
433.0
394.0
377.0
367.0
362.0
372.0
396.0
445.0
466.0
451.0
417.0
381.0
368.0
362.0
362.0
376.0
417.0
456.0
464.0
434.0
393.0
372.0
366.0
361.0
364.0
385.0
433.0
459.0
450.0
416.0
376.0
363.0
362.0
362.0
366.0
396.0
438.0
455.0
448.0
411.0
377.0
361.0
360.0
355.0
362.0
394.0
435.0
454.0
440.0
402.0
370.0
359.0
358.0
354.0
360.0
397.0
439.0
451.0
434.0
395.0
368.0
355.0
353.0
357.0
363.0
401.0
441.0
450.0
430.0
393.0
363.0
356.0
350.0
359.0
365.0
414.0
447.0
449.0
423.0
380.0
359.0
353.0
349.0
357.0
368.0
405.0
445.0
451.0
423.0
382.0
363.0
352.0
350.0
353.0
365.0
404.0
440.0
449.0
416.0
379.0
356.0
352.0
346.0
355.0
364.0
408.0
442.0
446.0
418.0
385.0
358.0
349.0
347.0
351.0
362.0
403.0
439.0
444.0
420.0
381.0
358.0
347.0
342.0
348.0
361.0
403.0
434.0
443.0
412.0
374.0
353.0
343.0
341.0
343.0
359.0
408.0
437.0
439.0
408.0
368.0
348.0
346.0
341.0
345.0
364.0
413.0
435.0
430.0
395.0
357.0
348.0
342.0
343.0
347.0
383.0
422.0
440.0
420.0
384.0
351.0
344.0
339.0
344.0
356.0
401.0
434.0
440.0
408.0
370.0
347.0
339.0
343.0
344.0
359.0
406.0
437.0
435.0
400.0
363.0
346.0
342.0
336.0
344.0
375.0
419.0
440.0
424.0
389.0
355.0
343.0
340.0
343.0
348.0
386.0
425.0
436.0
413.0
378.0
352.0
339.0
341.0
341.0
354.0
397.0
428.0
435.0
404.0
366.0
349.0
338.0
338.0
339.0
353.0
398.0
427.0
431.0
397.0
360.0
341.0
335.0
334.0
342.0
369.0
411.0
434.0
424.0
388.0
349.0
340.0
337.0
334.0
344.0
380.0
424.0
431.0
409.0
371.0
343.0
336.0
334.0
336.0
349.0
399.0
427.0
424.0
392.0
349.0
337.0
332.0
331.0
340.0
373.0
419.0
433.0
408.0
371.0
339.0
333.0
330.0
331.0
350.0
399.0
428.0
417.0
385.0
343.0
330.0
326.0
331.0
338.0
382.0
420.0
428.0
394.0
357.0
338.0
326.0
323.0
334.0
353.0
401.0
425.0
414.0
372.0
341.0
331.0
322.0
324.0
338.0
378.0
420.0
421.0
394.0
352.0
332.0
326.0
324.0
325.0
357.0
403.0
422.0
409.0
364.0
332.0
322.0
322.0
325.0
344.0
389.0
420.0
415.0
375.0
340.0
327.0
321.0
320.0
332.0
373.0
413.0
415.0
389.0
348.0
327.0
323.0
318.0
325.0
358.0
398.0
418.0
400.0
356.0
333.0
325.0
319.0
322.0
342.0
392.0
418.0
408.0
370.0
332.0
321.0
316.0
320.0
324.0
372.0
409.0
413.0
381.0
343.0
326.0
320.0
320.0
323.0
361.0
403.0
416.0
393.0
352.0
330.0
318.0
315.0
321.0
335.0
385.0
410.0
410.0
365.0
335.0
320.0
314.0
318.0
325.0
363.0
405.0
414.0
387.0
349.0
321.0
316.0
313.0
320.0
332.0
382.0
408.0
402.0
371.0
331.0
318.0
309.0
315.0
318.0
355.0
399.0
412.0
392.0
350.0
324.0
315.0
313.0
316.0
332.0
379.0
409.0
405.0
365.0
327.0
317.0
312.0
310.0
316.0
353.0
400.0
409.0
387.0
346.0
324.0
311.0
308.0
310.0
327.0
375.0
405.0
405.0
368.0
331.0
318.0
311.0
308.0
317.0
348.0
395.0
409.0
387.0
349.0
318.0
309.0
306.0
314.0
322.0
375.0
399.0
403.0
362.0
328.0
314.0
311.0
310.0
315.0
341.0
377.0
384.0
364.0
321.0
294.0
291.0
285.0
292.0
310.0
361.0
386.0
387.0
352.0
310.0
297.0
292.0
293.0
302.0
340.0
382.0
396.0
373.0
334.0
306.0
294.0
293.0
302.0
314.0
359.0
386.0
390.0
355.0
311.0
295.0
293.0
292.0
301.0
334.0
378.0
395.0
378.0
339.0
307.0
298.0
294.0
302.0
310.0
356.0
390.0
398.0
366.0
330.0
309.0
303.0
298.0
305.0
329.0
375.0
400.0
392.0
357.0
320.0
306.0
303.0
302.0
311.0
341.0
388.0
406.0
390.0
355.0
318.0
310.0
304.0
307.0
314.0
353.0
394.0
404.0
377.0
335.0
313.0
308.0
303.0
311.0
330.0
379.0
401.0
397.0
362.0
322.0
310.0
306.0
306.0
316.0
340.0
389.0
407.0
390.0
353.0
321.0
309.0
304.0
307.0
314.0
353.0
399.0
405.0
383.0
342.0
315.0
307.0
304.0
308.0
324.0
372.0
400.0
397.0
362.0
322.0
310.0
303.0
303.0
312.0
342.0
390.0
400.0
383.0
342.0
319.0
309.0
300.0
305.0
319.0
359.0
396.0
403.0
367.0
329.0
309.0
299.0
303.0
305.0
331.0
378.0
397.0
388.0
349.0
313.0
303.0
300.0
303.0
317.0
360.0
396.0
394.0
363.0
321.0
302.0
301.0
303.0
306.0
344.0
383.0
400.0
374.0
336.0
310.0
301.0
298.0
302.0
322.0
369.0
396.0
391.0
353.0
320.0
309.0
301.0
302.0
313.0
348.0
392.0
404.0
377.0
334.0
311.0
305.0
297.0
307.0
331.0
377.0
403.0
390.0
359.0
320.0
312.0
303.0
304.0
312.0
350.0
394.0
406.0
381.0
339.0
314.0
305.0
304.0
310.0
326.0
374.0
404.0
401.0
365.0
329.0
311.0
303.0
306.0
313.0
343.0
389.0
405.0
382.0
341.0
317.0
311.0
307.0
309.0
320.0
372.0
401.0
401.0
369.0
328.0
310.0
308.0
307.0
314.0
341.0
386.0
404.0
391.0
352.0
319.0
311.0
309.0
307.0
318.0
361.0
402.0
404.0
374.0
333.0
310.0
304.0
306.0
313.0
336.0
388.0
406.0
390.0
356.0
323.0
312.0
309.0
313.0
325.0
374.0
410.0
413.0
377.0
340.0
320.0
314.0
318.0
323.0
354.0
405.0
419.0
405.0
365.0
330.0
324.0
317.0
323.0
337.0
379.0
413.0
422.0
390.0
355.0
338.0
334.0
329.0
340.0
363.0
408.0
432.0
420.0
383.0
348.0
337.0
336.0
340.0
351.0
397.0
430.0
440.0
411.0
366.0
352.0
347.0
342.0
353.0
381.0
436.0
455.0
444.0
407.0
372.0
363.0
360.0
364.0
377.0
419.0
460.0
473.0
444.0
407.0
383.0
368.0
373.0
376.0
395.0
447.0
480.0
474.0
435.0
399.0
381.0
379.0
378.0
386.0
421.0
466.0
485.0
467.0
434.0
399.0
389.0
384.0
387.0
398.0
437.0
479.0
488.0
460.0
423.0
401.0
396.0
392.0
400.0
424.0
472.0
501.0
493.0
459.0
416.0
405.0
396.0
401.0
407.0
448.0
492.0
505.0
474.0
435.0
413.0
406.0
399.0
404.0
428.0
478.0
505.0
492.0
457.0
415.0
406.0
400.0
403.0
413.0
450.0
490.0
498.0
470.0
427.0
403.0
395.0
396.0
402.0
426.0
471.0
492.0
478.0
440.0
404.0
391.0
386.0
391.0
399.0
442.0
479.0
483.0
452.0
413.0
396.0
392.0
391.0
396.0
430.0
477.0
497.0
475.0
436.0
411.0
402.0
404.0
411.0
425.0
477.0
506.0
503.0
470.0
432.0
421.0
417.0
417.0
426.0
460.0
507.0
522.0
503.0
461.0
435.0
425.0
421.0
422.0
438.0
489.0
519.0
520.0
482.0
443.0
427.0
422.0
420.0
426.0
461.0
501.0
518.0
504.0
466.0
438.0
427.0
419.0
422.0
432.0
469.0
512.0
521.0
494.0
456.0
432.0
417.0
413.0
422.0
433.0
477.0
509.0
514.0
477.0
437.0
420.0
413.0
407.0
411.0
440.0
487.0
513.0
498.0
456.0
427.0
414.0
406.0
413.0
422.0
463.0
501.0
510.0
482.0
438.0
417.0
407.0
409.0
414.0
436.0
486.0
510.0
503.0
461.0
428.0
409.0
408.0
406.0
418.0
454.0
495.0
506.0
480.0
438.0
413.0
404.0
402.0
402.0
421.0
472.0
502.0
496.0
459.0
420.0
406.0
400.0
397.0
407.0
439.0
482.0
495.0
470.0
433.0
408.0
396.0
389.0
392.0
410.0
452.0
487.0
486.0
456.0
414.0
395.0
390.0
387.0
392.0
417.0
465.0
486.0
470.0
430.0
398.0
383.0
381.0
384.0
393.0
435.0
474.0
483.0
457.0
418.0
390.0
382.0
376.0
380.0
393.0
440.0
470.0
476.0
444.0
404.0
385.0
372.0
371.0
378.0
397.0
440.0
472.0
475.0
442.0
403.0
384.0
378.0
376.0
377.0
398.0
446.0
475.0
472.0
439.0
397.0
383.0
378.0
373.0
378.0
401.0
446.0
474.0
473.0
443.0
405.0
384.0
375.0
374.0
379.0
392.0
434.0
471.0
475.0
443.0
404.0
384.0
368.0
368.0
372.0
385.0
432.0
464.0
465.0
436.0
405.0
380.0
370.0
370.0
370.0
382.0
423.0
458.0
470.0
451.0
408.0
381.0
372.0
365.0
368.0
376.0
411.0
451.0
468.0
450.0
414.0
381.0
368.0
365.0
364.0
374.0
411.0
450.0
464.0
444.0
412.0
375.0
365.0
363.0
360.0
371.0
397.0
444.0
462.0
449.0
413.0
378.0
363.0
359.0
360.0
370.0
409.0
450.0
462.0
434.0
394.0
365.0
360.0
355.0
361.0
387.0
436.0
455.0
446.0
407.0
373.0
360.0
354.0
354.0
364.0
401.0
446.0
453.0
430.0
389.0
362.0
353.0
353.0
355.0
368.0
413.0
450.0
452.0
417.0
380.0
362.0
350.0
346.0
353.0
370.0
416.0
445.0
443.0
414.0
375.0
355.0
346.0
342.0
349.0
361.0
407.0
442.0
449.0
416.0
376.0
356.0
346.0
343.0
345.0
354.0
388.0
431.0
445.0
425.0
391.0
361.0
345.0
343.0
340.0
348.0
374.0
416.0
439.0
435.0
402.0
362.0
347.0
340.0
337.0
343.0
355.0
403.0
433.0
437.0
405.0
367.0
347.0
340.0
337.0
342.0
350.0
390.0
429.0
437.0
409.0
370.0
346.0
337.0
335.0
333.0
343.0
381.0
420.0
434.0
414.0
378.0
348.0
337.0
330.0
332.0
341.0
367.0
412.0
427.0
422.0
387.0
349.0
336.0
329.0
324.0
330.0
352.0
395.0
424.0
428.0
397.0
358.0
339.0
329.0
325.0
329.0
338.0
372.0
409.0
426.0
410.0
377.0
345.0
330.0
323.0
327.0
326.0
347.0
391.0
421.0
424.0
398.0
361.0
339.0
330.0
324.0
327.0
329.0
360.0
401.0
423.0
417.0
386.0
352.0
332.0
325.0
321.0
324.0
336.0
378.0
414.0
423.0
395.0
361.0
334.0
320.0
318.0
319.0
329.0
361.0
405.0
418.0
401.0
366.0
330.0
320.0
319.0
315.0
325.0
362.0
402.0
416.0
405.0
363.0
329.0
320.0
318.0
315.0
321.0
353.0
392.0
415.0
403.0
364.0
328.0
316.0
314.0
316.0
321.0
352.0
394.0
413.0
402.0
363.0
328.0
317.0
311.0
312.0
313.0
346.0
391.0
409.0
398.0
363.0
328.0
315.0
310.0
310.0
314.0
344.0
389.0
407.0
400.0
367.0
327.0
312.0
309.0
307.0
313.0
339.0
384.0
409.0
403.0
362.0
326.0
311.0
307.0
308.0
313.0
337.0
384.0
403.0
392.0
360.0
323.0
309.0
307.0
305.0
310.0
338.0
386.0
404.0
392.0
358.0
324.0
312.0
302.0
304.0
308.0
335.0
383.0
401.0
391.0
356.0
320.0
305.0
300.0
303.0
312.0
345.0
390.0
400.0
386.0
345.0
315.0
305.0
301.0
301.0
315.0
354.0
380.0
400.0
369.0
336.0
310.0
303.0
298.0
303.0
316.0
364.0
396.0
397.0
364.0
325.0
307.0
301.0
300.0
302.0
324.0
369.0
396.0
393.0
355.0
315.0
306.0
299.0
296.0
302.0
332.0
374.0
398.0
389.0
350.0
315.0
302.0
296.0
295.0
303.0
330.0
378.0
397.0
386.0
351.0
312.0
301.0
296.0
297.0
304.0
332.0
375.0
395.0
385.0
349.0
313.0
299.0
294.0
297.0
302.0
334.0
380.0
397.0
385.0
342.0
313.0
300.0
294.0
295.0
302.0
339.0
383.0
393.0
375.0
337.0
306.0
297.0
291.0
296.0
306.0
344.0
387.0
396.0
374.0
337.0
308.0
297.0
295.0
294.0
306.0
345.0
386.0
395.0
369.0
330.0
306.0
292.0
290.0
297.0
310.0
353.0
389.0
396.0
368.0
327.0
305.0
296.0
296.0
292.0
306.0
352.0
389.0
394.0
364.0
323.0
307.0
295.0
289.0
297.0
314.0
360.0
388.0
385.0
350.0
310.0
295.0
291.0
291.0
296.0
328.0
377.0
392.0
374.0
334.0
305.0
294.0
288.0
293.0
302.0
342.0
383.0
390.0
365.0
328.0
301.0
292.0
290.0
295.0
309.0
356.0
386.0
386.0
353.0
315.0
296.0
291.0
290.0
297.0
325.0
370.0
387.0
381.0
338.0
302.0
292.0
288.0
291.0
297.0
336.0
377.0
389.0
364.0
328.0
298.0
288.0
287.0
291.0
302.0
347.0
383.0
387.0
357.0
314.0
297.0
289.0
286.0
297.0
326.0
372.0
387.0
372.0
341.0
301.0
290.0
284.0
290.0
301.0
346.0
383.0
387.0
352.0
314.0
298.0
289.0
287.0
293.0
323.0
367.0
386.0
372.0
333.0
298.0
291.0
284.0
288.0
299.0
338.0
378.0
388.0
355.0
319.0
292.0
288.0
290.0
291.0
314.0
362.0
384.0
379.0
339.0
302.0
290.0
281.0
285.0
297.0
329.0
374.0
386.0
361.0
324.0
295.0
284.0
286.0
288.0
301.0
344.0
381.0
381.0
349.0
308.0
293.0
284.0
283.0
291.0
306.0
355.0
380.0
379.0
345.0
305.0
291.0
282.0
283.0
288.0
320.0
367.0
386.0
364.0
331.0
298.0
288.0
284.0
285.0
294.0
336.0
374.0
383.0
357.0
320.0
294.0
281.0
282.0
285.0
306.0
357.0
379.0
373.0
339.0
302.0
287.0
283.0
281.0
289.0
328.0
371.0
381.0
362.0
320.0
293.0
285.0
282.0
285.0
302.0
350.0
378.0
379.0
341.0
304.0
289.0
279.0
284.0
294.0
330.0
375.0
381.0
354.0
316.0
293.0
282.0
284.0
290.0
315.0
360.0
381.0
372.0
334.0
297.0
285.0
285.0
282.0
297.0
336.0
378.0
383.0
357.0
316.0
292.0
282.0
282.0
285.0
314.0
359.0
387.0
375.0
334.0
300.0
292.0
288.0
290.0
303.0
342.0
379.0
389.0
360.0
323.0
294.0
283.0
285.0
292.0
309.0
357.0
385.0
380.0
344.0
306.0
290.0
285.0
287.0
293.0
329.0
379.0
387.0
358.0
321.0
294.0
286.0
285.0
285.0
299.0
344.0
381.0
384.0
348.0
311.0
296.0
287.0
283.0
293.0
320.0
364.0
388.0
376.0
338.0
301.0
285.0
288.0
285.0
292.0
330.0
375.0
383.0
368.0
326.0
295.0
286.0
287.0
290.0
300.0
342.0
384.0
386.0
356.0
313.0
296.0
286.0
288.0
290.0
311.0
358.0
389.0
383.0
342.0
309.0
295.0
288.0
289.0
296.0
336.0
381.0
388.0
369.0
321.0
300.0
288.0
289.0
292.0
308.0
361.0
389.0
385.0
348.0
312.0
296.0
291.0
290.0
297.0
330.0
370.0
389.0
375.0
338.0
305.0
292.0
288.0
292.0
301.0
342.0
384.0
389.0
360.0
320.0
299.0
290.0
292.0
294.0
314.0
362.0
388.0
386.0
347.0
309.0
297.0
290.0
289.0
296.0
323.0
369.0
389.0
376.0
338.0
306.0
294.0
291.0
288.0
296.0
335.0
378.0
390.0
369.0
326.0
299.0
293.0
287.0
289.0
304.0
346.0
381.0
391.0
358.0
319.0
299.0
290.0
288.0
290.0
312.0
360.0
388.0
382.0
348.0
303.0
291.0
285.0
285.0
297.0
331.0
374.0
390.0
363.0
326.0
299.0
291.0
286.0
289.0
306.0
357.0
387.0
380.0
343.0
304.0
291.0
286.0
284.0
298.0
341.0
377.0
388.0
356.0
312.0
294.0
285.0
287.0
292.0
329.0
374.0
388.0
367.0
325.0
294.0
289.0
287.0
290.0
307.0
357.0
384.0
380.0
342.0
305.0
287.0
284.0
287.0
293.0
335.0
374.0
384.0
360.0
315.0
293.0
285.0
280.0
290.0
307.0
355.0
382.0
377.0
338.0
300.0
289.0
282.0
285.0
295.0
335.0
376.0
383.0
353.0
313.0
288.0
285.0
280.0
289.0
309.0
360.0
379.0
376.0
334.0
300.0
284.0
279.0
283.0
293.0
335.0
376.0
384.0
354.0
312.0
288.0
282.0
282.0
285.0
314.0
362.0
380.0
365.0
326.0
295.0
280.0
282.0
285.0
305.0
353.0
378.0
373.0
333.0
298.0
285.0
281.0
282.0
292.0
331.0
375.0
384.0
350.0
309.0
290.0
280.0
284.0
284.0
308.0
358.0
382.0
368.0
326.0
296.0
284.0
281.0
284.0
291.0
338.0
374.0
380.0
347.0
306.0
286.0
279.0
280.0
282.0
308.0
356.0
381.0
364.0
326.0
295.0
282.0
277.0
279.0
292.0
340.0
375.0
378.0
343.0
301.0
284.0
276.0
279.0
284.0
315.0
357.0
378.0
361.0
318.0
291.0
280.0
274.0
278.0
296.0
338.0
376.0
376.0
334.0
297.0
282.0
274.0
275.0
285.0
317.0
365.0
380.0
357.0
317.0
285.0
277.0
273.0
279.0
294.0
343.0
372.0
372.0
335.0
296.0
282.0
277.0
280.0
282.0
317.0
364.0
376.0
355.0
311.0
288.0
274.0
274.0
278.0
299.0
349.0
376.0
364.0
323.0
295.0
282.0
279.0
274.0
289.0
337.0
369.0
371.0
331.0
296.0
280.0
273.0
273.0
281.0
314.0
358.0
382.0
360.0
307.0
281.0
272.0
272.0
277.0
293.0
345.0
376.0
377.0
332.0
290.0
277.0
275.0
272.0
282.0
320.0
364.0
377.0
349.0
308.0
282.0
272.0
269.0
272.0
295.0
341.0
370.0
370.0
329.0
289.0
277.0
276.0
274.0
283.0
322.0
363.0
375.0
341.0
302.0
281.0
273.0
268.0
277.0
306.0
356.0
373.0
352.0
312.0
281.0
275.0
269.0
276.0
285.0
339.0
367.0
365.0
327.0
290.0
276.0
271.0
271.0
285.0
329.0
360.0
371.0
349.0
310.0
285.0
269.0
271.0
271.0
286.0
334.0
362.0
365.0
328.0
293.0
280.0
270.0
269.0
272.0
304.0
352.0
371.0
354.0
315.0
284.0
273.0
270.0
272.0
288.0
331.0
367.0
363.0
332.0
288.0
277.0
270.0
268.0
276.0
311.0
357.0
371.0
349.0
309.0
280.0
271.0
267.0
270.0
285.0
337.0
367.0
363.0
329.0
288.0
275.0
268.0
270.0
277.0
316.0
355.0
367.0
344.0
302.0
279.0
269.0
261.0
272.0
292.0
336.0
363.0
363.0
326.0
286.0
274.0
269.0
270.0
280.0
320.0
362.0
369.0
341.0
297.0
278.0
268.0
268.0
277.0
305.0
350.0
372.0
354.0
316.0
285.0
272.0
272.0
274.0
285.0
332.0
366.0
369.0
334.0
296.0
280.0
270.0
271.0
279.0
300.0
351.0
369.0
357.0
325.0
285.0
278.0
272.0
277.0
285.0
325.0
365.0
371.0
348.0
309.0
281.0
272.0
268.0
275.0
294.0
343.0
369.0
363.0
327.0
293.0
280.0
271.0
272.0
278.0
315.0
359.0
371.0
355.0
311.0
285.0
276.0
273.0
277.0
291.0
338.0
368.0
368.0
332.0
295.0
275.0
273.0
276.0
278.0
311.0
358.0
374.0
357.0
320.0
287.0
277.0
273.0
274.0
289.0
334.0
369.0
373.0
340.0
302.0
282.0
274.0
275.0
274.0
296.0
349.0
368.0
365.0
329.0
290.0
277.0
272.0
276.0
279.0
313.0
359.0
375.0
354.0
309.0
283.0
271.0
272.0
274.0
289.0
335.0
370.0
370.0
336.0
296.0
279.0
272.0
272.0
275.0
306.0
353.0
373.0
353.0
319.0
282.0
275.0
268.0
274.0
283.0
329.0
368.0
371.0
334.0
294.0
276.0
275.0
271.0
275.0
304.0
350.0
369.0
357.0
323.0
288.0
275.0
269.0
270.0
278.0
318.0
358.0
373.0
351.0
306.0
280.0
275.0
268.0
269.0
285.0
333.0
365.0
365.0
332.0
289.0
274.0
266.0
269.0
277.0
307.0
357.0
370.0
347.0
306.0
279.0
270.0
266.0
273.0
286.0
336.0
368.0
364.0
326.0
288.0
276.0
270.0
265.0
277.0
317.0
360.0
370.0
344.0
303.0
279.0
266.0
266.0
272.0
292.0
345.0
368.0
359.0
319.0
283.0
274.0
266.0
266.0
280.0
318.0
361.0
369.0
341.0
299.0
276.0
269.0
266.0
272.0
300.0
346.0
366.0
355.0
318.0
284.0
270.0
264.0
269.0
285.0
334.0
363.0
364.0
326.0
285.0
274.0
269.0
268.0
274.0
315.0
358.0
371.0
344.0
304.0
276.0
268.0
264.0
270.0
283.0
335.0
366.0
360.0
332.0
286.0
273.0
262.0
269.0
274.0
314.0
354.0
369.0
344.0
304.0
276.0
270.0
264.0
270.0
281.0
326.0
363.0
366.0
330.0
291.0
274.0
265.0
263.0
272.0
297.0
347.0
365.0
350.0
311.0
280.0
268.0
265.0
265.0
273.0
317.0
359.0
363.0
335.0
295.0
272.0
268.0
263.0
270.0
300.0
334.0
366.0
355.0
320.0
281.0
269.0
264.0
265.0
268.0
305.0
350.0
365.0
344.0
304.0
277.0
266.0
262.0
265.0
273.0
320.0
358.0
365.0
332.0
293.0
270.0
262.0
264.0
268.0
289.0
337.0
359.0
356.0
322.0
280.0
268.0
260.0
264.0
269.0
302.0
346.0
363.0
348.0
307.0
276.0
263.0
259.0
262.0
273.0
315.0
350.0
363.0
340.0
301.0
273.0
265.0
261.0
264.0
276.0
321.0
357.0
362.0
334.0
295.0
270.0
265.0
259.0
268.0
281.0
331.0
358.0
358.0
323.0
285.0
270.0
261.0
261.0
266.0
296.0
340.0
362.0
348.0
313.0
276.0
265.0
260.0
261.0
269.0
301.0
349.0
362.0
346.0
310.0
276.0
260.0
263.0
262.0
270.0
305.0
349.0
365.0
343.0
300.0
272.0
264.0
259.0
260.0
277.0
320.0
358.0
368.0
332.0
289.0
269.0
261.0
262.0
265.0
279.0
328.0
359.0
359.0
316.0
282.0
264.0
259.0
261.0
266.0
297.0
342.0
360.0
346.0
308.0
274.0
263.0
261.0
264.0
269.0
309.0
351.0
360.0
337.0
301.0
273.0
264.0
258.0
263.0
272.0
318.0
352.0
358.0
332.0
291.0
272.0
261.0
258.0
263.0
273.0
324.0
356.0
359.0
323.0
288.0
266.0
263.0
260.0
266.0
287.0
332.0
356.0
352.0
314.0
275.0
262.0
262.0
259.0
265.0
300.0
346.0
361.0
337.0
296.0
268.0
263.0
256.0
262.0
274.0
322.0
352.0
354.0
316.0
280.0
263.0
256.0
257.0
263.0
293.0
339.0
359.0
344.0
303.0
271.0
259.0
253.0
259.0
265.0
308.0
348.0
359.0
333.0
294.0
267.0
256.0
255.0
260.0
270.0
317.0
350.0
352.0
323.0
283.0
261.0
253.0
254.0
260.0
285.0
331.0
355.0
343.0
302.0
270.0
260.0
256.0
259.0
268.0
314.0
349.0
353.0
321.0
283.0
265.0
256.0
256.0
258.0
280.0
330.0
352.0
346.0
311.0
274.0
260.0
258.0
258.0
262.0
296.0
339.0
354.0
334.0
291.0
262.0
257.0
254.0
256.0
271.0
317.0
350.0
350.0
313.0
275.0
261.0
254.0
254.0
261.0
295.0
336.0
356.0
331.0
294.0
266.0
256.0
254.0
260.0
268.0
316.0
348.0
345.0
308.0
272.0
258.0
254.0
251.0
263.0
302.0
342.0
352.0
329.0
289.0
261.0
256.0
254.0
257.0
276.0
327.0
352.0
344.0
303.0
266.0
258.0
252.0
256.0
265.0
306.0
343.0
352.0
320.0
280.0
262.0
256.0
251.0
257.0
284.0
329.0
351.0
338.0
301.0
265.0
257.0
251.0
254.0
263.0
305.0
345.0
352.0
326.0
290.0
263.0
253.0
250.0
256.0
270.0
317.0
345.0
346.0
310.0
275.0
259.0
251.0
252.0
254.0
286.0
333.0
347.0
338.0
299.0
267.0
256.0
251.0
255.0
262.0
302.0
343.0
349.0
322.0
282.0
261.0
253.0
252.0
254.0
280.0
324.0
347.0
341.0
303.0
267.0
257.0
251.0
250.0
262.0
303.0
342.0
349.0
325.0
283.0
260.0
253.0
249.0
251.0
269.0
315.0
346.0
344.0
312.0
272.0
256.0
252.0
248.0
255.0
275.0
324.0
342.0
344.0
307.0
274.0
259.0
251.0
248.0
253.0
276.0
321.0
349.0
345.0
304.0
273.0
258.0
253.0
245.0
252.0
275.0
317.0
345.0
342.0
315.0
276.0
257.0
249.0
248.0
254.0
268.0
314.0
340.0
348.0
316.0
278.0
260.0
248.0
247.0
254.0
270.0
321.0
346.0
341.0
305.0
266.0
256.0
247.0
246.0
254.0
271.0
320.0
345.0
342.0
309.0
269.0
256.0
247.0
245.0
256.0
281.0
324.0
346.0
339.0
304.0
267.0
252.0
247.0
246.0
252.0
276.0
317.0
342.0
343.0
308.0
269.0
256.0
246.0
246.0
252.0
271.0
313.0
341.0
343.0
309.0
272.0
254.0
247.0
245.0
252.0
266.0
308.0
342.0
346.0
317.0
280.0
259.0
245.0
247.0
248.0
260.0
296.0
336.0
345.0
321.0
287.0
260.0
249.0
243.0
247.0
252.0
289.0
328.0
344.0
329.0
297.0
260.0
250.0
246.0
246.0
249.0
276.0
320.0
342.0
339.0
303.0
267.0
252.0
245.0
242.0
247.0
263.0
306.0
336.0
341.0
316.0
281.0
256.0
246.0
246.0
246.0
265.0
290.0
329.0
341.0
328.0
289.0
258.0
248.0
243.0
247.0
252.0
274.0
318.0
338.0
338.0
304.0
267.0
249.0
243.0
240.0
246.0
262.0
308.0
340.0
340.0
310.0
270.0
252.0
242.0
241.0
242.0
260.0
304.0
336.0
341.0
307.0
272.0
251.0
244.0
245.0
245.0
262.0
305.0
336.0
341.0
309.0
274.0
249.0
243.0
242.0
243.0
254.0
297.0
332.0
341.0
323.0
285.0
256.0
244.0
242.0
245.0
245.0
277.0
320.0
341.0
333.0
296.0
262.0
246.0
240.0
239.0
245.0
264.0
309.0
336.0
334.0
309.0
271.0
251.0
240.0
237.0
242.0
254.0
292.0
330.0
338.0
321.0
281.0
252.0
244.0
239.0
243.0
254.0
279.0
324.0
337.0
326.0
291.0
257.0
248.0
239.0
238.0
244.0
267.0
314.0
340.0
334.0
300.0
266.0
246.0
242.0
240.0
242.0
261.0
304.0
336.0
340.0
308.0
275.0
252.0
242.0
237.0
241.0
256.0
288.0
329.0
341.0
324.0
286.0
257.0
247.0
239.0
241.0
246.0
275.0
313.0
337.0
329.0
293.0
257.0
248.0
239.0
237.0
243.0
260.0
310.0
333.0
332.0
300.0
266.0
247.0
239.0
240.0
241.0
258.0
306.0
335.0
333.0
301.0
268.0
245.0
240.0
236.0
243.0
262.0
307.0
334.0
333.0
301.0
261.0
247.0
239.0
236.0
240.0
259.0
309.0
332.0
331.0
299.0
262.0
241.0
240.0
235.0
241.0
257.0
301.0
334.0
331.0
299.0
247.0
222.0
217.0
221.0
228.0
241.0
288.0
321.0
328.0
296.0
261.0
235.0
227.0
228.0
227.0
239.0
269.0
311.0
335.0
318.0
289.0
249.0
235.0
239.0
241.0
253.0
267.0
308.0
334.0
335.0
303.0
267.0
249.0
238.0
235.0
236.0
249.0
292.0
327.0
333.0
309.0
272.0
247.0
239.0
235.0
238.0
250.0
291.0
330.0
337.0
313.0
275.0
250.0
242.0
237.0
240.0
250.0
283.0
324.0
333.0
320.0
282.0
250.0
242.0
235.0
239.0
248.0
278.0
322.0
336.0
323.0
288.0
250.0
244.0
238.0
240.0
247.0
269.0
312.0
334.0
333.0
297.0
261.0
246.0
240.0
239.0
242.0
257.0
298.0
330.0
337.0
311.0
273.0
248.0
242.0
239.0
239.0
253.0
295.0
329.0
337.0
312.0
275.0
246.0
240.0
235.0
241.0
247.0
286.0
325.0
336.0
317.0
279.0
251.0
243.0
233.0
239.0
245.0
278.0
321.0
335.0
317.0
276.0
249.0
241.0
236.0
236.0
247.0
292.0
328.0
333.0
309.0
272.0
247.0
240.0
235.0
237.0
252.0
300.0
327.0
336.0
305.0
267.0
246.0
241.0
236.0
235.0
251.0
298.0
328.0
337.0
309.0
269.0
248.0
239.0
235.0
235.0
248.0
291.0
330.0
332.0
311.0
267.0
245.0
241.0
235.0
241.0
252.0
291.0
332.0
333.0
311.0
272.0
250.0
239.0
234.0
238.0
248.0
285.0
326.0
337.0
316.0
284.0
250.0
238.0
235.0
238.0
244.0
274.0
317.0
337.0
328.0
290.0
256.0
246.0
240.0
236.0
246.0
262.0
311.0
335.0
332.0
298.0
265.0
246.0
240.0
238.0
246.0
256.0
301.0
331.0
340.0
313.0
275.0
247.0
235.0
233.0
240.0
248.0
286.0
384.0
342.0
326.0
291.0
253.0
242.0
240.0
240.0
248.0
270.0
314.0
343.0
339.0
306.0
271.0
250.0
244.0
240.0
245.0
257.0
301.0
338.0
348.0
320.0
283.0
258.0
252.0
245.0
247.0
256.0
280.0
326.0
348.0
344.0
309.0
271.0
254.0
247.0
246.0
250.0
263.0
309.0
345.0
347.0
318.0
280.0
258.0
248.0
244.0
254.0
260.0
299.0
341.0
349.0
329.0
291.0
260.0
247.0
245.0
248.0
255.0
286.0
329.0
344.0
336.0
296.0
265.0
249.0
246.0
248.0
250.0
272.0
317.0
342.0
345.0
311.0
278.0
254.0
246.0
245.0
250.0
261.0
304.0
339.0
347.0
322.0
280.0
256.0
247.0
244.0
246.0
256.0
295.0
333.0
346.0
332.0
291.0
260.0
250.0
244.0
245.0
248.0
274.0
317.0
340.0
341.0
306.0
271.0
248.0
245.0
245.0
248.0
258.0
303.0
337.0
340.0
320.0
283.0
254.0
247.0
244.0
245.0
254.0
288.0
331.0
344.0
330.0
293.0
259.0
249.0
245.0
241.0
249.0
269.0
315.0
339.0
342.0
312.0
274.0
252.0
245.0
243.0
245.0
251.0
284.0
325.0
341.0
335.0
298.0
263.0
250.0
243.0
243.0
248.0
259.0
303.0
336.0
342.0
320.0
285.0
259.0
247.0
244.0
241.0
250.0
268.0
313.0
339.0
339.0
313.0
277.0
252.0
244.0
244.0
245.0
249.0
284.0
323.0
339.0
335.0
299.0
266.0
249.0
243.0
240.0
244.0
256.0
298.0
331.0
340.0
322.0
286.0
256.0
245.0
236.0
241.0
243.0
265.0
304.0
337.0
340.0
316.0
285.0
257.0
245.0
240.0
240.0
245.0
260.0
302.0
333.0
343.0
322.0
289.0
256.0
248.0
241.0
243.0
243.0
252.0
294.0
331.0
342.0
328.0
290.0
257.0
247.0
242.0
242.0
241.0
250.0
288.0
324.0
340.0
329.0
297.0
264.0
246.0
241.0
239.0
241.0
248.0
279.0
315.0
337.0
334.0
302.0
269.0
249.0
239.0
235.0
240.0
247.0
276.0
320.0
335.0
331.0
298.0
261.0
247.0
237.0
236.0
241.0
248.0
282.0
322.0
338.0
328.0
295.0
259.0
242.0
234.0
234.0
237.0
250.0
289.0
323.0
338.0
321.0
291.0
256.0
244.0
239.0
237.0
239.0
256.0
293.0
327.0
337.0
312.0
277.0
251.0
238.0
233.0
238.0
246.0
261.0
299.0
329.0
334.0
311.0
269.0
246.0
241.0
238.0
236.0
240.0
266.0
306.0
333.0
331.0
302.0
263.0
241.0
236.0
234.0
235.0
244.0
275.0
318.0
334.0
323.0
288.0
250.0
241.0
234.0
231.0
239.0
249.0
291.0
322.0
335.0
311.0
279.0
246.0
240.0
231.0
231.0
236.0
256.0
299.0
327.0
332.0
305.0
272.0
245.0
235.0
230.0
233.0
240.0
266.0
306.0
334.0
330.0
295.0
259.0
243.0
234.0
233.0
239.0
250.0
292.0
328.0
335.0
312.0
273.0
247.0
237.0
235.0
232.0
239.0
266.0
307.0
334.0
327.0
303.0
262.0
245.0
237.0
232.0
233.0
241.0
276.0
318.0
334.0
326.0
289.0
254.0
239.0
237.0
230.0
236.0
246.0
279.0
317.0
327.0
318.0
284.0
253.0
237.0
231.0
232.0
238.0
244.0
281.0
319.0
332.0
324.0
289.0
249.0
240.0
231.0
231.0
236.0
247.0
285.0
320.0
335.0
319.0
281.0
250.0
237.0
232.0
231.0
235.0
247.0
290.0
324.0
333.0
316.0
277.0
244.0
236.0
233.0
233.0
239.0
257.0
294.0
324.0
332.0
302.0
268.0
242.0
233.0
229.0
232.0
239.0
270.0
314.0
332.0
324.0
287.0
256.0
240.0
236.0
233.0
242.0
252.0
301.0
339.0
347.0
320.0
280.0
252.0
242.0
238.0
242.0
250.0
281.0
322.0
341.0
331.0
297.0
260.0
245.0
240.0
240.0
248.0
264.0
306.0
340.0
345.0
319.0
280.0
257.0
247.0
243.0
248.0
256.0
285.0
333.0
348.0
340.0
309.0
272.0
260.0
256.0
254.0
257.0
272.0
314.0
351.0
357.0
342.0
309.0
278.0
267.0
263.0
264.0
266.0
282.0
327.0
358.0
365.0
340.0
304.0
283.0
273.0
266.0
272.0
278.0
302.0
343.0
367.0
364.0
336.0
307.0
285.0
276.0
272.0
272.0
280.0
304.0
346.0
370.0
369.0
335.0
303.0
283.0
277.0
271.0
278.0
282.0
317.0
359.0
371.0
361.0
327.0
291.0
278.0
284.0
269.0
277.0
296.0
339.0
367.0
370.0
344.0
307.0
286.0
274.0
270.0
272.0
285.0
313.0
356.0
374.0
361.0
330.0
292.0
280.0
275.0
271.0
278.0
289.0
331.0
366.0
374.0
351.0
314.0
285.0
276.0
272.0
273.0
278.0
304.0
343.0
372.0
368.0
336.0
295.0
281.0
272.0
270.0
269.0
283.0
318.0
355.0
369.0
358.0
314.0
287.0
272.0
267.0
267.0
276.0
298.0
341.0
366.0
362.0
330.0
292.0
275.0
264.0
265.0
267.0
278.0
313.0
353.0
365.0
358.0
324.0
286.0
277.0
270.0
272.0
275.0
299.0
343.0
368.0
370.0
338.0
300.0
277.0
271.0
270.0
273.0
284.0
324.0
361.0
370.0
346.0
311.0
283.0
274.0
267.0
271.0
276.0
301.0
347.0
367.0
367.0
332.0
293.0
277.0
267.0
272.0
271.0
283.0
323.0
361.0
367.0
346.0
313.0
283.0
272.0
266.0
266.0
271.0
294.0
341.0
360.0
364.0
336.0
302.0
275.0
270.0
265.0
270.0
280.0
313.0
350.0
365.0
353.0
319.0
288.0
274.0
264.0
267.0
272.0
286.0
330.0
362.0
366.0
344.0
311.0
280.0
274.0
271.0
273.0
274.0
297.0
344.0
369.0
371.0
345.0
312.0
287.0
281.0
279.0
282.0
288.0
317.0
361.0
381.0
381.0
351.0
315.0
300.0
294.0
290.0
296.0
307.0
340.0
380.0
395.0
386.0
348.0
318.0
301.0
300.0
299.0
305.0
315.0
360.0
394.0
402.0
382.0
348.0
320.0
312.0
308.0
308.0
316.0
337.0
382.0
408.0
416.0
391.0
356.0
337.0
326.0
328.0
331.0
337.0
370.0
410.0
433.0
429.0
395.0
362.0
350.0
341.0
338.0
342.0
352.0
384.0
429.0
441.0
432.0
395.0
364.0
353.0
349.0
346.0
351.0
371.0
412.0
444.0
453.0
426.0
390.0
364.0
355.0
353.0
353.0
360.0
385.0
430.0
450.0
445.0
413.0
377.0
362.0
358.0
354.0
352.0
367.0
404.0
443.0
455.0
434.0
398.0
365.0
353.0
349.0
348.0
351.0
378.0
416.0
443.0
444.0
413.0
374.0
357.0
344.0
342.0
351.0
352.0
384.0
426.0
440.0
426.0
392.0
354.0
341.0
338.0
336.0
341.0
356.0
403.0
432.0
431.0
403.0
365.0
342.0
334.0
330.0
333.0
340.0
379.0
420.0
434.0
418.0
379.0
345.0
335.0
329.0
328.0
332.0
350.0
396.0
423.0
428.0
400.0
366.0
337.0
329.0
328.0
326.0
331.0
364.0
411.0
433.0
427.0
389.0
354.0
336.0
327.0
321.0
330.0
334.0
366.0
406.0
419.0
413.0
377.0
344.0
328.0
320.0
321.0
321.0
334.0
365.0
408.0
420.0
404.0
372.0
338.0
325.0
320.0
319.0
325.0
339.0
384.0
413.0
422.0
394.0
359.0
331.0
326.0
320.0
321.0
330.0
356.0
400.0
420.0
421.0
391.0
355.0
337.0
331.0
329.0
335.0
346.0
384.0
421.0
437.0
424.0
388.0
357.0
343.0
338.0
344.0
348.0
368.0
412.0
443.0
447.0
420.0
387.0
361.0
353.0
351.0
355.0
362.0
393.0
436.0
453.0
447.0
416.0
378.0
364.0
360.0
360.0
365.0
375.0
422.0
457.0
467.0
445.0
407.0
382.0
370.0
363.0
367.0
368.0
392.0
434.0
461.0
463.0
433.0
398.0
374.0
370.0
365.0
365.0
372.0
407.0
447.0
460.0
452.0
420.0
382.0
369.0
360.0
358.0
365.0
380.0
422.0
455.0
462.0
435.0
397.0
369.0
362.0
354.0
353.0
358.0
387.0
430.0
451.0
450.0
421.0
386.0
364.0
356.0
353.0
355.0
361.0
394.0
436.0
452.0
446.0
414.0
375.0
360.0
355.0
351.0
356.0
366.0
404.0
441.0
453.0
442.0
407.0
372.0
360.0
354.0
350.0
358.0
365.0
409.0
444.0
459.0
438.0
400.0
369.0
357.0
353.0
355.0
359.0
384.0
428.0
449.0
446.0
415.0
377.0
359.0
350.0
351.0
353.0
358.0
399.0
439.0
456.0
446.0
405.0
367.0
356.0
350.0
345.0
350.0
361.0
397.0
433.0
443.0
432.0
399.0
367.0
350.0
342.0
335.0
342.0
359.0
394.0
433.0
442.0
428.0
384.0
357.0
347.0
341.0
340.0
346.0
359.0
394.0
432.0
445.0
433.0
395.0
363.0
354.0
350.0
348.0
354.0
369.0
415.0
449.0
456.0
442.0
402.0
379.0
368.0
365.0
370.0
374.0
403.0
450.0
474.0
475.0
447.0
408.0
391.0
383.0
384.0
384.0
396.0
432.0
474.0
486.0
470.0
437.0
402.0
393.0
387.0
386.0
391.0
418.0
459.0
487.0
486.0
453.0
418.0
399.0
389.0
385.0
389.0
401.0
443.0
480.0
488.0
467.0
426.0
398.0
387.0
382.0
386.0
391.0
424.0
466.0
483.0
476.0
441.0
404.0
392.0
384.0
385.0
390.0
401.0
449.0
480.0
483.0
459.0
421.0
397.0
391.0
386.0
388.0
397.0
432.0
474.0
484.0
475.0
441.0
405.0
391.0
382.0
380.0
384.0
393.0
438.0
470.0
484.0
462.0
425.0
388.0
380.0
375.0
374.0
386.0
409.0
449.0
475.0
470.0
441.0
402.0
382.0
370.0
372.0
376.0
383.0
420.0
457.0
470.0
458.0
421.0
389.0
375.0
370.0
370.0
376.0
393.0
434.0
466.0
467.0
442.0
406.0
382.0
376.0
370.0
371.0
375.0
405.0
447.0
466.0
466.0
433.0
396.0
379.0
370.0
365.0
366.0
376.0
408.0
447.0
462.0
459.0
423.0
384.0
372.0
366.0
361.0
366.0
376.0
415.0
452.0
464.0
445.0
408.0
380.0
369.0
364.0
360.0
368.0
386.0
429.0
458.0
465.0
443.0
402.0
379.0
374.0
367.0
363.0
370.0
394.0
434.0
464.0
466.0
443.0
404.0
379.0
372.0
366.0
369.0
373.0
399.0
439.0
466.0
465.0
431.0
396.0
375.0
368.0
366.0
367.0
373.0
404.0
447.0
462.0
460.0
426.0
388.0
372.0
365.0
362.0
365.0
375.0
416.0
451.0
464.0
451.0
414.0
380.0
367.0
361.0
361.0
366.0
380.0
425.0
454.0
464.0
435.0
402.0
372.0
362.0
357.0
371.0
372.0
389.0
431.0
454.0
453.0
424.0
389.0
368.0
357.0
356.0
355.0
361.0
387.0
425.0
450.0
450.0
424.0
385.0
364.0
355.0
346.0
351.0
356.0
384.0
425.0
448.0
446.0
415.0
379.0
360.0
351.0
348.0
353.0
361.0
392.0
427.0
448.0
445.0
416.0
382.0
363.0
351.0
350.0
352.0
361.0
391.0
433.0
449.0
448.0
420.0
386.0
364.0
355.0
353.0
354.0
366.0
395.0
433.0
456.0
454.0
422.0
387.0
364.0
357.0
354.0
355.0
363.0
394.0
434.0
457.0
454.0
425.0
391.0
370.0
362.0
355.0
361.0
363.0
387.0
428.0
447.0
454.0
427.0
392.0
365.0
358.0
354.0
356.0
361.0
376.0
421.0
453.0
458.0
438.0
402.0
371.0
364.0
355.0
352.0
360.0
375.0
417.0
448.0
458.0
428.0
396.0
367.0
355.0
354.0
354.0
356.0
381.0
425.0
450.0
455.0
421.0
387.0
365.0
355.0
350.0
354.0
362.0
389.0
431.0
452.0
450.0
422.0
387.0
362.0
357.0
354.0
356.0
365.0
394.0
438.0
452.0
450.0
417.0
381.0
362.0
356.0
351.0
354.0
364.0
399.0
437.0
456.0
444.0
409.0
371.0
358.0
355.0
351.0
356.0
373.0
413.0
451.0
456.0
433.0
393.0
365.0
354.0
348.0
347.0
354.0
384.0
429.0
450.0
444.0
409.0
371.0
348.0
344.0
339.0
347.0
361.0
398.0
435.0
447.0
78.0
7.0
272.0
7.0
266.0
5.0
269.0
4.0
267.0
6.0
265.0
8.0
262.0
5.0
262.0
9.0
268.0
11.0
266.0
9.0
268.0
12.0
271.0
4.0
264.0
13.0
274.0
7.0
267.0
7.0
266.0
8.0
269.0
8.0
266.0
9.0
270.0
5.0
268.0
6.0
269.0
8.0
270.0
12.0
267.0
7.0
267.0
490.0
420.0
404.0
431.0
454.0
476.0
478.0
455.0
415.0
381.0
371.0
364.0
363.0
365.0
376.0
421.0
455.0
465.0
443.0
403.0
376.0
358.0
360.0
354.0
357.0
381.0
422.0
454.0
461.0
433.0
392.0
368.0
356.0
352.0
352.0
361.0
383.0
426.0
453.0
454.0
425.0
390.0
363.0
353.0
348.0
347.0
356.0
380.0
427.0
452.0
458.0
430.0
396.0
368.0
356.0
352.0
352.0
358.0
378.0
419.0
460.0
450.0
445.0
403.0
372.0
361.0
360.0
363.0
367.0
392.0
436.0
461.0
460.0
432.0
395.0
357.0
349.0
344.0
342.0
349.0
377.0
421.0
443.0
443.0
418.0
380.0
358.0
346.0
346.0
346.0
349.0
374.0
421.0
443.0
445.0
418.0
377.0
355.0
340.0
340.0
340.0
346.0
367.0
419.0
441.0
457.0
415.0
372.0
346.0
337.0
332.0
338.0
349.0
381.0
422.0
435.0
436.0
403.0
369.0
357.0
355.0
359.0
359.0
376.0
417.0
442.0
456.0
435.0
404.0
392.0
382.0
377.0
385.0
391.0
422.0
471.0
478.0
479.0
439.0
409.0
398.0
389.0
391.0
396.0
409.0
445.0
481.0
494.0
488.0
461.0
433.0
425.0
418.0
420.0
426.0
449.0
488.0
513.0
518.0
494.0
463.0
445.0
436.0
433.0
435.0
457.0
495.0
524.0
541.0
528.0
497.0
460.0
456.0
450.0
465.0
471.0
501.0
549.0
567.0
566.0
526.0
490.0
477.0
475.0
469.0
468.0
479.0
509.0
550.0
569.0
558.0
522.0
488.0
473.0
461.0
454.0
462.0
476.0
524.0
565.0
578.0
559.0
523.0
490.0
480.0
476.0
472.0
480.0
504.0
550.0
579.0
571.0
543.0
507.0
483.0
477.0
475.0
479.0
495.0
536.0
572.0
583.0
551.0
517.0
485.0
476.0
473.0
476.0
478.0
505.0
542.0
568.0
562.0
530.0
493.0
475.0
466.0
465.0
466.0
474.0
514.0
549.0
560.0
544.0
504.0
468.0
462.0
453.0
452.0
459.0
476.0
521.0
545.0
552.0
519.0
481.0
462.0
449.0
445.0
445.0
450.0
480.0
524.0
542.0
540.0
502.0
470.0
449.0
446.0
437.0
440.0
454.0
493.0
529.0
537.0
520.0
487.0
454.0
442.0
434.0
432.0
437.0
454.0
502.0
525.0
530.0
498.0
463.0
441.0
426.0
430.0
430.0
435.0
469.0
510.0
520.0
512.0
475.0
437.0
429.0
424.0
421.0
423.0
434.0
477.0
514.0
509.0
478.0
434.0
416.0
403.0
400.0
403.0
404.0
427.0
463.0
490.0
487.0
462.0
434.0
410.0
400.0
396.0
400.0
406.0
435.0
467.0
490.0
480.0
449.0
413.0
399.0
400.0
404.0
408.0
421.0
448.0
481.0
499.0
486.0
455.0
420.0
406.0
401.0
403.0
404.0
417.0
453.0
483.0
494.0
487.0
461.0
424.0
415.0
405.0
404.0
410.0
417.0
451.0
493.0
505.0
492.0
448.0
414.0
404.0
396.0
395.0
403.0
408.0
449.0
488.0
499.0
477.0
448.0
417.0
407.0
402.0
397.0
404.0
412.0
452.0
479.0
484.0
475.0
444.0
412.0
397.0
393.0
384.0
373.0
387.0
435.0
462.0
476.0
460.0
434.0
403.0
396.0
386.0
381.0
387.0
398.0
437.0
468.0
475.0
464.0
431.0
404.0
397.0
386.0
389.0
392.0
404.0
439.0
465.0
476.0
451.0
426.0
402.0
392.0
388.0
384.0
389.0
398.0
436.0
464.0
471.0
448.0
423.0
398.0
390.0
388.0
390.0
390.0
403.0
444.0
472.0
473.0
446.0
416.0
393.0
387.0
382.0
387.0
382.0
403.0
438.0
463.0
467.0
445.0
414.0
391.0
383.0
377.0
375.0
379.0
388.0
418.0
448.0
456.0
443.0
415.0
386.0
375.0
369.0
368.0
373.0
386.0
416.0
446.0
459.0
441.0
413.0
388.0
380.0
375.0
376.0
383.0
412.0
453.0
483.0
496.0
468.0
428.0
399.0
384.0
381.0
381.0
382.0
402.0
445.0
473.0
484.0
460.0
427.0
391.0
385.0
376.0
376.0
382.0
400.0
443.0
469.0
479.0
446.0
415.0
386.0
379.0
376.0
373.0
380.0
400.0
438.0
469.0
470.0
445.0
409.0
385.0
374.0
369.0
365.0
373.0
399.0
439.0
466.0
466.0
437.0
408.0
379.0
368.0
364.0
370.0
368.0
397.0
431.0
459.0
465.0
436.0
401.0
379.0
372.0
366.0
368.0
365.0
392.0
428.0
458.0
465.0
445.0
403.0
383.0
374.0
365.0
365.0
369.0
384.0
425.0
458.0
467.0
447.0
408.0
380.0
370.0
365.0
364.0
370.0
374.0
416.0
449.0
460.0
444.0
419.0
386.0
370.0
363.0
362.0
361.0
377.0
411.0
447.0
462.0
448.0
410.0
383.0
361.0
355.0
354.0
358.0
374.0
423.0
447.0
451.0
440.0
406.0
375.0
367.0
355.0
357.0
358.0
371.0
413.0
447.0
452.0
440.0
408.0
374.0
363.0
354.0
358.0
361.0
377.0
411.0
447.0
458.0
438.0
404.0
374.0
359.0
356.0
355.0
360.0
378.0
419.0
448.0
451.0
421.0
390.0
369.0
360.0
357.0
355.0
362.0
393.0
433.0
451.0
447.0
413.0
381.0
367.0
358.0
358.0
360.0
364.0
401.0
436.0
454.0
443.0
412.0
381.0
361.0
358.0
355.0
357.0
363.0
400.0
445.0
452.0
447.0
411.0
377.0
358.0
357.0
351.0
358.0
375.0
410.0
449.0
457.0
448.0
416.0
383.0
373.0
368.0
366.0
370.0
394.0
433.0
459.0
463.0
432.0
399.0
378.0
367.0
362.0
364.0
374.0
411.0
450.0
463.0
451.0
418.0
383.0
370.0
367.0
363.0
368.0
379.0
422.0
452.0
460.0
443.0
403.0
377.0
366.0
367.0
362.0
373.0
394.0
435.0
459.0
458.0
433.0
394.0
375.0
367.0
361.0
366.0
368.0
404.0
447.0
465.0
454.0
423.0
390.0
371.0
366.0
358.0
366.0
374.0
407.0
456.0
468.0
444.0
410.0
377.0
366.0
365.0
366.0
372.0
394.0
440.0
467.0
467.0
431.0
396.0
375.0
365.0
359.0
363.0
376.0
412.0
447.0
466.0
448.0
416.0
383.0
366.0
357.0
359.0
360.0
376.0
419.0
455.0
464.0
441.0
411.0
376.0
370.0
360.0
361.0
363.0
385.0
425.0
456.0
463.0
436.0
404.0
377.0
364.0
362.0
364.0
369.0
393.0
437.0
466.0
464.0
433.0
394.0
377.0
364.0
363.0
370.0
372.0
407.0
448.0
467.0
454.0
424.0
390.0
376.0
370.0
367.0
370.0
376.0
422.0
454.0
468.0
452.0
412.0
381.0
374.0
366.0
368.0
373.0
389.0
428.0
455.0
465.0
441.0
409.0
381.0
371.0
363.0
365.0
368.0
395.0
437.0
465.0
464.0
439.0
403.0
384.0
368.0
367.0
371.0
374.0
407.0
450.0
468.0
461.0
424.0
386.0
375.0
369.0
366.0
372.0
384.0
421.0
459.0
469.0
443.0
407.0
380.0
367.0
367.0
370.0
375.0
411.0
453.0
470.0
455.0
421.0
384.0
377.0
370.0
369.0
370.0
389.0
430.0
459.0
466.0
446.0
407.0
382.0
373.0
366.0
366.0
365.0
384.0
428.0
459.0
460.0
438.0
401.0
375.0
362.0
361.0
364.0
369.0
397.0
436.0
461.0
460.0
425.0
394.0
376.0
363.0
361.0
359.0
369.0
394.0
442.0
459.0
456.0
419.0
385.0
368.0
354.0
358.0
358.0
367.0
401.0
442.0
454.0
447.0
409.0
379.0
367.0
360.0
355.0
356.0
367.0
405.0
445.0
458.0
442.0
406.0
375.0
362.0
356.0
354.0
362.0
375.0
415.0
451.0
456.0
432.0
398.0
372.0
360.0
357.0
357.0
359.0
383.0
423.0
451.0
452.0
422.0
391.0
365.0
353.0
352.0
350.0
358.0
383.0
425.0
449.0
445.0
427.0
384.0
357.0
349.0
348.0
347.0
359.0
395.0
434.0
459.0
455.0
423.0
383.0
368.0
357.0
355.0
355.0
367.0
392.0
433.0
454.0
450.0
418.0
382.0
366.0
358.0
357.0
358.0
371.0
409.0
447.0
458.0
435.0
403.0
374.0
364.0
350.0
351.0
358.0
374.0
418.0
450.0
453.0
428.0
396.0
368.0
357.0
353.0
352.0
366.0
390.0
426.0
453.0
447.0
416.0
385.0
363.0
355.0
354.0
350.0
365.0
399.0
434.0
450.0
445.0
403.0
372.0
360.0
352.0
349.0
356.0
368.0
416.0
443.0
451.0
426.0
392.0
365.0
353.0
352.0
351.0
357.0
384.0
429.0
444.0
446.0
414.0
381.0
364.0
354.0
350.0
350.0
362.0
390.0
434.0
449.0
436.0
408.0
369.0
356.0
349.0
348.0
353.0
366.0
408.0
441.0
445.0
424.0
392.0
362.0
352.0
347.0
346.0
353.0
384.0
426.0
447.0
439.0
402.0
370.0
356.0
342.0
341.0
346.0
364.0
406.0
436.0
445.0
426.0
386.0
362.0
348.0
342.0
346.0
350.0
371.0
413.0
439.0
438.0
406.0
370.0
353.0
342.0
341.0
345.0
354.0
391.0
428.0
443.0
422.0
392.0
355.0
345.0
342.0
339.0
343.0
361.0
400.0
429.0
441.0
413.0
377.0
350.0
342.0
338.0
338.0
340.0
367.0
416.0
434.0
430.0
400.0
364.0
345.0
339.0
334.0
336.0
349.0
386.0
425.0
434.0
423.0
391.0
356.0
342.0
334.0
335.0
335.0
347.0
382.0
421.0
433.0
420.0
386.0
353.0
343.0
331.0
334.0
339.0
352.0
391.0
428.0
434.0
408.0
367.0
346.0
331.0
329.0
336.0
341.0
374.0
418.0
429.0
420.0
388.0
351.0
333.0
331.0
331.0
336.0
353.0
395.0
427.0
429.0
400.0
362.0
340.0
338.0
328.0
329.0
338.0
379.0
414.0
427.0
416.0
380.0
347.0
334.0
328.0
325.0
333.0
342.0
383.0
420.0
430.0
409.0
375.0
347.0
329.0
324.0
328.0
336.0
356.0
395.0
424.0
425.0
394.0
361.0
339.0
325.0
326.0
327.0
338.0
376.0
411.0
425.0
415.0
380.0
342.0
328.0
324.0
326.0
332.0
351.0
395.0
424.0
423.0
395.0
355.0
337.0
326.0
328.0
328.0
334.0
377.0
417.0
425.0
402.0
365.0
341.0
326.0
324.0
324.0
328.0
362.0
405.0
422.0
414.0
380.0
341.0
331.0
327.0
323.0
322.0
354.0
397.0
427.0
416.0
380.0
346.0
331.0
322.0
320.0
326.0
346.0
387.0
417.0
419.0
388.0
350.0
329.0
322.0
319.0
322.0
343.0
390.0
416.0
417.0
385.0
346.0
328.0
319.0
314.0
325.0
342.0
384.0
413.0
417.0
384.0
345.0
327.0
322.0
320.0
323.0
345.0
391.0
417.0
414.0
378.0
340.0
330.0
317.0
317.0
325.0
349.0
390.0
417.0
410.0
373.0
337.0
321.0
315.0
319.0
317.0
348.0
392.0
412.0
408.0
373.0
334.0
326.0
320.0
317.0
322.0
348.0
396.0
413.0
406.0
374.0
337.0
321.0
316.0
313.0
321.0
354.0
400.0
415.0
398.0
365.0
329.0
317.0
310.0
315.0
320.0
360.0
404.0
417.0
391.0
352.0
326.0
319.0
310.0
318.0
326.0
372.0
403.0
411.0
380.0
339.0
324.0
313.0
312.0
321.0
337.0
390.0
412.0
405.0
363.0
328.0
316.0
311.0
309.0
319.0
349.0
393.0
411.0
399.0
360.0
329.0
319.0
310.0
310.0
321.0
352.0
396.0
414.0
394.0
357.0
325.0
316.0
306.0
312.0
324.0
367.0
404.0
405.0
383.0
348.0
322.0
311.0
310.0
310.0
322.0
373.0
406.0
408.0
375.0
334.0
314.0
310.0
311.0
313.0
342.0
392.0
408.0
398.0
359.0
325.0
315.0
307.0
309.0
320.0
356.0
397.0
411.0
384.0
343.0
319.0
306.0
308.0
309.0
326.0
371.0
407.0
406.0
370.0
332.0
309.0
305.0
304.0
311.0
332.0
375.0
403.0
403.0
369.0
335.0
316.0
306.0
304.0
312.0
326.0
365.0
397.0
401.0
373.0
338.0
317.0
308.0
305.0
307.0
314.0
357.0
393.0
405.0
379.0
342.0
318.0
306.0
300.0
305.0
313.0
353.0
393.0
408.0
388.0
351.0
318.0
311.0
307.0
304.0
313.0
342.0
390.0
413.0
399.0
364.0
324.0
314.0
305.0
306.0
317.0
343.0
387.0
407.0
401.0
365.0
328.0
313.0
311.0
316.0
315.0
335.0
367.0
387.0
388.0
354.0
323.0
310.0
302.0
300.0
307.0
323.0
367.0
390.0
397.0
364.0
332.0
310.0
302.0
299.0
302.0
316.0
351.0
384.0
398.0
376.0
338.0
313.0
302.0
296.0
299.0
311.0
349.0
385.0
389.0
354.0
311.0
296.0
305.0
298.0
301.0
309.0
355.0
385.0
395.0
367.0
335.0
312.0
302.0
283.0
297.0
316.0
354.0
384.0
384.0
358.0
321.0
311.0
312.0
305.0
313.0
333.0
373.0
394.0
398.0
369.0
330.0
316.0
313.0
316.0
337.0
333.0
375.0
402.0
398.0
369.0
335.0
320.0
314.0
311.0
318.0
338.0
380.0
402.0
396.0
365.0
332.0
323.0
310.0
295.0
293.0
328.0
381.0
395.0
387.0
358.0
331.0
321.0
320.0
318.0
322.0
362.0
392.0
410.0
388.0
356.0
332.0
321.0
317.0
318.0
326.0
368.0
400.0
399.0
364.0
341.0
328.0
314.0
316.0
319.0
337.0
372.0
400.0
399.0
369.0
332.0
309.0
313.0
312.0
323.0
341.0
385.0
395.0
396.0
361.0
332.0
320.0
314.0
318.0
323.0
354.0
390.0
405.0
387.0
357.0
329.0
317.0
313.0
317.0
325.0
362.0
394.0
406.0
384.0
347.0
323.0
314.0
316.0
315.0
328.0
372.0
393.0
402.0
373.0
334.0
320.0
314.0
311.0
321.0
341.0
383.0
403.0
391.0
356.0
324.0
317.0
318.0
324.0
323.0
361.0
392.0
403.0
376.0
338.0
324.0
316.0
311.0
317.0
335.0
376.0
401.0
394.0
360.0
327.0
314.0
312.0
315.0
321.0
351.0
389.0
402.0
386.0
354.0
326.0
317.0
314.0
320.0
331.0
365.0
401.0
411.0
384.0
349.0
334.0
328.0
328.0
335.0
350.0
396.0
416.0
415.0
390.0
355.0
343.0
341.0
341.0
351.0
379.0
420.0
439.0
428.0
396.0
365.0
356.0
358.0
355.0
369.0
403.0
442.0
452.0
429.0
392.0
379.0
368.0
366.0
371.0
389.0
421.0
458.0
465.0
444.0
416.0
403.0
396.0
397.0
405.0
418.0
466.0
488.0
484.0
449.0
421.0
410.0
402.0
405.0
410.0
439.0
478.0
494.0
483.0
452.0
418.0
413.0
408.0
415.0
419.0
464.0
499.0
500.0
474.0
443.0
423.0
415.0
410.0
416.0
433.0
480.0
507.0
505.0
471.0
436.0
421.0
411.0
414.0
420.0
444.0
487.0
501.0
491.0
459.0
426.0
417.0
413.0
410.0
417.0
450.0
487.0
506.0
485.0
448.0
421.0
414.0
410.0
412.0
422.0
459.0
491.0
496.0
474.0
439.0
412.0
410.0
406.0
408.0
422.0
472.0
499.0
501.0
466.0
428.0
408.0
407.0
398.0
411.0
440.0
478.0
495.0
484.0
447.0
419.0
404.0
398.0
402.0
409.0
436.0
482.0
493.0
478.0
446.0
414.0
403.0
401.0
399.0
408.0
443.0
480.0
497.0
478.0
444.0
413.0
406.0
402.0
404.0
408.0
440.0
474.0
495.0
478.0
441.0
408.0
395.0
394.0
392.0
405.0
439.0
478.0
480.0
466.0
431.0
407.0
393.0
391.0
394.0
404.0
444.0
472.0
483.0
449.0
418.0
398.0
387.0
386.0
390.0
413.0
458.0
483.0
473.0
442.0
406.0
395.0
389.0
387.0
394.0
418.0
456.0
476.0
461.0
425.0
394.0
386.0
381.0
384.0
387.0
427.0
466.0
475.0
450.0
409.0
389.0
380.0
376.0
381.0
395.0
442.0
471.0
462.0
429.0
395.0
384.0
377.0
369.0
370.0
387.0
437.0
462.0
462.0
431.0
396.0
374.0
366.0
367.0
363.0
390.0
436.0
451.0
442.0
422.0
381.0
369.0
360.0
361.0
372.0
403.0
450.0
463.0
447.0
411.0
379.0
367.0
361.0
365.0
371.0
407.0
448.0
451.0
426.0
388.0
364.0
361.0
351.0
358.0
374.0
427.0
455.0
454.0
410.0
376.0
357.0
357.0
353.0
366.0
401.0
440.0
450.0
435.0
392.0
368.0
352.0
349.0
357.0
362.0
414.0
442.0
445.0
413.0
372.0
355.0
346.0
350.0
356.0
383.0
420.0
442.0
430.0
391.0
360.0
352.0
346.0
348.0
365.0
405.0
430.0
426.0
392.0
363.0
353.0
345.0
344.0
354.0
385.0
424.0
435.0
411.0
379.0
356.0
343.0
344.0
345.0
361.0
405.0
428.0
430.0
395.0
365.0
349.0
340.0
343.0
348.0
380.0
417.0
425.0
415.0
381.0
349.0
342.0
341.0
339.0
349.0
390.0
420.0
424.0
402.0
366.0
345.0
335.0
338.0
342.0
361.0
405.0
424.0
417.0
389.0
350.0
342.0
337.0
339.0
344.0
371.0
405.0
426.0
414.0
382.0
350.0
335.0
329.0
333.0
342.0
376.0
409.0
421.0
402.0
367.0
345.0
335.0
328.0
332.0
343.0
386.0
419.0
416.0
402.0
368.0
347.0
337.0
336.0
341.0
349.0
394.0
424.0
425.0
397.0
357.0
342.0
340.0
335.0
337.0
351.0
396.0
419.0
422.0
393.0
359.0
344.0
334.0
332.0
338.0
355.0
399.0
422.0
416.0
385.0
350.0
338.0
332.0
328.0
338.0
357.0
400.0
421.0
411.0
381.0
347.0
334.0
331.0
330.0
337.0
364.0
403.0
417.0
407.0
377.0
348.0
334.0
330.0
331.0
335.0
364.0
409.0
422.0
404.0
363.0
340.0
332.0
326.0
332.0
343.0
378.0
409.0
413.0
391.0
360.0
334.0
322.0
327.0
328.0
335.0
375.0
407.0
417.0
387.0
357.0
334.0
325.0
323.0
330.0
340.0
385.0
409.0
408.0
378.0
341.0
333.0
324.0
325.0
323.0
346.0
385.0
408.0
409.0
377.0
340.0
326.0
320.0
316.0
324.0
347.0
384.0
407.0
399.0
370.0
338.0
323.0
316.0
316.0
328.0
345.0
386.0
406.0
398.0
367.0
334.0
325.0
318.0
320.0
322.0
348.0
390.0
405.0
391.0
353.0
331.0
320.0
317.0
315.0
328.0
363.0
398.0
404.0
381.0
346.0
320.0
318.0
314.0
319.0
333.0
371.0
400.0
398.0
370.0
332.0
322.0
315.0
309.0
320.0
343.0
382.0
398.0
394.0
359.0
331.0
319.0
314.0
310.0
320.0
348.0
387.0
398.0
385.0
355.0
325.0
316.0
314.0
313.0
320.0
349.0
387.0
397.0
384.0
353.0
324.0
311.0
310.0
310.0
319.0
351.0
390.0
400.0
374.0
344.0
319.0
316.0
317.0
320.0
322.0
354.0
386.0
396.0
371.0
333.0
317.0
310.0
306.0
311.0
334.0
376.0
392.0
387.0
357.0
323.0
314.0
308.0
308.0
311.0
335.0
370.0
394.0
384.0
357.0
325.0
310.0
305.0
307.0
322.0
350.0
388.0
401.0
387.0
357.0
328.0
317.0
315.0
316.0
322.0
361.0
394.0
402.0
380.0
344.0
324.0
314.0
311.0
318.0
329.0
371.0
396.0
395.0
369.0
335.0
317.0
310.0
308.0
310.0
332.0
366.0
391.0
383.0
351.0
320.0
311.0
306.0
306.0
310.0
337.0
371.0
386.0
378.0
343.0
317.0
307.0
301.0
304.0
312.0
338.0
374.0
391.0
373.0
340.0
315.0
302.0
299.0
304.0
311.0
349.0
380.0
388.0
366.0
329.0
311.0
299.0
299.0
306.0
319.0
355.0
386.0
385.0
358.0
323.0
307.0
303.0
298.0
304.0
332.0
367.0
383.0
377.0
348.0
316.0
302.0
301.0
301.0
306.0
336.0
389.0
405.0
382.0
340.0
314.0
300.0
294.0
301.0
313.0
364.0
396.0
396.0
363.0
323.0
304.0
294.0
294.0
299.0
324.0
366.0
401.0
393.0
354.0
316.0
298.0
292.0
292.0
299.0
332.0
376.0
400.0
386.0
346.0
308.0
292.0
294.0
298.0
306.0
351.0
385.0
394.0
365.0
325.0
302.0
298.0
296.0
299.0
315.0
361.0
393.0
389.0
355.0
318.0
302.0
296.0
297.0
299.0
333.0
376.0
399.0
380.0
340.0
309.0
296.0
289.0
290.0
302.0
330.0
374.0
392.0
382.0
344.0
306.0
300.0
293.0
293.0
301.0
337.0
376.0
391.0
367.0
335.0
309.0
295.0
290.0
292.0
304.0
347.0
378.0
389.0
358.0
322.0
298.0
291.0
290.0
294.0
313.0
356.0
386.0
386.0
356.0
314.0
298.0
292.0
289.0
295.0
312.0
365.0
390.0
385.0
354.0
316.0
295.0
292.0
288.0
293.0
315.0
359.0
384.0
377.0
343.0
310.0
291.0
288.0
285.0
290.0
320.0
360.0
387.0
383.0
350.0
312.0
296.0
287.0
287.0
287.0
313.0
359.0
386.0
382.0
348.0
309.0
294.0
288.0
285.0
292.0
316.0
363.0
385.0
383.0
344.0
305.0
294.0
287.0
287.0
292.0
320.0
366.0
387.0
382.0
346.0
306.0
293.0
288.0
287.0
294.0
315.0
357.0
386.0
384.0
350.0
311.0
294.0
289.0
284.0
289.0
306.0
351.0
381.0
384.0
349.0
308.0
293.0
280.0
280.0
285.0
305.0
353.0
382.0
383.0
350.0
313.0
293.0
284.0
285.0
288.0
309.0
358.0
387.0
383.0
347.0
306.0
290.0
284.0
282.0
293.0
323.0
369.0
391.0
377.0
336.0
295.0
288.0
285.0
290.0
295.0
330.0
374.0
384.0
366.0
326.0
298.0
285.0
279.0
289.0
298.0
341.0
379.0
383.0
358.0
321.0
292.0
288.0
287.0
290.0
297.0
349.0
384.0
386.0
353.0
314.0
295.0
288.0
286.0
292.0
305.0
350.0
382.0
386.0
353.0
317.0
295.0
287.0
290.0
294.0
312.0
357.0
388.0
387.0
356.0
319.0
304.0
291.0
294.0
298.0
323.0
364.0
390.0
388.0
356.0
320.0
304.0
298.0
299.0
306.0
327.0
370.0
395.0
393.0
361.0
320.0
306.0
301.0
300.0
309.0
343.0
388.0
405.0
387.0
352.0
326.0
315.0
309.0
310.0
323.0
365.0
408.0
418.0
393.0
351.0
329.0
322.0
321.0
325.0
335.0
381.0
419.0
431.0
404.0
366.0
343.0
332.0
330.0
336.0
354.0
403.0
436.0
440.0
401.0
364.0
344.0
338.0
338.0
346.0
375.0
420.0
447.0
440.0
404.0
361.0
350.0
346.0
347.0
358.0
394.0
437.0
459.0
441.0
404.0
368.0
360.0
354.0
359.0
367.0
404.0
449.0
469.0
452.0
415.0
383.0
373.0
369.0
374.0
384.0
425.0
466.0
478.0
458.0
420.0
386.0
379.0
374.0
377.0
385.0
430.0
469.0
479.0
454.0
417.0
391.0
383.0
375.0
382.0
392.0
437.0
477.0
482.0
450.0
411.0
386.0
377.0
375.0
382.0
397.0
446.0
473.0
476.0
433.0
394.0
378.0
376.0
375.0
388.0
421.0
462.0
471.0
448.0
412.0
382.0
372.0
371.0
374.0
380.0
425.0
460.0
470.0
451.0
402.0
378.0
365.0
362.0
371.0
388.0
434.0
465.0
467.0
432.0
391.0
376.0
366.0
364.0
370.0
393.0
438.0
462.0
454.0
416.0
375.0
365.0
359.0
363.0
367.0
404.0
449.0
461.0
440.0
405.0
371.0
359.0
350.0
349.0
363.0
406.0
444.0
463.0
443.0
407.0
375.0
367.0
359.0
360.0
369.0
407.0
449.0
463.0
436.0
398.0
374.0
363.0
365.0
363.0
380.0
419.0
456.0
461.0
428.0
392.0
370.0
365.0
361.0
369.0
394.0
437.0
472.0
458.0
415.0
380.0
361.0
355.0
354.0
369.0
408.0
447.0
459.0
426.0
389.0
364.0
357.0
352.0
360.0
374.0
422.0
447.0
443.0
412.0
375.0
358.0
355.0
355.0
360.0
385.0
434.0
450.0
437.0
402.0
368.0
356.0
351.0
350.0
358.0
396.0
434.0
447.0
426.0
386.0
365.0
352.0
350.0
352.0
360.0
402.0
435.0
448.0
417.0
378.0
358.0
348.0
349.0
349.0
363.0
404.0
435.0
439.0
410.0
373.0
355.0
348.0
344.0
350.0
368.0
414.0
435.0
431.0
399.0
363.0
348.0
341.0
341.0
347.0
376.0
416.0
433.0
422.0
387.0
359.0
346.0
342.0
344.0
348.0
381.0
416.0
432.0
425.0
386.0
352.0
344.0
336.0
338.0
345.0
378.0
416.0
430.0
421.0
380.0
352.0
340.0
339.0
338.0
344.0
389.0
425.0
433.0
408.0
367.0
344.0
333.0
336.0
341.0
353.0
391.0
425.0
427.0
399.0
367.0
343.0
337.0
331.0
336.0
347.0
388.0
419.0
430.0
401.0
362.0
341.0
336.0
329.0
329.0
344.0
387.0
417.0
426.0
402.0
362.0
339.0
333.0
324.0
328.0
340.0
379.0
419.0
423.0
404.0
363.0
339.0
326.0
325.0
329.0
336.0
372.0
409.0
422.0
406.0
372.0
339.0
329.0
324.0
323.0
330.0
361.0
402.0
420.0
409.0
371.0
342.0
331.0
324.0
326.0
328.0
356.0
394.0
414.0
414.0
372.0
342.0
327.0
320.0
322.0
329.0
351.0
392.0
410.0
410.0
378.0
344.0
333.0
323.0
320.0
322.0
335.0
375.0
409.0
413.0
388.0
350.0
330.0
317.0
315.0
321.0
331.0
368.0
405.0
415.0
387.0
357.0
332.0
319.0
322.0
321.0
327.0
353.0
392.0
410.0
399.0
357.0
334.0
318.0
312.0
310.0
310.0
345.0
399.0
413.0
405.0
368.0
332.0
317.0
309.0
310.0
316.0
338.0
377.0
406.0
406.0
372.0
344.0
320.0
315.0
308.0
310.0
321.0
364.0
400.0
409.0
389.0
354.0
320.0
313.0
303.0
307.0
315.0
328.0
372.0
400.0
390.0
356.0
325.0
314.0
306.0
307.0
312.0
327.0
380.0
405.0
401.0
371.0
334.0
317.0
308.0
305.0
306.0
321.0
361.0
389.0
398.0
373.0
344.0
320.0
306.0
307.0
307.0
312.0
349.0
384.0
395.0
379.0
343.0
315.0
308.0
301.0
300.0
306.0
344.0
384.0
401.0
386.0
345.0
314.0
311.0
302.0
303.0
309.0
343.0
380.0
400.0
390.0
363.0
318.0
313.0
302.0
308.0
310.0
343.0
383.0
404.0
394.0
349.0
320.0
310.0
304.0
303.0
309.0
336.0
379.0
404.0
390.0
356.0
318.0
307.0
301.0
303.0
303.0
328.0
366.0
393.0
385.0
357.0
323.0
308.0
303.0
298.0
306.0
327.0
375.0
401.0
396.0
360.0
317.0
300.0
289.0
290.0
296.0
315.0
359.0
394.0
397.0
369.0
329.0
303.0
295.0
296.0
299.0
310.0
357.0
395.0
402.0
372.0
331.0
303.0
295.0
295.0
300.0
311.0
356.0
391.0
396.0
370.0
329.0
304.0
297.0
295.0
299.0
305.0
351.0
390.0
397.0
377.0
338.0
309.0
295.0
290.0
290.0
302.0
345.0
389.0
401.0
377.0
336.0
305.0
299.0
293.0
292.0
299.0
344.0
387.0
398.0
376.0
336.0
307.0
295.0
292.0
291.0
306.0
342.0
386.0
399.0
377.0
339.0
312.0
295.0
284.0
290.0
300.0
338.0
377.0
391.0
375.0
335.0
304.0
295.0
288.0
290.0
290.0
328.0
371.0
393.0
382.0
345.0
311.0
294.0
298.0
296.0
301.0
338.0
378.0
394.0
376.0
337.0
309.0
295.0
290.0
296.0
305.0
345.0
384.0
395.0
369.0
334.0
304.0
295.0
294.0
298.0
304.0
344.0
383.0
393.0
368.0
329.0
308.0
297.0
290.0
289.0
307.0
347.0
380.0
389.0
361.0
330.0
303.0
290.0
288.0
293.0
301.0
349.0
381.0
388.0
360.0
319.0
300.0
291.0
289.0
293.0
306.0
350.0
381.0
384.0
353.0
316.0
296.0
292.0
286.0
291.0
305.0
352.0
381.0
385.0
351.0
310.0
293.0
288.0
285.0
289.0
308.0
358.0
383.0
375.0
345.0
312.0
294.0
285.0
282.0
287.0
312.0
355.0
379.0
379.0
343.0
307.0
291.0
286.0
284.0
286.0
310.0
349.0
376.0
376.0
340.0
302.0
290.0
289.0
290.0
293.0
324.0
366.0
382.0
369.0
328.0
302.0
288.0
284.0
286.0
292.0
329.0
366.0
379.0
368.0
326.0
298.0
286.0
282.0
274.0
281.0
316.0
358.0
373.0
356.0
323.0
292.0
278.0
280.0
280.0
288.0
320.0
362.0
374.0
358.0
319.0
291.0
281.0
279.0
276.0
288.0
325.0
361.0
373.0
352.0
319.0
288.0
281.0
273.0
276.0
288.0
332.0
369.0
375.0
341.0
304.0
286.0
278.0
273.0
278.0
294.0
340.0
368.0
370.0
343.0
308.0
291.0
270.0
269.0
280.0
298.0
328.0
366.0
369.0
332.0
299.0
282.0
276.0
272.0
275.0
291.0
337.0
366.0
365.0
337.0
299.0
277.0
276.0
272.0
276.0
299.0
346.0
387.0
385.0
347.0
312.0
298.0
291.0
287.0
299.0
324.0
372.0
386.0
374.0
336.0
306.0
293.0
290.0
294.0
299.0
341.0
378.0
389.0
366.0
328.0
301.0
291.0
291.0
292.0
300.0
349.0
381.0
385.0
354.0
315.0
292.0
291.0
291.0
292.0
312.0
352.0
382.0
381.0
349.0
313.0
296.0
289.0
286.0
295.0
314.0
368.0
382.0
373.0
338.0
306.0
293.0
291.0
290.0
299.0
332.0
371.0
384.0
368.0
331.0
302.0
290.0
287.0
290.0
304.0
344.0
383.0
374.0
340.0
297.0
283.0
276.0
278.0
283.0
306.0
351.0
371.0
364.0
327.0
295.0
281.0
272.0
273.0
280.0
301.0
350.0
372.0
353.0
312.0
284.0
277.0
271.0
274.0
285.0
325.0
358.0
366.0
341.0
306.0
277.0
272.0
268.0
270.0
291.0
331.0
365.0
366.0
333.0
290.0
280.0
273.0
272.0
275.0
296.0
344.0
363.0
362.0
329.0
291.0
276.0
271.0
266.0
277.0
298.0
343.0
363.0
360.0
318.0
286.0
276.0
270.0
275.0
277.0
301.0
342.0
367.0
360.0
320.0
288.0
273.0
269.0
267.0
279.0
307.0
347.0
362.0
354.0
323.0
284.0
277.0
270.0
269.0
280.0
297.0
345.0
364.0
360.0
325.0
287.0
274.0
270.0
267.0
273.0
294.0
331.0
360.0
363.0
329.0
294.0
280.0
273.0
273.0
272.0
284.0
327.0
357.0
362.0
334.0
301.0
282.0
272.0
267.0
270.0
280.0
324.0
357.0
363.0
336.0
300.0
280.0
271.0
265.0
267.0
283.0
327.0
360.0
364.0
337.0
302.0
278.0
274.0
265.0
274.0
284.0
325.0
356.0
362.0
331.0
294.0
275.0
272.0
269.0
273.0
284.0
331.0
355.0
360.0
328.0
293.0
278.0
267.0
267.0
270.0
291.0
334.0
361.0
359.0
326.0
284.0
275.0
270.0
272.0
275.0
300.0
343.0
364.0
348.0
313.0
281.0
273.0
265.0
266.0
272.0
310.0
346.0
360.0
343.0
307.0
274.0
269.0
265.0
267.0
280.0
313.0
354.0
360.0
331.0
300.0
273.0
271.0
266.0
267.0
283.0
323.0
356.0
362.0
333.0
302.0
278.0
266.0
265.0
267.0
280.0
322.0
354.0
360.0
334.0
294.0
270.0
269.0
268.0
267.0
280.0
329.0
353.0
359.0
324.0
285.0
272.0
269.0
267.0
271.0
290.0
336.0
360.0
354.0
316.0
282.0
271.0
265.0
267.0
272.0
305.0
347.0
358.0
342.0
308.0
277.0
271.0
265.0
271.0
276.0
321.0
354.0
355.0
327.0
288.0
271.0
266.0
264.0
274.0
295.0
340.0
359.0
346.0
309.0
280.0
270.0
262.0
261.0
272.0
313.0
348.0
355.0
331.0
298.0
277.0
268.0
262.0
271.0
286.0
329.0
352.0
352.0
315.0
280.0
267.0
266.0
264.0
271.0
307.0
346.0
357.0
332.0
298.0
271.0
264.0
264.0
266.0
283.0
329.0
354.0
350.0
317.0
282.0
266.0
265.0
268.0
273.0
302.0
340.0
356.0
341.0
303.0
276.0
263.0
263.0
261.0
271.0
311.0
349.0
359.0
338.0
299.0
273.0
267.0
260.0
265.0
281.0
322.0
352.0
350.0
319.0
280.0
270.0
260.0
261.0
268.0
297.0
335.0
348.0
339.0
302.0
273.0
268.0
258.0
265.0
274.0
317.0
351.0
352.0
327.0
286.0
271.0
260.0
264.0
269.0
284.0
330.0
356.0
352.0
318.0
283.0
272.0
262.0
265.0
272.0
300.0
343.0
363.0
352.0
319.0
290.0
274.0
271.0
273.0
282.0
324.0
362.0
369.0
349.0
315.0
290.0
281.0
280.0
285.0
300.0
345.0
373.0
377.0
338.0
303.0
295.0
287.0
290.0
295.0
326.0
372.0
394.0
381.0
343.0
313.0
304.0
297.0
303.0
313.0
349.0
387.0
396.0
374.0
340.0
314.0
306.0
300.0
303.0
318.0
358.0
394.0
399.0
375.0
338.0
317.0
308.0
309.0
311.0
325.0
365.0
403.0
403.0
377.0
342.0
318.0
313.0
309.0
314.0
330.0
374.0
403.0
404.0
381.0
336.0
322.0
314.0
310.0
314.0
328.0
376.0
404.0
405.0
371.0
339.0
318.0
314.0
313.0
313.0
334.0
379.0
403.0
403.0
368.0
331.0
315.0
310.0
314.0
311.0
336.0
381.0
404.0
398.0
366.0
328.0
314.0
311.0
306.0
317.0
346.0
385.0
404.0
388.0
349.0
321.0
310.0
311.0
310.0
315.0
354.0
392.0
400.0
379.0
346.0
320.0
310.0
303.0
303.0
318.0
353.0
387.0
396.0
381.0
344.0
316.0
312.0
304.0
305.0
313.0
349.0
384.0
398.0
379.0
344.0
318.0
302.0
302.0
301.0
308.0
348.0
385.0
396.0
378.0
345.0
314.0
304.0
301.0
305.0
308.0
342.0
384.0
390.0
380.0
340.0
314.0
307.0
298.0
297.0
312.0
343.0
379.0
388.0
381.0
345.0
313.0
304.0
296.0
297.0
306.0
335.0
377.0
391.0
383.0
344.0
317.0
303.0
296.0
298.0
301.0
332.0
369.0
392.0
375.0
344.0
316.0
297.0
299.0
294.0
305.0
330.0
373.0
387.0
377.0
345.0
312.0
298.0
295.0
293.0
303.0
331.0
373.0
388.0
376.0
343.0
314.0
304.0
299.0
297.0
305.0
339.0
384.0
394.0
374.0
337.0
305.0
297.0
295.0
294.0
302.0
341.0
381.0
390.0
367.0
328.0
304.0
293.0
294.0
297.0
304.0
352.0
385.0
384.0
358.0
315.0
303.0
293.0
289.0
296.0
314.0
362.0
385.0
381.0
344.0
313.0
298.0
291.0
296.0
306.0
330.0
370.0
388.0
372.0
328.0
299.0
290.0
283.0
290.0
300.0
332.0
377.0
382.0
351.0
318.0
299.0
289.0
284.0
283.0
309.0
353.0
378.0
378.0
350.0
310.0
294.0
289.0
286.0
290.0
310.0
360.0
381.0
378.0
345.0
306.0
292.0
290.0
290.0
290.0
327.0
369.0
381.0
368.0
333.0
304.0
290.0
288.0
288.0
295.0
340.0
382.0
389.0
365.0
320.0
299.0
286.0
284.0
292.0
300.0
345.0
380.0
388.0
363.0
326.0
293.0
285.0
279.0
288.0
308.0
353.0
389.0
390.0
356.0
306.0
286.0
277.0
285.0
289.0
318.0
363.0
386.0
375.0
331.0
302.0
288.0
286.0
283.0
298.0
326.0
374.0
386.0
369.0
331.0
300.0
288.0
285.0
286.0
299.0
341.0
378.0
380.0
359.0
314.0
292.0
291.0
282.0
288.0
315.0
348.0
381.0
384.0
340.0
306.0
289.0
282.0
283.0
290.0
312.0
366.0
387.0
380.0
340.0
304.0
284.0
292.0
284.0
293.0
319.0
367.0
378.0
362.0
324.0
290.0
274.0
271.0
272.0
288.0
328.0
368.0
378.0
347.0
306.0
283.0
271.0
281.0
294.0
314.0
362.0
380.0
374.0
331.0
300.0
282.0
278.0
284.0
285.0
323.0
368.0
379.0
364.0
323.0
293.0
282.0
282.0
284.0
298.0
341.0
373.0
379.0
351.0
312.0
295.0
282.0
281.0
289.0
299.0
351.0
382.0
376.0
337.0
306.0
289.0
284.0
279.0
289.0
316.0
360.0
378.0
368.0
328.0
297.0
285.0
281.0
282.0
294.0
332.0
373.0
381.0
353.0
317.0
294.0
282.0
277.0
287.0
298.0
344.0
378.0
376.0
344.0
308.0
291.0
286.0
279.0
286.0
313.0
353.0
377.0
373.0
336.0
308.0
288.0
277.0
280.0
279.0
311.0
358.0
374.0
364.0
327.0
296.0
287.0
278.0
283.0
286.0
315.0
360.0
379.0
349.0
315.0
289.0
279.0
281.0
282.0
296.0
339.0
369.0
370.0
344.0
306.0
290.0
281.0
279.0
283.0
307.0
350.0
373.0
365.0
336.0
303.0
288.0
282.0
277.0
283.0
309.0
354.0
371.0
367.0
330.0
299.0
286.0
285.0
282.0
288.0
315.0
357.0
371.0
359.0
319.0
295.0
286.0
279.0
287.0
292.0
327.0
363.0
376.0
352.0
315.0
291.0
288.0
282.0
286.0
296.0
337.0
370.0
370.0
346.0
311.0
293.0
285.0
284.0
282.0
304.0
353.0
371.0
370.0
331.0
291.0
278.0
273.0
270.0
277.0
304.0
354.0
374.0
367.0
324.0
290.0
273.0
273.0
274.0
282.0
314.0
366.0
383.0
361.0
317.0
280.0
278.0
271.0
276.0
281.0
323.0
366.0
379.0
356.0
318.0
285.0
278.0
272.0
275.0
286.0
323.0
369.0
380.0
355.0
314.0
285.0
272.0
268.0
274.0
289.0
341.0
372.0
378.0
343.0
302.0
284.0
281.0
277.0
278.0
301.0
356.0
373.0
366.0
330.0
290.0
278.0
271.0
275.0
280.0
314.0
363.0
379.0
363.0
318.0
287.0
275.0
272.0
273.0
284.0
326.0
370.0
377.0
359.0
319.0
292.0
280.0
276.0
275.0
288.0
322.0
364.0
375.0
349.0
312.0
280.0
269.0
266.0
272.0
284.0
332.0
364.0
368.0
326.0
296.0
277.0
268.0
266.0
272.0
297.0
344.0
369.0
357.0
321.0
286.0
275.0
268.0
270.0
277.0
308.0
353.0
362.0
352.0
313.0
282.0
267.0
267.0
267.0
278.0
315.0
357.0
367.0
344.0
300.0
276.0
274.0
267.0
270.0
290.0
329.0
366.0
374.0
340.0
304.0
277.0
277.0
272.0
277.0
294.0
339.0
366.0
365.0
330.0
293.0
280.0
275.0
272.0
280.0
318.0
355.0
371.0
348.0
309.0
286.0
280.0
274.0
279.0
289.0
333.0
371.0
368.0
339.0
301.0
285.0
274.0
278.0
283.0
304.0
351.0
370.0
364.0
334.0
297.0
286.0
278.0
280.0
284.0
320.0
357.0
378.0
367.0
324.0
299.0
285.0
282.0
284.0
291.0
326.0
367.0
379.0
355.0
322.0
289.0
281.0
283.0
284.0
294.0
336.0
374.0
382.0
352.0
308.0
290.0
282.0
283.0
286.0
308.0
353.0
377.0
372.0
341.0
301.0
292.0
284.0
285.0
289.0
321.0
361.0
380.0
373.0
342.0
308.0
294.0
288.0
290.0
296.0
331.0
369.0
387.0
367.0
326.0
305.0
287.0
288.0
291.0
303.0
342.0
377.0
382.0
361.0
322.0
298.0
289.0
289.0
291.0
311.0
358.0
380.0
385.0
349.0
316.0
298.0
295.0
294.0
297.0
325.0
369.0
389.0
381.0
347.0
314.0
298.0
296.0
294.0
302.0
331.0
374.0
390.0
378.0
339.0
309.0
300.0
293.0
291.0
298.0
333.0
371.0
384.0
375.0
342.0
308.0
298.0
289.0
294.0
304.0
335.0
375.0
390.0
369.0
336.0
309.0
297.0
296.0
292.0
299.0
340.0
370.0
387.0
370.0
331.0
303.0
299.0
291.0
294.0
305.0
330.0
367.0
386.0
377.0
337.0
310.0
299.0
294.0
296.0
305.0
328.0
371.0
381.0
371.0
341.0
310.0
294.0
290.0
295.0
295.0
326.0
366.0
382.0
378.0
336.0
306.0
302.0
294.0
297.0
299.0
327.0
368.0
386.0
380.0
348.0
312.0
297.0
296.0
294.0
301.0
321.0
356.0
385.0
386.0
359.0
329.0
314.0
304.0
296.0
303.0
309.0
346.0
381.0
391.0
371.0
343.0
309.0
302.0
301.0
298.0
304.0
326.0
364.0
384.0
383.0
357.0
324.0
310.0
304.0
297.0
299.0
311.0
350.0
380.0
387.0
371.0
337.0
311.0
305.0
295.0
296.0
303.0
325.0
364.0
382.0
382.0
354.0
319.0
305.0
298.0
296.0
297.0
306.0
339.0
373.0
379.0
371.0
339.0
307.0
295.0
293.0
289.0
301.0
308.0
353.0
380.0
382.0
358.0
327.0
307.0
293.0
290.0
294.0
302.0
330.0
362.0
379.0
371.0
339.0
314.0
296.0
296.0
293.0
293.0
308.0
342.0
372.0
379.0
357.0
327.0
300.0
294.0
293.0
289.0
297.0
319.0
358.0
378.0
372.0
344.0
314.0
300.0
293.0
287.0
289.0
299.0
338.0
377.0
385.0
365.0
331.0
302.0
294.0
288.0
287.0
295.0
311.0
352.0
379.0
377.0
356.0
319.0
301.0
290.0
288.0
291.0
298.0
329.0
365.0
380.0
374.0
344.0
306.0
294.0
286.0
285.0
290.0
301.0
343.0
375.0
382.0
363.0
332.0
298.0
289.0
283.0
287.0
283.0
312.0
350.0
376.0
380.0
347.0
317.0
292.0
287.0
288.0
290.0
296.0
328.0
363.0
378.0
377.0
338.0
304.0
288.0
288.0
288.0
289.0
300.0
347.0
376.0
379.0
355.0
321.0
298.0
285.0
282.0
287.0
293.0
325.0
359.0
380.0
374.0
342.0
306.0
295.0
286.0
283.0
290.0
299.0
346.0
374.0
379.0
358.0
323.0
297.0
288.0
285.0
291.0
297.0
326.0
364.0
378.0
373.0
344.0
307.0
294.0
291.0
289.0
292.0
314.0
352.0
384.0
382.0
355.0
316.0
289.0
283.0
282.0
287.0
298.0
338.0
370.0
390.0
370.0
325.0
299.0
282.0
282.0
279.0
288.0
312.0
357.0
385.0
389.0
354.0
312.0
292.0
282.0
278.0
288.0
296.0
336.0
378.0
386.0
372.0
336.0
298.0
287.0
283.0
277.0
288.0
311.0
357.0
384.0
385.0
353.0
313.0
295.0
286.0
282.0
292.0
302.0
344.0
382.0
388.0
368.0
328.0
300.0
289.0
288.0
283.0
292.0
324.0
366.0
391.0
384.0
348.0
306.0
294.0
283.0
284.0
291.0
295.0
347.0
384.0
382.0
350.0
313.0
294.0
285.0
282.0
288.0
304.0
351.0
377.0
382.0
353.0
316.0
295.0
287.0
283.0
289.0
298.0
346.0
376.0
381.0
349.0
312.0
290.0
284.0
281.0
288.0
296.0
326.0
369.0
379.0
357.0
323.0
297.0
286.0
285.0
282.0
293.0
329.0
368.0
379.0
367.0
334.0
304.0
296.0
282.0
281.0
285.0
327.0
366.0
384.0
362.0
328.0
303.0
289.0
272.0
280.0
282.0
327.0
367.0
381.0
361.0
321.0
296.0
287.0
282.0
286.0
293.0
324.0
365.0
377.0
362.0
324.0
298.0
285.0
283.0
279.0
291.0
322.0
362.0
375.0
362.0
332.0
310.0
288.0
288.0
286.0
294.0
323.0
365.0
378.0
365.0
325.0
299.0
288.0
281.0
285.0
290.0
324.0
367.0
383.0
361.0
324.0
297.0
286.0
283.0
287.0
291.0
330.0
368.0
381.0
358.0
321.0
294.0
287.0
281.0
286.0
296.0
339.0
372.0
383.0
351.0
318.0
293.0
284.0
281.0
281.0
298.0
342.0
384.0
388.0
362.0
318.0
295.0
280.0
275.0
283.0
298.0
343.0
383.0
386.0
353.0
315.0
293.0
279.0
283.0
288.0
303.0
347.0
381.0
386.0
354.0
315.0
291.0
286.0
284.0
285.0
301.0
353.0
383.0
389.0
348.0
308.0
288.0
281.0
278.0
285.0
301.0
352.0
379.0
380.0
343.0
306.0
291.0
279.0
280.0
285.0
306.0
355.0
381.0
374.0
342.0
304.0
286.0
281.0
282.0
288.0
320.0
360.0
388.0
378.0
341.0
303.0
286.0
278.0
283.0
292.0
314.0
360.0
376.0
367.0
330.0
302.0
288.0
282.0
284.0
291.0
330.0
372.0
382.0
360.0
326.0
301.0
291.0
283.0
286.0
303.0
349.0
382.0
386.0
355.0
314.0
292.0
283.0
279.0
285.0
307.0
358.0
382.0
380.0
345.0
306.0
292.0
288.0
285.0
291.0
314.0
367.0
384.0
377.0
340.0
314.0
297.0
289.0
289.0
300.0
329.0
364.0
385.0
384.0
352.0
316.0
301.0
296.0
291.0
297.0
322.0
369.0
392.0
384.0
349.0
320.0
307.0
303.0
300.0
306.0
334.0
377.0
396.0
386.0
350.0
319.0
307.0
304.0
298.0
307.0
338.0
379.0
409.0
399.0
364.0
323.0
311.0
307.0
306.0
311.0
340.0
381.0
405.0
399.0
360.0
328.0
319.0
314.0
311.0
314.0
339.0
387.0
406.0
404.0
368.0
327.0
314.0
312.0
314.0
316.0
338.0
379.0
403.0
402.0
364.0
331.0
316.0
308.0
307.0
310.0
335.0
381.0
398.0
392.0
355.0
322.0
306.0
305.0
304.0
312.0
339.0
380.0
402.0
394.0
359.0
319.0
311.0
305.0
305.0
311.0
340.0
384.0
399.0
397.0
360.0
324.0
309.0
306.0
305.0
311.0
341.0
381.0
400.0
399.0
362.0
327.0
309.0
306.0
306.0
309.0
323.0
369.0
397.0
398.0
367.0
336.0
312.0
305.0
307.0
307.0
322.0
364.0
398.0
399.0
374.0
337.0
315.0
303.0
307.0
310.0
324.0
365.0
400.0
401.0
376.0
341.0
322.0
312.0
308.0
310.0
324.0
363.0
393.0
404.0
377.0
347.0
320.0
308.0
303.0
308.0
316.0
352.0
391.0
401.0
390.0
352.0
327.0
313.0
305.0
310.0
312.0
340.0
380.0
398.0
393.0
359.0
325.0
312.0
305.0
304.0
311.0
341.0
384.0
402.0
389.0
356.0
320.0
313.0
305.0
305.0
312.0
339.0
376.0
393.0
395.0
359.0
323.0
311.0
306.0
303.0
303.0
326.0
369.0
391.0
393.0
365.0
334.0
316.0
301.0
300.0
304.0
314.0
361.0
391.0
396.0
368.0
336.0
316.0
304.0
302.0
304.0
313.0
349.0
383.0
397.0
380.0
343.0
318.0
309.0
300.0
297.0
303.0
329.0
368.0
384.0
384.0
352.0
315.0
303.0
296.0
295.0
301.0
317.0
363.0
387.0
392.0
366.0
334.0
309.0
300.0
296.0
299.0
307.0
344.0
378.0
392.0
378.0
348.0
318.0
303.0
297.0
296.0
303.0
325.0
367.0
394.0
393.0
361.0
325.0
307.0
309.0
307.0
309.0
320.0
354.0
394.0
397.0
377.0
343.0
316.0
306.0
300.0
301.0
308.0
336.0
387.0
401.0
392.0
360.0
327.0
312.0
302.0
302.0
307.0
319.0
362.0
393.0
398.0
378.0
343.0
320.0
298.0
303.0
298.0
311.0
337.0
375.0
392.0
384.0
354.0
314.0
306.0
303.0
298.0
301.0
324.0
365.0
392.0
394.0
372.0
334.0
310.0
300.0
299.0
301.0
312.0
350.0
388.0
398.0
386.0
346.0
308.0
304.0
298.0
311.0
306.0
335.0
380.0
395.0
397.0
369.0
328.0
311.0
306.0
302.0
310.0
324.0
365.0
401.0
402.0
378.0
337.0
315.0
306.0
300.0
307.0
316.0
355.0
378.0
390.0
379.0
340.0
300.0
312.0
299.0
308.0
308.0
341.0
388.0
407.0
396.0
361.0
331.0
317.0
305.0
309.0
315.0
327.0
367.0
403.0
410.0
388.0
351.0
323.0
316.0
314.0
308.0
313.0
334.0
366.0
397.0
403.0
378.0
337.0
321.0
313.0
309.0
310.0
316.0
353.0
394.0
411.0
403.0
365.0
325.0
312.0
311.0
307.0
313.0
328.0
373.0
400.0
411.0
387.0
351.0
318.0
297.0
290.0
302.0
313.0
345.0
387.0
405.0
396.0
366.0
324.0
312.0
310.0
300.0
316.0
327.0
378.0
410.0
406.0
374.0
341.0
320.0
307.0
303.0
310.0
314.0
351.0
400.0
411.0
398.0
355.0
320.0
309.0
300.0
301.0
313.0
334.0
381.0
402.0
401.0
374.0
335.0
317.0
312.0
303.0
306.0
323.0
362.0
399.0
409.0
396.0
359.0
327.0
313.0
308.0
310.0
313.0
340.0
390.0
408.0
397.0
378.0
337.0
312.0
301.0
298.0
303.0
311.0
347.0
390.0
396.0
393.0
351.0
320.0
306.0
293.0
299.0
305.0
343.0
390.0
412.0
404.0
369.0
329.0
308.0
301.0
305.0
307.0
322.0
375.0
404.0
410.0
375.0
337.0
311.0
300.0
298.0
302.0
314.0
362.0
394.0
407.0
384.0
342.0
316.0
311.0
302.0
305.0
318.0
354.0
388.0
407.0
389.0
354.0
328.0
311.0
306.0
307.0
311.0
338.0
382.0
405.0
396.0
367.0
330.0
313.0
310.0
301.0
314.0
324.0
374.0
398.0
404.0
372.0
340.0
316.0
307.0
307.0
306.0
321.0
363.0
396.0
408.0
383.0
346.0
318.0
315.0
304.0
311.0
322.0
360.0
397.0
398.0
376.0
335.0
311.0
305.0
302.0
306.0
322.0
369.0
401.0
406.0
371.0
334.0
314.0
