300.0
318.0
379.0
403.0
402.0
370.0
343.0
322.0
310.0
308.0
312.0
335.0
401.0
432.0
431.0
398.0
365.0
351.0
347.0
350.0
357.0
385.0
445.0
474.0
478.0
456.0
427.0
417.0
421.0
425.0
435.0
456.0
505.0
537.0
547.0
526.0
494.0
482.0
477.0
481.0
489.0
509.0
559.0
594.0
612.0
600.0
548.0
528.0
522.0
519.0
527.0
549.0
605.0
640.0
637.0
611.0
583.0
565.0
555.0
545.0
558.0
584.0
633.0
673.0
682.0
660.0
634.0
619.0
610.0
612.0
629.0
647.0
702.0
748.0
751.0
741.0
710.0
687.0
688.0
690.0
696.0
708.0
734.0
782.0
801.0
791.0
762.0
746.0
740.0
740.0
745.0
762.0
806.0
842.0
854.0
843.0
810.0
782.0
774.0
763.0
767.0
777.0
802.0
833.0
855.0
850.0
816.0
780.0
764.0
765.0
768.0
777.0
803.0
841.0
868.0
850.0
814.0
783.0
770.0
751.0
767.0
770.0
815.0
855.0
872.0
857.0
815.0
793.0
777.0
773.0
777.0
789.0
830.0
866.0
870.0
838.0
805.0
774.0
771.0
767.0
763.0
778.0
819.0
848.0
853.0
822.0
783.0
766.0
758.0
756.0
759.0
774.0
812.0
843.0
849.0
816.0
775.0
753.0
742.0
739.0
746.0
759.0
797.0
820.0
826.0
795.0
755.0
727.0
717.0
726.0
729.0
738.0
779.0
807.0
806.0
781.0
739.0
715.0
704.0
705.0
711.0
718.0
773.0
800.0
802.0
770.0
725.0
710.0
705.0
703.0
707.0
725.0
772.0
794.0
789.0
754.0
715.0
697.0
689.0
688.0
696.0
718.0
762.0
785.0
782.0
746.0
713.0
699.0
698.0
701.0
706.0
736.0
782.0
809.0
805.0
769.0
735.0
724.0
717.0
721.0
730.0
753.0
801.0
822.0
821.0
791.0
753.0
735.0
733.0
735.0
744.0
768.0
818.0
840.0
840.0
806.0
774.0
758.0
754.0
752.0
762.0
781.0
831.0
852.0
851.0
812.0
777.0
765.0
757.0
758.0
770.0
797.0
837.0
861.0
854.0
817.0
777.0
766.0
758.0
757.0
762.0
790.0
831.0
855.0
846.0
807.0
770.0
754.0
746.0
747.0
750.0
779.0
826.0
842.0
822.0
781.0
751.0
737.0
731.0
729.0
737.0
769.0
792.0
821.0
803.0
766.0
735.0
719.0
714.0
712.0
724.0
759.0
798.0
814.0
790.0
755.0
724.0
710.0
708.0
706.0
712.0
747.0
787.0
798.0
773.0
739.0
707.0
705.0
701.0
711.0
714.0
748.0
778.0
795.0
772.0
733.0
704.0
691.0
688.0
690.0
699.0
734.0
774.0
781.0
757.0
718.0
691.0
677.0
677.0
675.0
688.0
722.0
763.0
772.0
749.0
713.0
681.0
672.0
668.0
668.0
683.0
719.0
747.0
756.0
729.0
683.0
649.0
649.0
653.0
656.0
671.0
714.0
746.0
746.0
710.0
670.0
657.0
650.0
648.0
652.0
678.0
714.0
736.0
716.0
670.0
641.0
635.0
635.0
640.0
646.0
686.0
721.0
731.0
709.0
671.0
642.0
631.0
632.0
643.0
645.0
685.0
718.0
733.0
709.0
669.0
645.0
634.0
634.0
642.0
653.0
697.0
736.0
747.0
718.0
687.0
665.0
653.0
658.0
665.0
684.0
739.0
771.0
763.0
735.0
700.0
688.0
681.0
683.0
692.0
717.0
765.0
791.0
791.0
758.0
724.0
713.0
708.0
712.0
726.0
758.0
799.0
827.0
814.0
782.0
752.0
743.0
739.0
743.0
752.0
793.0
841.0
859.0
862.0
824.0
797.0
787.0
784.0
788.0
800.0
845.0
887.0
901.0
879.0
840.0
817.0
815.0
817.0
829.0
840.0
890.0
924.0
932.0
904.0
870.0
852.0
850.0
856.0
861.0
886.0
933.0
969.0
977.0
935.0
898.0
881.0
877.0
881.0
891.0
910.0
956.0
979.0
973.0
949.0
915.0
897.0
887.0
889.0
898.0
919.0
961.0
989.0
987.0
955.0
917.0
906.0
889.0
887.0
887.0
910.0
954.0
987.0
979.0
943.0
906.0
880.0
886.0
876.0
875.0
888.0
930.0
959.0
960.0
927.0
888.0
861.0
854.0
848.0
851.0
866.0
909.0
936.0
931.0
901.0
858.0
834.0
829.0
824.0
826.0
842.0
883.0
907.0
907.0
871.0
827.0
808.0
798.0
798.0
802.0
824.0
872.0
892.0
875.0
833.0
798.0
782.0
776.0
776.0
778.0
807.0
847.0
862.0
850.0
809.0
776.0
760.0
758.0
756.0
765.0
791.0
840.0
856.0
837.0
797.0
768.0
756.0
756.0
757.0
761.0
798.0
840.0
856.0
834.0
801.0
765.0
753.0
751.0
750.0
765.0
800.0
844.0
853.0
837.0
793.0
763.0
753.0
748.0
749.0
760.0
801.0
838.0
854.0
823.0
790.0
771.0
768.0
762.0
771.0
782.0
832.0
869.0
885.0
870.0
830.0
805.0
793.0
786.0
793.0
801.0
841.0
877.0
889.0
867.0
830.0
794.0
790.0
785.0
790.0
792.0
832.0
880.0
899.0
882.0
847.0
814.0
802.0
794.0
797.0
801.0
833.0
879.0
896.0
888.0
859.0
816.0
803.0
798.0
795.0
806.0
825.0
863.0
890.0
891.0
851.0
824.0
804.0
795.0
795.0
800.0
810.0
859.0
891.0
901.0
877.0
839.0
814.0
805.0
802.0
803.0
813.0
850.0
891.0
899.0
883.0
843.0
812.0
802.0
798.0
795.0
804.0
834.0
879.0
895.0
880.0
841.0
806.0
794.0
788.0
789.0
793.0
822.0
869.0
890.0
872.0
837.0
799.0
786.0
775.0
777.0
783.0
801.0
845.0
870.0
865.0
837.0
789.0
767.0
753.0
749.0
751.0
765.0
807.0
830.0
834.0
806.0
764.0
735.0
725.0
724.0
725.0
735.0
775.0
810.0
819.0
794.0
755.0
723.0
710.0
705.0
708.0
710.0
753.0
789.0
802.0
780.0
745.0
715.0
702.0
695.0
693.0
703.0
734.0
771.0
783.0
771.0
735.0
704.0
684.0
680.0
676.0
687.0
710.0
749.0
770.0
764.0
732.0
698.0
681.0
670.0
672.0
672.0
687.0
729.0
764.0
764.0
738.0
697.0
672.0
665.0
664.0
664.0
672.0
714.0
744.0
752.0
732.0
696.0
667.0
655.0
649.0
653.0
662.0
701.0
742.0
745.0
720.0
689.0
659.0
648.0
643.0
645.0
655.0
698.0
735.0
748.0
724.0
683.0
652.0
642.0
639.0
641.0
650.0
690.0
729.0
738.0
711.0
669.0
639.0
628.0
629.0
632.0
640.0
686.0
725.0
726.0
697.0
660.0
632.0
626.0
618.0
623.0
638.0
680.0
715.0
723.0
690.0
654.0
629.0
617.0
613.0
617.0
626.0
669.0
704.0
715.0
684.0
644.0
619.0
611.0
605.0
609.0
620.0
667.0
703.0
701.0
675.0
632.0
610.0
601.0
597.0
599.0
611.0
658.0
692.0
697.0
670.0
629.0
601.0
596.0
590.0
594.0
598.0
636.0
676.0
692.0
676.0
637.0
600.0
591.0
583.0
581.0
587.0
615.0
657.0
677.0
675.0
637.0
601.0
582.0
578.0
574.0
579.0
591.0
633.0
668.0
674.0
645.0
607.0
578.0
571.0
565.0
572.0
579.0
616.0
654.0
669.0
642.0
607.0
574.0
561.0
558.0
560.0
571.0
605.0
646.0
657.0
638.0
603.0
568.0
560.0
551.0
551.0
557.0
596.0
637.0
650.0
632.0
594.0
563.0
549.0
542.0
545.0
552.0
587.0
627.0
645.0
624.0
585.0
557.0
540.0
536.0
538.0
546.0
579.0
619.0
636.0
618.0
579.0
549.0
532.0
530.0
532.0
542.0
576.0
621.0
632.0
610.0
569.0
538.0
525.0
517.0
524.0
529.0
571.0
614.0
624.0
599.0
565.0
528.0
519.0
514.0
513.0
523.0
566.0
615.0
616.0
590.0
549.0
526.0
512.0
508.0
508.0
520.0
556.0
595.0
610.0
585.0
550.0
521.0
510.0
501.0
505.0
513.0
546.0
587.0
601.0
582.0
550.0
514.0
507.0
498.0
497.0
500.0
531.0
575.0
595.0
580.0
548.0
512.0
502.0
495.0
496.0
494.0
516.0
557.0
584.0
581.0
544.0
508.0
495.0
491.0
487.0
490.0
510.0
547.0
576.0
582.0
552.0
515.0
493.0
480.0
479.0
482.0
484.0
533.0
569.0
578.0
553.0
523.0
494.0
481.0
475.0
475.0
486.0
520.0
564.0
582.0
563.0
526.0
495.0
483.0
478.0
476.0
486.0
526.0
566.0
580.0
561.0
522.0
484.0
472.0
473.0
467.0
478.0
518.0
556.0
574.0
560.0
519.0
484.0
470.0
468.0
467.0
473.0
510.0
553.0
570.0
551.0
509.0
480.0
468.0
464.0
466.0
471.0
508.0
553.0
568.0
544.0
502.0
474.0
462.0
459.0
463.0
471.0
513.0
549.0
563.0
543.0
501.0
474.0
467.0
460.0
464.0
471.0
512.0
552.0
564.0
543.0
510.0
479.0
466.0
460.0
463.0
470.0
504.0
548.0
566.0
553.0
514.0
483.0
469.0
467.0
465.0
470.0
499.0
547.0
567.0
563.0
526.0
489.0
465.0
466.0
467.0
473.0
501.0
542.0
573.0
561.0
522.0
488.0
474.0
466.0
469.0
474.0
505.0
555.0
566.0
559.0
523.0
489.0
477.0
467.0
470.0
475.0
506.0
551.0
573.0
565.0
527.0
490.0
476.0
471.0
473.0
480.0
504.0
555.0
575.0
564.0
531.0
487.0
476.0
471.0
471.0
480.0
514.0
558.0
578.0
565.0
525.0
488.0
475.0
471.0
474.0
479.0
516.0
558.0
577.0
567.0
528.0
488.0
479.0
474.0
470.0
478.0
505.0
551.0
574.0
566.0
529.0
489.0
476.0
466.0
467.0
472.0
493.0
535.0
565.0
568.0
539.0
497.0
477.0
466.0
463.0
466.0
480.0
520.0
559.0
569.0
543.0
507.0
479.0
468.0
458.0
463.0
473.0
507.0
548.0
566.0
550.0
513.0
480.0
464.0
460.0
460.0
468.0
496.0
546.0
563.0
550.0
513.0
475.0
463.0
460.0
457.0
465.0
504.0
548.0
565.0
549.0
510.0
474.0
461.0
459.0
459.0
468.0
504.0
548.0
560.0
538.0
499.0
470.0
455.0
456.0
459.0
467.0
508.0
550.0
557.0
532.0
496.0
465.0
455.0
453.0
455.0
466.0
506.0
545.0
558.0
533.0
492.0
465.0
453.0
451.0
454.0
465.0
503.0
547.0
552.0
528.0
490.0
464.0
450.0
448.0
453.0
464.0
507.0
548.0
555.0
524.0
480.0
458.0
451.0
446.0
452.0
470.0
519.0
550.0
546.0
510.0
472.0
454.0
449.0
445.0
449.0
470.0
512.0
544.0
538.0
510.0
465.0
447.0
443.0
443.0
452.0
478.0
516.0
541.0
536.0
501.0
461.0
449.0
440.0
439.0
441.0
466.0
510.0
538.0
538.0
504.0
463.0
448.0
436.0
436.0
437.0
454.0
503.0
533.0
539.0
507.0
467.0
443.0
437.0
433.0
434.0
452.0
494.0
531.0
534.0
502.0
465.0
438.0
435.0
429.0
435.0
452.0
498.0
530.0
528.0
497.0
457.0
435.0
429.0
428.0
434.0
455.0
506.0
529.0
528.0
488.0
450.0
436.0
427.0
423.0
431.0
459.0
499.0
532.0
520.0
484.0
447.0
432.0
425.0
427.0
436.0
456.0
505.0
522.0
519.0
482.0
443.0
427.0
422.0
423.0
428.0
455.0
502.0
525.0
513.0
476.0
438.0
427.0
419.0
422.0
429.0
461.0
505.0
523.0
501.0
459.0
433.0
423.0
413.0
418.0
434.0
476.0
512.0
521.0
491.0
447.0
429.0
421.0
415.0
419.0
436.0
483.0
516.0
516.0
480.0
436.0
423.0
415.0
416.0
422.0
452.0
501.0
519.0
501.0
460.0
427.0
413.0
411.0
415.0
421.0
474.0
510.0
510.0
478.0
437.0
417.0
408.0
408.0
417.0
441.0
491.0
512.0
498.0
463.0
429.0
413.0
411.0
410.0
422.0
468.0
507.0
514.0
480.0
438.0
413.0
408.0
408.0
409.0
431.0
484.0
506.0
497.0
467.0
430.0
410.0
409.0
409.0
413.0
453.0
497.0
509.0
496.0
453.0
420.0
415.0
404.0
409.0
425.0
473.0
504.0
515.0
480.0
443.0
423.0
408.0
409.0
420.0
433.0
482.0
508.0
515.0
483.0
441.0
425.0
421.0
420.0
419.0
447.0
493.0
523.0
515.0
480.0
444.0
435.0
429.0
430.0
438.0
478.0
521.0
542.0
525.0
483.0
456.0
447.0
449.0
454.0
465.0
512.0
551.0
557.0
529.0
494.0
476.0
468.0
469.0
479.0
508.0
559.0
586.0
580.0
544.0
515.0
500.0
503.0
510.0
521.0
562.0
607.0
624.0
609.0
573.0
549.0
539.0
546.0
551.0
568.0
619.0
647.0
653.0
622.0
583.0
565.0
563.0
571.0
576.0
605.0
649.0
677.0
668.0
632.0
597.0
586.0
579.0
582.0
586.0
622.0
667.0
681.0
661.0
626.0
597.0
584.0
581.0
582.0
590.0
630.0
669.0
683.0
667.0
633.0
608.0
595.0
592.0
592.0
604.0
643.0
679.0
694.0
675.0
636.0
608.0
601.0
594.0
598.0
607.0
655.0
690.0
695.0
662.0
626.0
603.0
598.0
595.0
603.0
624.0
669.0
697.0
688.0
655.0
614.0
603.0
596.0
597.0
609.0
648.0
689.0
693.0
665.0
628.0
605.0
595.0
592.0
598.0
622.0
667.0
691.0
685.0
649.0
612.0
597.0
594.0
599.0
604.0
640.0
672.0
683.0
659.0
621.0
596.0
590.0
587.0
590.0
607.0
656.0
679.0
672.0
639.0
602.0
587.0
578.0
581.0
582.0
613.0
658.0
675.0
662.0
624.0
591.0
577.0
574.0
576.0
585.0
623.0
659.0
671.0
643.0
611.0
583.0
574.0
569.0
566.0
583.0
626.0
661.0
663.0
635.0
597.0
574.0
569.0
561.0
567.0
582.0
628.0
659.0
653.0
621.0
584.0
562.0
556.0
552.0
561.0
583.0
627.0
649.0
643.0
610.0
573.0
554.0
550.0
549.0
552.0
581.0
618.0
643.0
636.0
598.0
564.0
546.0
541.0
540.0
543.0
566.0
608.0
634.0
635.0
599.0
562.0
547.0
534.0
537.0
536.0
551.0
598.0
625.0
633.0
601.0
564.0
541.0
531.0
531.0
539.0
547.0
591.0
623.0
631.0
601.0
564.0
541.0
529.0
528.0
530.0
547.0
589.0
624.0
629.0
597.0
557.0
535.0
524.0
525.0
528.0
547.0
595.0
622.0
621.0
596.0
546.0
527.0
517.0
517.0
523.0
546.0
596.0
616.0
606.0
569.0
532.0
520.0
514.0
513.0
519.0
561.0
604.0
616.0
589.0
552.0
518.0
508.0
505.0
512.0
527.0
574.0
605.0
606.0
569.0
528.0
512.0
504.0
502.0
510.0
538.0
584.0
600.0
586.0
551.0
517.0
501.0
498.0
496.0
507.0
548.0
590.0
596.0
577.0
533.0
509.0
495.0
488.0
496.0
505.0
555.0
585.0
587.0
552.0
512.0
497.0
487.0
486.0
493.0
526.0
569.0
586.0
567.0
528.0
499.0
487.0
483.0
487.0
498.0
544.0
576.0
581.0
549.0
509.0
486.0
481.0
475.0
481.0
508.0
552.0
576.0
568.0
531.0
487.0
478.0
475.0
471.0
481.0
517.0
559.0
576.0
555.0
521.0
487.0
475.0
468.0
470.0
477.0
517.0
555.0
567.0
549.0
510.0
480.0
469.0
462.0
466.0
468.0
517.0
552.0
563.0
540.0
504.0
473.0
462.0
455.0
459.0
472.0
511.0
545.0
561.0
539.0
499.0
469.0
460.0
454.0
458.0
462.0
499.0
542.0
557.0
536.0
499.0
465.0
454.0
449.0
452.0
455.0
496.0
537.0
550.0
530.0
494.0
464.0
454.0
448.0
445.0
456.0
487.0
532.0
548.0
535.0
494.0
461.0
449.0
446.0
442.0
454.0
491.0
530.0
546.0
522.0
490.0
457.0
445.0
437.0
442.0
448.0
490.0
532.0
540.0
515.0
472.0
451.0
437.0
435.0
442.0
462.0
506.0
541.0
544.0
513.0
469.0
437.0
428.0
421.0
442.0
490.0
545.0
565.0
540.0
493.0
461.0
470.0
471.0
477.0
490.0
544.0
580.0
587.0
546.0
510.0
490.0
487.0
493.0
501.0
539.0
590.0
603.0
584.0
544.0
515.0
502.0
505.0
507.0
515.0
564.0
622.0
611.0
578.0
536.0
517.0
515.0
508.0
519.0
528.0
578.0
605.0
611.0
576.0
530.0
514.0
506.0
499.0
501.0
531.0
580.0
602.0
595.0
555.0
518.0
503.0
495.0
502.0
508.0
553.0
594.0
602.0
573.0
534.0
508.0
499.0
498.0
496.0
527.0
574.0
598.0
591.0
552.0
513.0
500.0
493.0
490.0
503.0
539.0
581.0
600.0
575.0
536.0
501.0
490.0
486.0
492.0
506.0
548.0
585.0
590.0
553.0
522.0
496.0
485.0
485.0
494.0
514.0
559.0
580.0
585.0
540.0
504.0
492.0
481.0
483.0
483.0
515.0
560.0
577.0
566.0
534.0
501.0
490.0
488.0
488.0
497.0
530.0
578.0
596.0
582.0
549.0
529.0
540.0
510.0
488.0
506.0
540.0
594.0
617.0
593.0
557.0
533.0
520.0
520.0
528.0
539.0
587.0
629.0
647.0
638.0
606.0
582.0
577.0
576.0
587.0
608.0
641.0
691.0
727.0
727.0
652.0
625.0
619.0
617.0
631.0
643.0
680.0
731.0
756.0
745.0
725.0
697.0
697.0
699.0
707.0
720.0
743.0
791.0
817.0
823.0
798.0
771.0
757.0
759.0
766.0
779.0
781.0
835.0
872.0
880.0
855.0
828.0
808.0
807.0
809.0
818.0
837.0
884.0
928.0
945.0
925.0
889.0
866.0
859.0
857.0
857.0
866.0
909.0
950.0
964.0
944.0
923.0
904.0
897.0
901.0
911.0
930.0
975.0
1018.0
1034.0
1020.0
981.0
959.0
955.0
950.0
959.0
961.0
1005.0
1051.0
1066.0
1052.0
1022.0
991.0
979.0
979.0
986.0
999.0
1038.0
1080.0
1096.0
1075.0
1042.0
1021.0
1008.0
1005.0
1009.0
1017.0
1059.0
1094.0
1110.0
1082.0
1050.0
1027.0
1015.0
1015.0
1013.0
1022.0
1062.0
1097.0
1103.0
1082.0
1046.0
1025.0
1015.0
1018.0
1019.0
1029.0
1075.0
1106.0
1111.0
1088.0
1057.0
1031.0
1019.0
1021.0
1033.0
1039.0
1078.0
1103.0
1111.0
1082.0
1049.0
1024.0
1016.0
1013.0
1018.0
1033.0
1077.0
1105.0
1107.0
1079.0
1044.0
1025.0
1022.0
1022.0
1035.0
1054.0
1102.0
1130.0
1132.0
1105.0
1079.0
1066.0
1067.0
1072.0
1079.0
1106.0
1150.0
1169.0
1171.0
1135.0
1107.0
1095.0
1093.0
1094.0
1097.0
1129.0
1163.0
1184.0
1176.0
1143.0
1114.0
1103.0
1100.0
1106.0
1110.0
1142.0
1183.0
1197.0
1179.0
1147.0
1117.0
1106.0
1099.0
1100.0
1110.0
1145.0
1181.0
1188.0
1164.0
1131.0
1107.0
1093.0
1091.0
1096.0
1103.0
1150.0
1175.0
1179.0
1146.0
1112.0
1087.0
1081.0
1077.0
1083.0
1093.0
1136.0
1156.0
1150.0
1112.0
1082.0
1063.0
1057.0
1058.0
1063.0
1087.0
1128.0
1140.0
1125.0
1088.0
1053.0
1035.0
1029.0
1027.0
1028.0
1059.0
1096.0
1106.0
1088.0
1044.0
1013.0
1001.0
996.0
993.0
1000.0
1035.0
1070.0
1074.0
1045.0
1009.0
983.0
972.0
966.0
968.0
991.0
1023.0
1041.0
1039.0
1007.0
967.0
953.0
948.0
946.0
949.0
969.0
1010.0
1030.0
1015.0
988.0
950.0
937.0
938.0
928.0
933.0
964.0
1005.0
1016.0
992.0
952.0
911.0
901.0
897.0
895.0
902.0
943.0
964.0
975.0
951.0
917.0
887.0
878.0
880.0
890.0
896.0
935.0
957.0
961.0
928.0
888.0
867.0
856.0
854.0
863.0
886.0
927.0
943.0
933.0
901.0
863.0
850.0
851.0
845.0
850.0
883.0
922.0
938.0
913.0
872.0
846.0
835.0
829.0
831.0
840.0
885.0
914.0
916.0
881.0
841.0
822.0
819.0
811.0
819.0
845.0
886.0
902.0
894.0
853.0
821.0
805.0
804.0
801.0
812.0
841.0
882.0
894.0
873.0
834.0
807.0
793.0
790.0
794.0
811.0
855.0
879.0
883.0
850.0
813.0
790.0
784.0
784.0
785.0
805.0
849.0
876.0
865.0
827.0
793.0
778.0
770.0
771.0
772.0
795.0
838.0
859.0
847.0
811.0
777.0
763.0
753.0
759.0
761.0
790.0
832.0
847.0
831.0
803.0
764.0
751.0
744.0
742.0
747.0
775.0
815.0
825.0
811.0
777.0
749.0
736.0
731.0
732.0
743.0
779.0
813.0
822.0
800.0
760.0
739.0
729.0
727.0
727.0
737.0
774.0
806.0
813.0
789.0
756.0
731.0
723.0
720.0
720.0
731.0
769.0
798.0
808.0
780.0
744.0
724.0
715.0
713.0
719.0
734.0
773.0
801.0
793.0
766.0
732.0
718.0
710.0
704.0
712.0
740.0
779.0
795.0
778.0
749.0
721.0
710.0
706.0
705.0
715.0
748.0
783.0
795.0
769.0
734.0
711.0
700.0
698.0
702.0
716.0
749.0
782.0
788.0
752.0
715.0
697.0
690.0
693.0
699.0
727.0
766.0
789.0
780.0
743.0
706.0
695.0
691.0
689.0
694.0
731.0
765.0
781.0
770.0
726.0
698.0
685.0
683.0
683.0
691.0
731.0
764.0
768.0
739.0
703.0
681.0
673.0
674.0
677.0
691.0
725.0
750.0
749.0
723.0
691.0
669.0
665.0
665.0
659.0
680.0
723.0
756.0
746.0
705.0
673.0
642.0
654.0
659.0
663.0
696.0
736.0
748.0
725.0
698.0
664.0
657.0
658.0
659.0
663.0
704.0
739.0
745.0
717.0
684.0
661.0
655.0
654.0
655.0
671.0
711.0
744.0
737.0
710.0
681.0
658.0
658.0
652.0
657.0
685.0
729.0
746.0
740.0
708.0
675.0
663.0
659.0
662.0
672.0
723.0
750.0
762.0
738.0
704.0
682.0
677.0
672.0
684.0
699.0
741.0
781.0
787.0
770.0
729.0
714.0
705.0
710.0
720.0
735.0
785.0
821.0
828.0
806.0
770.0
753.0
747.0
748.0
761.0
773.0
821.0
860.0
864.0
837.0
806.0
792.0
784.0
788.0
797.0
813.0
857.0
891.0
891.0
867.0
836.0
819.0
810.0
811.0
822.0
836.0
883.0
914.0
922.0
894.0
859.0
841.0
836.0
837.0
845.0
867.0
907.0
939.0
942.0
925.0
895.0
874.0
868.0
866.0
870.0
888.0
933.0
961.0
965.0
939.0
906.0
889.0
879.0
876.0
883.0
897.0
939.0
969.0
976.0
944.0
910.0
887.0
879.0
882.0
886.0
895.0
935.0
969.0
970.0
941.0
902.0
882.0
875.0
871.0
874.0
879.0
919.0
951.0
957.0
938.0
897.0
873.0
862.0
857.0
858.0
866.0
899.0
933.0
945.0
928.0
893.0
863.0
847.0
841.0
844.0
856.0
883.0
925.0
936.0
918.0
888.0
850.0
836.0
830.0
829.0
836.0
855.0
894.0
913.0
909.0
874.0
838.0
822.0
815.0
814.0
814.0
838.0
876.0
901.0
893.0
854.0
817.0
804.0
797.0
799.0
805.0
836.0
879.0
885.0
871.0
830.0
803.0
790.0
786.0
789.0
799.0
841.0
874.0
871.0
843.0
811.0
787.0
777.0
776.0
776.0
795.0
835.0
863.0
857.0
823.0
783.0
772.0
765.0
763.0
767.0
794.0
834.0
853.0
836.0
803.0
767.0
751.0
750.0
753.0
757.0
791.0
830.0
839.0
817.0
780.0
751.0
742.0
739.0
741.0
747.0
789.0
824.0
830.0
797.0
760.0
738.0
722.0
727.0
730.0
751.0
789.0
815.0
810.0
775.0
737.0
722.0
715.0
719.0
719.0
747.0
787.0
808.0
795.0
758.0
723.0
712.0
702.0
701.0
715.0
737.0
781.0
799.0
780.0
749.0
712.0
700.0
696.0
695.0
701.0
732.0
771.0
789.0
767.0
733.0
704.0
688.0
685.0
681.0
686.0
722.0
760.0
771.0
748.0
716.0
685.0
674.0
669.0
669.0
675.0
714.0
748.0
757.0
738.0
699.0
676.0
663.0
661.0
662.0
668.0
708.0
741.0
751.0
717.0
684.0
663.0
649.0
646.0
650.0
664.0
708.0
737.0
732.0
705.0
662.0
651.0
634.0
638.0
642.0
660.0
704.0
725.0
717.0
688.0
652.0
638.0
631.0
632.0
637.0
672.0
708.0
723.0
696.0
663.0
631.0
621.0
618.0
622.0
638.0
679.0
706.0
706.0
672.0
638.0
618.0
613.0
614.0
613.0
649.0
682.0
705.0
686.0
648.0
620.0
605.0
603.0
602.0
614.0
652.0
689.0
692.0
657.0
623.0
604.0
599.0
595.0
599.0
625.0
663.0
689.0
672.0
639.0
607.0
596.0
584.0
589.0
597.0
639.0
674.0
675.0
649.0
613.0
591.0
579.0
578.0
585.0
614.0
651.0
676.0
660.0
620.0
592.0
582.0
574.0
573.0
586.0
625.0
668.0
672.0
643.0
606.0
587.0
579.0
576.0
580.0
601.0
643.0
671.0
659.0
621.0
587.0
574.0
569.0
571.0
582.0
619.0
656.0
657.0
632.0
589.0
574.0
565.0
562.0
566.0
581.0
627.0
651.0
647.0
617.0
579.0
564.0
557.0
557.0
563.0
585.0
625.0
647.0
640.0
604.0
573.0
560.0
549.0
544.0
553.0
582.0
626.0
641.0
628.0
590.0
560.0
549.0
547.0
546.0
556.0
589.0
625.0
639.0
614.0
576.0
551.0
544.0
539.0
533.0
550.0
588.0
625.0
626.0
598.0
554.0
545.0
531.0
528.0
534.0
559.0
599.0
620.0
615.0
579.0
547.0
531.0
521.0
527.0
528.0
560.0
596.0
615.0
599.0
564.0
530.0
523.0
516.0
517.0
527.0
566.0
601.0
600.0
573.0
540.0
518.0
512.0
512.0
513.0
530.0
577.0
596.0
591.0
559.0
523.0
510.0
506.0
503.0
513.0
545.0
583.0
591.0
571.0
539.0
515.0
503.0
506.0
503.0
513.0
558.0
591.0
596.0
565.0
522.0
509.0
497.0
495.0
499.0
527.0
569.0
594.0
579.0
544.0
506.0
497.0
494.0
493.0
497.0
541.0
579.0
588.0
559.0
520.0
499.0
492.0
491.0
490.0
504.0
551.0
580.0
578.0
547.0
508.0
493.0
485.0
484.0
490.0
516.0
559.0
574.0
565.0
525.0
498.0
483.0
480.0
484.0
492.0
529.0
564.0
576.0
551.0
512.0
484.0
476.0
476.0
480.0
499.0
545.0
566.0
564.0
532.0
494.0
481.0
471.0
474.0
485.0
510.0
558.0
569.0
555.0
517.0
488.0
474.0
470.0
468.0
479.0
519.0
559.0
567.0
540.0
500.0
479.0
471.0
471.0
474.0
497.0
539.0
562.0
563.0
524.0
485.0
470.0
462.0
464.0
469.0
501.0
548.0
560.0
541.0
506.0
475.0
464.0
460.0
459.0
470.0
508.0
547.0
558.0
534.0
495.0
471.0
461.0
452.0
453.0
467.0
517.0
546.0
543.0
509.0
479.0
457.0
450.0
448.0
452.0
466.0
505.0
536.0
534.0
505.0
479.0
455.0
441.0
438.0
445.0
451.0
498.0
525.0
528.0
491.0
461.0
446.0
442.0
436.0
446.0
469.0
500.0
532.0
520.0
484.0
458.0
436.0
439.0
437.0
440.0
477.0
510.0
524.0
507.0
478.0
449.0
440.0
435.0
434.0
450.0
484.0
521.0
527.0
497.0
464.0
440.0
438.0
436.0
440.0
464.0
505.0
525.0
513.0
482.0
442.0
440.0
432.0
419.0
438.0
470.0
514.0
523.0
508.0
488.0
444.0
432.0
429.0
431.0
441.0
482.0
518.0
528.0
501.0
466.0
437.0
427.0
426.0
425.0
440.0
484.0
514.0
520.0
483.0
449.0
435.0
425.0
438.0
434.0
450.0
494.0
510.0
510.0
471.0
440.0
427.0
424.0
409.0
414.0
450.0
490.0
507.0
500.0
469.0
441.0
427.0
419.0
424.0
421.0
463.0
500.0
516.0
493.0
461.0
430.0
425.0
416.0
423.0
428.0
464.0
502.0
509.0
491.0
451.0
433.0
424.0
420.0
421.0
430.0
467.0
495.0
506.0
487.0
453.0
432.0
418.0
412.0
420.0
432.0
464.0
497.0
502.0
485.0
452.0
426.0
421.0
416.0
421.0
430.0
475.0
503.0
504.0
475.0
442.0
425.0
417.0
420.0
422.0
443.0
480.0
506.0
500.0
466.0
434.0
423.0
417.0
420.0
423.0
457.0
493.0
511.0
502.0
470.0
435.0
431.0
422.0
427.0
434.0
468.0
512.0
519.0
501.0
467.0
442.0
433.0
435.0
441.0
454.0
490.0
526.0
531.0
502.0
470.0
456.0
443.0
441.0
442.0
467.0
506.0
535.0
530.0
496.0
464.0
447.0
451.0
445.0
454.0
483.0
525.0
536.0
524.0
485.0
464.0
457.0
455.0
451.0
469.0
509.0
540.0
543.0
517.0
483.0
466.0
457.0
461.0
464.0
484.0
531.0
550.0
544.0
515.0
479.0
468.0
466.0
463.0
471.0
500.0
537.0
555.0
536.0
505.0
476.0
466.0
461.0
466.0
474.0
513.0
548.0
554.0
532.0
498.0
475.0
465.0
465.0
469.0
480.0
524.0
550.0
556.0
524.0
488.0
468.0
467.0
462.0
470.0
489.0
532.0
553.0
547.0
514.0
478.0
468.0
461.0
466.0
462.0
491.0
532.0
551.0
543.0
510.0
477.0
468.0
458.0
457.0
468.0
494.0
532.0
549.0
539.0
504.0
474.0
461.0
459.0
458.0
465.0
493.0
535.0
549.0
530.0
497.0
473.0
464.0
457.0
455.0
464.0
495.0
532.0
544.0
532.0
499.0
471.0
459.0
454.0
457.0
459.0
485.0
526.0
542.0
534.0
503.0
472.0
459.0
454.0
454.0
457.0
482.0
524.0
539.0
529.0
495.0
463.0
452.0
451.0
448.0
460.0
491.0
526.0
539.0
511.0
480.0
456.0
447.0
445.0
451.0
460.0
499.0
530.0
533.0
505.0
475.0
454.0
446.0
442.0
447.0
458.0
496.0
524.0
530.0
503.0
466.0
452.0
445.0
442.0
443.0
458.0
497.0
522.0
528.0
491.0
460.0
445.0
438.0
435.0
442.0
473.0
508.0
519.0
512.0
483.0
452.0
440.0
437.0
436.0
445.0
479.0
512.0
524.0
503.0
466.0
442.0
432.0
432.0
432.0
448.0
486.0
517.0
520.0
490.0
455.0
438.0
430.0
433.0
435.0
456.0
495.0
512.0
512.0
476.0
443.0
430.0
428.0
426.0
433.0
461.0
502.0
513.0
498.0
463.0
440.0
427.0
427.0
426.0
434.0
469.0
502.0
512.0
485.0
456.0
431.0
422.0
419.0
425.0
437.0
473.0
501.0
503.0
480.0
448.0
431.0
425.0
418.0
421.0
438.0
479.0
499.0
503.0
479.0
441.0
425.0
418.0
417.0
421.0
438.0
477.0
500.0
495.0
469.0
437.0
421.0
413.0
416.0
418.0
440.0
480.0
502.0
498.0
470.0
430.0
418.0
416.0
415.0
418.0
441.0
480.0
510.0
504.0
474.0
441.0
422.0
417.0
416.0
414.0
433.0
480.0
507.0
502.0
472.0
435.0
417.0
408.0
407.0
416.0
431.0
472.0
501.0
494.0
470.0
434.0
417.0
413.0
405.0
419.0
440.0
478.0
507.0
499.0
467.0
434.0
420.0
419.0
414.0
419.0
449.0
485.0
511.0
500.0
463.0
430.0
426.0
418.0
425.0
431.0
475.0
510.0
514.0
482.0
448.0
431.0
421.0
420.0
425.0
450.0
497.0
514.0
499.0
466.0
434.0
426.0
424.0
421.0
440.0
476.0
508.0
516.0
484.0
452.0
437.0
427.0
427.0
428.0
450.0
493.0
515.0
507.0
473.0
441.0
436.0
429.0
430.0
439.0
471.0
505.0
519.0
492.0
459.0
439.0
430.0
431.0
435.0
444.0
487.0
520.0
516.0
484.0
451.0
438.0
430.0
430.0
431.0
460.0
507.0
524.0
514.0
482.0
447.0
432.0
430.0
430.0
436.0
461.0
499.0
516.0
510.0
477.0
442.0
436.0
430.0
433.0
438.0
464.0
502.0
518.0
505.0
469.0
445.0
436.0
430.0
433.0
441.0
477.0
514.0
522.0
499.0
463.0
438.0
431.0
427.0
432.0
444.0
484.0
515.0
514.0
491.0
459.0
439.0
430.0
427.0
432.0
451.0
490.0
515.0
518.0
484.0
450.0
434.0
432.0
429.0
431.0
452.0
493.0
520.0
512.0
478.0
445.0
432.0
425.0
426.0
432.0
452.0
495.0
509.0
501.0
474.0
437.0
430.0
423.0
422.0
424.0
444.0
489.0
520.0
505.0
473.0
439.0
427.0
417.0
419.0
421.0
441.0
484.0
506.0
505.0
471.0
444.0
424.0
419.0
416.0
427.0
447.0
484.0
512.0
500.0
477.0
442.0
423.0
421.0
416.0
423.0
434.0
479.0
504.0
502.0
473.0
439.0
421.0
413.0
415.0
424.0
432.0
475.0
503.0
506.0
475.0
440.0
423.0
414.0
416.0
418.0
428.0
469.0
506.0
510.0
485.0
455.0
424.0
418.0
416.0
420.0
427.0
471.0
500.0
510.0
486.0
451.0
428.0
419.0
414.0
418.0
434.0
469.0
512.0
520.0
501.0
462.0
429.0
415.0
413.0
418.0
422.0
452.0
494.0
513.0
501.0
465.0
438.0
421.0
419.0
417.0
424.0
449.0
491.0
515.0
507.0
472.0
436.0
424.0
416.0
420.0
422.0
450.0
490.0
510.0
499.0
467.0
434.0
421.0
418.0
418.0
422.0
447.0
487.0
510.0
506.0
474.0
441.0
425.0
419.0
416.0
422.0
443.0
484.0
513.0
513.0
484.0
451.0
428.0
421.0
416.0
425.0
440.0
486.0
509.0
515.0
484.0
449.0
426.0
420.0
418.0
418.0
428.0
466.0
502.0
507.0
483.0
451.0
426.0
411.0
411.0
415.0
422.0
459.0
493.0
503.0
485.0
454.0
427.0
418.0
408.0
416.0
424.0
457.0
491.0
501.0
484.0
449.0
420.0
413.0
413.0
413.0
419.0
451.0
488.0
501.0
484.0
452.0
425.0
412.0
409.0
406.0
414.0
442.0
482.0
495.0
490.0
461.0
423.0
412.0
408.0
408.0
409.0
424.0
469.0
492.0
492.0
468.0
432.0
413.0
403.0
404.0
408.0
424.0
466.0
493.0
490.0
464.0
433.0
416.0
407.0
403.0
404.0
415.0
459.0
483.0
485.0
458.0
428.0
407.0
401.0
399.0
408.0
418.0
456.0
482.0
479.0
454.0
426.0
407.0
401.0
400.0
403.0
431.0
463.0
486.0
489.0
460.0
429.0
408.0
400.0
399.0
402.0
418.0
455.0
484.0
482.0
453.0
418.0
403.0
394.0
391.0
399.0
414.0
462.0
493.0
495.0
462.0
428.0
412.0
403.0
404.0
395.0
411.0
453.0
480.0
486.0
458.0
425.0
402.0
398.0
393.0
393.0
406.0
442.0
474.0
479.0
457.0
425.0
401.0
394.0
389.0
394.0
399.0
431.0
468.0
482.0
465.0
431.0
402.0
392.0
389.0
393.0
396.0
420.0
461.0
477.0
467.0
435.0
405.0
394.0
387.0
386.0
389.0
405.0
447.0
467.0
467.0
440.0
413.0
398.0
390.0
386.0
387.0
397.0
436.0
462.0
468.0
444.0
412.0
385.0
379.0
378.0
386.0
391.0
423.0
457.0
463.0
444.0
420.0
395.0
386.0
384.0
383.0
388.0
412.0
450.0
461.0
450.0
425.0
397.0
384.0
381.0
376.0
375.0
391.0
432.0
457.0
457.0
433.0
403.0
389.0
379.0
378.0
381.0
392.0
422.0
455.0
462.0
447.0
415.0
389.0
384.0
376.0
379.0
385.0
406.0
442.0
445.0
449.0
423.0
395.0
384.0
375.0
379.0
378.0
388.0
423.0
457.0
460.0
438.0
402.0
383.0
378.0
373.0
377.0
383.0
411.0
444.0
459.0
449.0
415.0
387.0
378.0
372.0
371.0
377.0
398.0
437.0
456.0
456.0
427.0
394.0
385.0
373.0
370.0
375.0
380.0
413.0
443.0
457.0
439.0
409.0
382.0
372.0
367.0
370.0
374.0
403.0
435.0
456.0
449.0
419.0
389.0
373.0
370.0
370.0
372.0
387.0
432.0
459.0
453.0
423.0
382.0
374.0
368.0
366.0
373.0
389.0
423.0
458.0
461.0
441.0
404.0
383.0
374.0
371.0
374.0
386.0
416.0
454.0
465.0
449.0
419.0
389.0
369.0
366.0
373.0
375.0
403.0
440.0
466.0
465.0
427.0
392.0
372.0
379.0
373.0
376.0
384.0
419.0
453.0
454.0
432.0
395.0
377.0
369.0
368.0
375.0
380.0
418.0
459.0
467.0
442.0
407.0
379.0
367.0
363.0
368.0
376.0
418.0
452.0
459.0
445.0
414.0
392.0
371.0
364.0
367.0
374.0
404.0
440.0
462.0
452.0
424.0
396.0
379.0
369.0
366.0
366.0
391.0
423.0
450.0
455.0
424.0
388.0
371.0
368.0
365.0
370.0
383.0
425.0
449.0
452.0
423.0
390.0
371.0
366.0
363.0
365.0
376.0
410.0
442.0
458.0
438.0
404.0
372.0
363.0
361.0
363.0
374.0
401.0
439.0
450.0
436.0
407.0
379.0
365.0
360.0
359.0
373.0
407.0
430.0
446.0
434.0
403.0
379.0
366.0
366.0
378.0
379.0
401.0
444.0
457.0
455.0
419.0
386.0
380.0
369.0
369.0
374.0
385.0
428.0
451.0
457.0
448.0
399.0
379.0
362.0
368.0
367.0
373.0
412.0
447.0
450.0
433.0
395.0
374.0
369.0
364.0
364.0
367.0
396.0
435.0
449.0
442.0
413.0
383.0
372.0
365.0
360.0
362.0
384.0
424.0
442.0
447.0
416.0
384.0
370.0
365.0
359.0
366.0
376.0
410.0
442.0
445.0
423.0
392.0
370.0
363.0
356.0
360.0
365.0
395.0
432.0
442.0
435.0
404.0
374.0
363.0
358.0
359.0
364.0
384.0
419.0
443.0
439.0
413.0
377.0
362.0
355.0
353.0
358.0
371.0
411.0
439.0
444.0
412.0
378.0
365.0
357.0
356.0
354.0
368.0
399.0
431.0
442.0
424.0
393.0
368.0
357.0
355.0
355.0
359.0
386.0
425.0
436.0
430.0
400.0
371.0
360.0
354.0
353.0
374.0
384.0
414.0
435.0
428.0
400.0
369.0
361.0
354.0
353.0
355.0
370.0
416.0
433.0
430.0
400.0
365.0
355.0
353.0
347.0
350.0
368.0
408.0
433.0
430.0
405.0
373.0
356.0
351.0
347.0
357.0
361.0
398.0
429.0
433.0
406.0
376.0
354.0
348.0
349.0
349.0
357.0
397.0
425.0
431.0
412.0
381.0
358.0
346.0
343.0
347.0
355.0
387.0
417.0
431.0
416.0
383.0
360.0
346.0
345.0
349.0
352.0
389.0
422.0
431.0
410.0
373.0
354.0
345.0
342.0
347.0
358.0
393.0
424.0
426.0
407.0
376.0
352.0
344.0
343.0
346.0
351.0
387.0
419.0
425.0
402.0
370.0
349.0
343.0
340.0
344.0
356.0
394.0
421.0
424.0
400.0
370.0
350.0
344.0
339.0
339.0
354.0
390.0
421.0
426.0
401.0
373.0
350.0
339.0
342.0
338.0
350.0
385.0
415.0
424.0
405.0
377.0
349.0
341.0
335.0
337.0
345.0
370.0
403.0
420.0
411.0
384.0
352.0
343.0
335.0
331.0
350.0
375.0
406.0
427.0
427.0
399.0
374.0
350.0
341.0
338.0
341.0
352.0
384.0
421.0
431.0
412.0
383.0
352.0
341.0
339.0
343.0
348.0
378.0
415.0
431.0
426.0
394.0
359.0
343.0
342.0
339.0
343.0
364.0
401.0
429.0
426.0
401.0
368.0
347.0
338.0
341.0
341.0
353.0
390.0
421.0
426.0
408.0
376.0
352.0
346.0
334.0
340.0
347.0
376.0
409.0
428.0
406.0
373.0
350.0
336.0
325.0
314.0
341.0
369.0
410.0
427.0
415.0
379.0
349.0
335.0
333.0
336.0
340.0
374.0
410.0
425.0
415.0
380.0
345.0
333.0
331.0
329.0
336.0
361.0
404.0
422.0
421.0
394.0
366.0
342.0
335.0
330.0
329.0
346.0
391.0
421.0
418.0
393.0
357.0
337.0
332.0
327.0
333.0
346.0
384.0
414.0
419.0
392.0
357.0
338.0
329.0
328.0
327.0
343.0
382.0
417.0
422.0
393.0
362.0
338.0
332.0
327.0
328.0
334.0
376.0
406.0
417.0
402.0
370.0
339.0
333.0
329.0
326.0
334.0
360.0
403.0
415.0
410.0
374.0
342.0
333.0
329.0
324.0
336.0
345.0
384.0
411.0
419.0
393.0
359.0
339.0
331.0
329.0
330.0
337.0
365.0
402.0
420.0
412.0
382.0
350.0
334.0
334.0
331.0
331.0
345.0
383.0
412.0
426.0
401.0
375.0
346.0
337.0
326.0
331.0
339.0
361.0
389.0
417.0
419.0
394.0
371.0
341.0
330.0
327.0
328.0
336.0
354.0
397.0
419.0
418.0
389.0
347.0
336.0
332.0
328.0
323.0
332.0
368.0
404.0
421.0
408.0
381.0
350.0
335.0
327.0
325.0
328.0
338.0
379.0
409.0
423.0
397.0
368.0
342.0
327.0
328.0
324.0
333.0
348.0
389.0
416.0
413.0
390.0
357.0
338.0
330.0
325.0
324.0
331.0
354.0
397.0
419.0
413.0
380.0
350.0
330.0
319.0
320.0
322.0
332.0
370.0
411.0
417.0
406.0
369.0
338.0
336.0
337.0
331.0
338.0
356.0
404.0
429.0
430.0
400.0
363.0
344.0
336.0
326.0
338.0
352.0
389.0
427.0
432.0
418.0
385.0
353.0
340.0
336.0
337.0
346.0
375.0
409.0
432.0
427.0
393.0
364.0
344.0
340.0
339.0
343.0
357.0
397.0
429.0
433.0
419.0
389.0
365.0
344.0
342.0
344.0
349.0
381.0
419.0
434.0
427.0
396.0
361.0
346.0
342.0
342.0
346.0
361.0
406.0
429.0
436.0
407.0
376.0
348.0
344.0
342.0
350.0
352.0
383.0
420.0
437.0
419.0
389.0
362.0
350.0
345.0
353.0
355.0
386.0
428.0
453.0
444.0
411.0
373.0
363.0
356.0
358.0
354.0
373.0
424.0
454.0
453.0
429.0
391.0
366.0
361.0
354.0
361.0
366.0
404.0
436.0
454.0
437.0
401.0
372.0
362.0
354.0
358.0
363.0
387.0
424.0
447.0
446.0
414.0
381.0
349.0
345.0
348.0
347.0
356.0
398.0
428.0
438.0
412.0
384.0
358.0
345.0
340.0
345.0
353.0
379.0
419.0
433.0
425.0
390.0
363.0
348.0
344.0
342.0
349.0
365.0
404.0
428.0
426.0
403.0
367.0
351.0
344.0
340.0
343.0
350.0
383.0
419.0
433.0
413.0
379.0
354.0
343.0
341.0
343.0
348.0
378.0
409.0
430.0
416.0
383.0
356.0
345.0
336.0
340.0
346.0
363.0
402.0
421.0
421.0
393.0
356.0
345.0
337.0
332.0
336.0
354.0
392.0
419.0
423.0
400.0
371.0
348.0
336.0
335.0
337.0
344.0
382.0
409.0
422.0
410.0
368.0
344.0
336.0
333.0
330.0
333.0
357.0
396.0
417.0
415.0
387.0
357.0
339.0
333.0
332.0
333.0
345.0
379.0
408.0
416.0
400.0
367.0
344.0
336.0
331.0
331.0
338.0
359.0
395.0
420.0
416.0
384.0
351.0
341.0
335.0
342.0
341.0
352.0
386.0
415.0
422.0
406.0
372.0
345.0
339.0
333.0
333.0
348.0
380.0
418.0
424.0
408.0
378.0
350.0
345.0
342.0
339.0
348.0
378.0
414.0
426.0
415.0
386.0
350.0
343.0
338.0
337.0
344.0
369.0
404.0
430.0
421.0
390.0
360.0
346.0
339.0
338.0
341.0
353.0
391.0
418.0
424.0
408.0
377.0
354.0
344.0
345.0
339.0
344.0
382.0
417.0
429.0
413.0
381.0
351.0
346.0
340.0
345.0
347.0
371.0
411.0
429.0
416.0
379.0
353.0
343.0
340.0
340.0
346.0
364.0
403.0
425.0
418.0
386.0
355.0
343.0
337.0
339.0
340.0
365.0
402.0
430.0
432.0
398.0
361.0
352.0
343.0
343.0
346.0
373.0
414.0
435.0
428.0
401.0
367.0
358.0
349.0
349.0
355.0
373.0
413.0
439.0
442.0
404.0
366.0
353.0
345.0
344.0
350.0
371.0
417.0
440.0
436.0
402.0
370.0
357.0
350.0
345.0
355.0
376.0
416.0
442.0
439.0
410.0
373.0
357.0
346.0
342.0
338.0
360.0
401.0
428.0
433.0
408.0
373.0
352.0
345.0
346.0
348.0
356.0
390.0
425.0
437.0
419.0
386.0
361.0
353.0
350.0
355.0
362.0
400.0
434.0
445.0
431.0
398.0
372.0
361.0
354.0
355.0
362.0
396.0
441.0
457.0
447.0
412.0
384.0
372.0
358.0
357.0
367.0
390.0
431.0
457.0
449.0
414.0
383.0
370.0
361.0
360.0
358.0
375.0
416.0
445.0
449.0
425.0
395.0
373.0
360.0
359.0
362.0
372.0
408.0
441.0
451.0
439.0
409.0
380.0
371.0
367.0
367.0
377.0
393.0
435.0
457.0
457.0
428.0
394.0
382.0
373.0
368.0
373.0
382.0
417.0
450.0
461.0
445.0
415.0
386.0
376.0
373.0
371.0
373.0
394.0
434.0
458.0
464.0
443.0
411.0
389.0
380.0
376.0
376.0
384.0
405.0
441.0
457.0
460.0
431.0
406.0
386.0
380.0
376.0
375.0
388.0
421.0
451.0
463.0
452.0
417.0
392.0
376.0
376.0
374.0
377.0
398.0
435.0
459.0
460.0
434.0
398.0
384.0
379.0
374.0
375.0
382.0
414.0
449.0
460.0
452.0
415.0
388.0
374.0
372.0
371.0
375.0
390.0
424.0
450.0
457.0
433.0
403.0
380.0
375.0
369.0
370.0
372.0
397.0
432.0
450.0
451.0
427.0
399.0
377.0
371.0
368.0
371.0
370.0
403.0
441.0
449.0
447.0
421.0
388.0
374.0
368.0
364.0
368.0
371.0
407.0
437.0
451.0
446.0
416.0
382.0
371.0
365.0
366.0
359.0
373.0
403.0
437.0
448.0
440.0
411.0
381.0
370.0
359.0
357.0
361.0
374.0
405.0
434.0
446.0
442.0
409.0
381.0
370.0
366.0
361.0
367.0
384.0
425.0
455.0
456.0
436.0
398.0
372.0
366.0
361.0
362.0
363.0
390.0
429.0
454.0
451.0
419.0
384.0
367.0
359.0
357.0
357.0
366.0
398.0
438.0
451.0
442.0
414.0
381.0
366.0
357.0
356.0
360.0
365.0
406.0
437.0
448.0
437.0
401.0
371.0
356.0
356.0
354.0
356.0
373.0
413.0
435.0
450.0
429.0
398.0
374.0
362.0
359.0
352.0
362.0
379.0
414.0
444.0
451.0
425.0
396.0
374.0
365.0
362.0
360.0
368.0
387.0
422.0
448.0
451.0
430.0
400.0
378.0
364.0
362.0
365.0
368.0
387.0
423.0
447.0
446.0
428.0
399.0
377.0
366.0
364.0
363.0
370.0
392.0
434.0
452.0
447.0
417.0
388.0
375.0
367.0
363.0
364.0
376.0
411.0
446.0
457.0
444.0
415.0
383.0
374.0
368.0
367.0
367.0
383.0
425.0
449.0
459.0
435.0
405.0
379.0
371.0
365.0
362.0
370.0
391.0
425.0
452.0
454.0
433.0
397.0
375.0
368.0
363.0
364.0
368.0
397.0
432.0
449.0
446.0
421.0
391.0
374.0
361.0
359.0
362.0
368.0
404.0
439.0
451.0
439.0
404.0
377.0
363.0
362.0
362.0
362.0
382.0
420.0
447.0
452.0
429.0
394.0
374.0
364.0
360.0
359.0
363.0
388.0
419.0
440.0
452.0
428.0
393.0
371.0
365.0
358.0
357.0
362.0
381.0
419.0
444.0
448.0
424.0
390.0
372.0
361.0
358.0
358.0
363.0
381.0
417.0
447.0
450.0
426.0
394.0
369.0
357.0
356.0
357.0
357.0
365.0
410.0
438.0
441.0
424.0
390.0
360.0
353.0
351.0
347.0
353.0
373.0
420.0
445.0
442.0
420.0
389.0
361.0
356.0
350.0
354.0
359.0
381.0
418.0
441.0
441.0
409.0
376.0
360.0
352.0
351.0
353.0
358.0
397.0
429.0
443.0
442.0
408.0
375.0
355.0
355.0
352.0
348.0
371.0
416.0
443.0
446.0
418.0
378.0
358.0
354.0
353.0
352.0
358.0
386.0
413.0
428.0
418.0
388.0
349.0
344.0
345.0
334.0
337.0
357.0
398.0
422.0
424.0
398.0
372.0
356.0
346.0
347.0
350.0
357.0
397.0
416.0
430.0
412.0
380.0
358.0
347.0
346.0
343.0
349.0
375.0
408.0
427.0
421.0
393.0
360.0
349.0
347.0
345.0
350.0
365.0
396.0
426.0
427.0
402.0
371.0
355.0
343.0
345.0
344.0
356.0
392.0
422.0
434.0
413.0
384.0
362.0
353.0
340.0
339.0
351.0
373.0
409.0
432.0
434.0
397.0
368.0
353.0
347.0
347.0
346.0
362.0
405.0
438.0
448.0
428.0
390.0
368.0
359.0
355.0
355.0
369.0
400.0
434.0
454.0
444.0
404.0
370.0
363.0
359.0
356.0
363.0
392.0
431.0
445.0
435.0
399.0
373.0
364.0
360.0
364.0
366.0
391.0
431.0
451.0
441.0
412.0
378.0
367.0
361.0
360.0
363.0
388.0
425.0
439.0
440.0
409.0
377.0
363.0
358.0
358.0
365.0
388.0
424.0
444.0
434.0
406.0
373.0
361.0
357.0
355.0
362.0
394.0
429.0
443.0
430.0
398.0
370.0
360.0
356.0
354.0
364.0
398.0
433.0
443.0
427.0
396.0
370.0
360.0
356.0
357.0
361.0
387.0
420.0
439.0
431.0
407.0
378.0
364.0
357.0
356.0
357.0
369.0
417.0
447.0
458.0
436.0
400.0
373.0
369.0
358.0
366.0
374.0
405.0
445.0
459.0
443.0
410.0
378.0
363.0
358.0
361.0
361.0
381.0
415.0
440.0
443.0
420.0
388.0
368.0
363.0
356.0
356.0
366.0
391.0
430.0
448.0
439.0
408.0
374.0
367.0
352.0
358.0
359.0
369.0
407.0
437.0
440.0
426.0
396.0
371.0
356.0
355.0
356.0
364.0
385.0
423.0
440.0
440.0
412.0
385.0
368.0
361.0
367.0
372.0
383.0
416.0
454.0
465.0
454.0
426.0
393.0
381.0
371.0
373.0
378.0
386.0
419.0
456.0
469.0
454.0
428.0
395.0
385.0
375.0
377.0
379.0
391.0
427.0
459.0
470.0
454.0
417.0
385.0
376.0
371.0
376.0
376.0
393.0
431.0
457.0
467.0
448.0
410.0
386.0
376.0
371.0
375.0
382.0
396.0
426.0
449.0
446.0
425.0
397.0
376.0
359.0
357.0
364.0
368.0
390.0
422.0
437.0
437.0
410.0
384.0
369.0
361.0
359.0
362.0
370.0
397.0
431.0
440.0
428.0
390.0
352.0
360.0
357.0
365.0
367.0
373.0
408.0
434.0
446.0
429.0
399.0
371.0
364.0
359.0
362.0
368.0
381.0
419.0
443.0
444.0
419.0
392.0
369.0
361.0
359.0
360.0
368.0
388.0
427.0
444.0
443.0
410.0
379.0
362.0
361.0
359.0
359.0
367.0
408.0
439.0
449.0
422.0
390.0
366.0
362.0
358.0
357.0
363.0
384.0
424.0
444.0
439.0
407.0
374.0
355.0
350.0
346.0
348.0
360.0
394.0
430.0
440.0
425.0
395.0
361.0
352.0
349.0
345.0
348.0
367.0
404.0
437.0
441.0
412.0
381.0
354.0
346.0
349.0
346.0
355.0
392.0
424.0
439.0
424.0
392.0
361.0
352.0
346.0
349.0
353.0
372.0
411.0
436.0
435.0
408.0
373.0
354.0
347.0
343.0
344.0
351.0
385.0
429.0
440.0
428.0
390.0
359.0
348.0
343.0
342.0
346.0
364.0
403.0
431.0
450.0
415.0
378.0
353.0
347.0
345.0
345.0
348.0
383.0
415.0
417.0
406.0
392.0
366.0
351.0
344.0
344.0
345.0
360.0
396.0
423.0
432.0
417.0
376.0
354.0
342.0
338.0
342.0
352.0
384.0
418.0
431.0
419.0
392.0
356.0
346.0
339.0
338.0
344.0
361.0
400.0
424.0
428.0
401.0
366.0
353.0
340.0
340.0
340.0
351.0
383.0
416.0
427.0
410.0
385.0
352.0
344.0
336.0
341.0
342.0
373.0
409.0
427.0
416.0
385.0
355.0
345.0
340.0
342.0
345.0
367.0
403.0
425.0
415.0
387.0
347.0
340.0
338.0
335.0
336.0
367.0
402.0
422.0
417.0
385.0
349.0
342.0
335.0
334.0
339.0
354.0
397.0
420.0
421.0
389.0
347.0
332.0
334.0
330.0
335.0
355.0
396.0
422.0
427.0
393.0
360.0
343.0
335.0
332.0
336.0
359.0
400.0
419.0
419.0
382.0
349.0
333.0
328.0
330.0
335.0
359.0
399.0
425.0
416.0
382.0
349.0
335.0
327.0
336.0
336.0
344.0
375.0
403.0
407.0
387.0
352.0
339.0
329.0
331.0
328.0
346.0
384.0
414.0
414.0
387.0
353.0
341.0
325.0
322.0
332.0
347.0
386.0
413.0
416.0
386.0
354.0
334.0
328.0
326.0
337.0
336.0
380.0
409.0
418.0
390.0
359.0
340.0
332.0
327.0
323.0
342.0
379.0
412.0
419.0
395.0
364.0
338.0
328.0
327.0
332.0
337.0
375.0
406.0
419.0
397.0
365.0
338.0
330.0
327.0
327.0
337.0
372.0
404.0
414.0
397.0
366.0
341.0
328.0
327.0
328.0
335.0
356.0
394.0
413.0
410.0
378.0
349.0
336.0
330.0
327.0
332.0
349.0
386.0
414.0
414.0
390.0
361.0
341.0
329.0
329.0
333.0
339.0
373.0
407.0
417.0
403.0
368.0
341.0
332.0
330.0
333.0
338.0
363.0
403.0
415.0
403.0
372.0
347.0
333.0
333.0
334.0
338.0
357.0
396.0
414.0
412.0
382.0
346.0
334.0
329.0
331.0
336.0
358.0
396.0
420.0
414.0
381.0
342.0
336.0
336.0
337.0
339.0
358.0
394.0
423.0
413.0
387.0
350.0
337.0
332.0
332.0
337.0
360.0
396.0
427.0
419.0
387.0
358.0
341.0
334.0
331.0
339.0
355.0
393.0
426.0
425.0
400.0
355.0
334.0
326.0
332.0
336.0
365.0
402.0
424.0
407.0
373.0
344.0
331.0
332.0
337.0
341.0
375.0
415.0
422.0
400.0
363.0
345.0
337.0
328.0
334.0
348.0
390.0
419.0
415.0
388.0
356.0
338.0
330.0
328.0
334.0
356.0
397.0
420.0
418.0
376.0
350.0
336.0
331.0
330.0
332.0
357.0
396.0
419.0
411.0
380.0
346.0
334.0
331.0
328.0
332.0
361.0
400.0
417.0
412.0
378.0
341.0
325.0
329.0
331.0
339.0
377.0
414.0
424.0
395.0
361.0
333.0
327.0
327.0
334.0
351.0
392.0
420.0
416.0
381.0
342.0
333.0
327.0
329.0
329.0
360.0
406.0
425.0
407.0
372.0
337.0
321.0
326.0
330.0
341.0
380.0
412.0
418.0
398.0
352.0
336.0
333.0
335.0
341.0
355.0
413.0
433.0
427.0
390.0
358.0
344.0
334.0
324.0
328.0
359.0
393.0
419.0
406.0
376.0
342.0
341.0
334.0
333.0
338.0
369.0
402.0
416.0
396.0
371.0
347.0
340.0
337.0
338.0
346.0
378.0
411.0
421.0
405.0
374.0
352.0
343.0
339.0
339.0
349.0
379.0
414.0
434.0
414.0
386.0
360.0
346.0
341.0
347.0
357.0
401.0
432.0
438.0
420.0
384.0
364.0
352.0
349.0
355.0
363.0
404.0
436.0
440.0
415.0
380.0
365.0
358.0
356.0
359.0
377.0
424.0
454.0
447.0
411.0
380.0
367.0
360.0
366.0
371.0
400.0
437.0
461.0
454.0
418.0
395.0
381.0
380.0
378.0
396.0
438.0
465.0
464.0
433.0
399.0
382.0
373.0
372.0
381.0
420.0
445.0
462.0
446.0
415.0
391.0
376.0
373.0
374.0
371.0
409.0
443.0
459.0
436.0
408.0
383.0
373.0
371.0
374.0
382.0
416.0
448.0
457.0
435.0
402.0
379.0
369.0
371.0
372.0
392.0
422.0
447.0
446.0
423.0
391.0
376.0
374.0
368.0
373.0
397.0
432.0
448.0
443.0
409.0
387.0
372.0
370.0
370.0
359.0
398.0
442.0
456.0
447.0
413.0
383.0
374.0
367.0
371.0
377.0
413.0
451.0
466.0
446.0
410.0
383.0
374.0
366.0
371.0
378.0
417.0
450.0
455.0
434.0
398.0
377.0
370.0
365.0
367.0
377.0
420.0
461.0
452.0
427.0
395.0
367.0
362.0
364.0
363.0
367.0
411.0
442.0
453.0
434.0
397.0
380.0
370.0
374.0
384.0
392.0
427.0
455.0
448.0
429.0
390.0
376.0
369.0
366.0
370.0
399.0
434.0
447.0
449.0
420.0
391.0
361.0
359.0
367.0
367.0
388.0
428.0
447.0
440.0
413.0
384.0
373.0
367.0
367.0
372.0
401.0
432.0
445.0
433.0
404.0
384.0
375.0
359.0
356.0
368.0
403.0
440.0
454.0
435.0
404.0
375.0
369.0
365.0
364.0
372.0
405.0
437.0
450.0
433.0
404.0
377.0
368.0
363.0
362.0
370.0
404.0
440.0
452.0
429.0
398.0
375.0
364.0
361.0
361.0
366.0
404.0
432.0
454.0
431.0
398.0
372.0
364.0
357.0
359.0
366.0
401.0
432.0
449.0
430.0
402.0
373.0
361.0
358.0
358.0
362.0
388.0
426.0
451.0
438.0
401.0
366.0
356.0
353.0
355.0
363.0
390.0
427.0
439.0
423.0
390.0
363.0
364.0
354.0
354.0
357.0
397.0
432.0
440.0
410.0
377.0
359.0
348.0
352.0
352.0
368.0
407.0
433.0
433.0
402.0
368.0
358.0
350.0
346.0
353.0
367.0
411.0
436.0
433.0
401.0
372.0
356.0
350.0
347.0
349.0
368.0
412.0
436.0
435.0
404.0
378.0
363.0
353.0
342.0
354.0
375.0
414.0
437.0
444.0
413.0
371.0
353.0
347.0
348.0
361.0
371.0
414.0
443.0
439.0
414.0
380.0
363.0
358.0
357.0
358.0
376.0
410.0
442.0
443.0
419.0
389.0
372.0
369.0
374.0
379.0
392.0
428.0
460.0
469.0
453.0
415.0
388.0
384.0
383.0
385.0
392.0
422.0
460.0
476.0
458.0
422.0
398.0
396.0
386.0
385.0
387.0
417.0
455.0
484.0
472.0
435.0
399.0
382.0
382.0
381.0
386.0
401.0
439.0
451.0
449.0
415.0
399.0
366.0
359.0
353.0
376.0
395.0
432.0
464.0
469.0
447.0
412.0
392.0
379.0
375.0
372.0
370.0
391.0
446.0
462.0
450.0
418.0
394.0
380.0
374.0
377.0
382.0
406.0
434.0
454.0
452.0
424.0
395.0
377.0
373.0
379.0
376.0
390.0
421.0
456.0
458.0
427.0
399.0
378.0
369.0
369.0
371.0
379.0
413.0
449.0
453.0
442.0
403.0
377.0
368.0
366.0
366.0
372.0
394.0
434.0
452.0
445.0
421.0
384.0
367.0
361.0
360.0
364.0
372.0
410.0
445.0
449.0
430.0
401.0
375.0
362.0
362.0
359.0
366.0
392.0
426.0
447.0
440.0
413.0
383.0
366.0
356.0
356.0
358.0
373.0
404.0
438.0
447.0
426.0
395.0
370.0
359.0
355.0
353.0
363.0
387.0
424.0
445.0
438.0
406.0
373.0
357.0
355.0
350.0
354.0
367.0
400.0
435.0
440.0
422.0
387.0
361.0
353.0
348.0
348.0
356.0
389.0
426.0
442.0
430.0
399.0
368.0
360.0
351.0
352.0
357.0
378.0
416.0
441.0
435.0
404.0
372.0
356.0
351.0
346.0
350.0
366.0
404.0
433.0
437.0
411.0
379.0
359.0
350.0
350.0
352.0
360.0
391.0
425.0
438.0
424.0
390.0
361.0
352.0
349.0
349.0
350.0
379.0
414.0
437.0
429.0
396.0
363.0
352.0
347.0
345.0
350.0
367.0
406.0
427.0
430.0
403.0
370.0
352.0
345.0
341.0
346.0
361.0
399.0
427.0
430.0
408.0
374.0
353.0
344.0
341.0
347.0
350.0
381.0
418.0
429.0
413.0
384.0
351.0
342.0
341.0
339.0
347.0
374.0
409.0
429.0
422.0
387.0
354.0
345.0
341.0
336.0
342.0
364.0
400.0
425.0
419.0
390.0
358.0
342.0
338.0
333.0
339.0
356.0
399.0
421.0
423.0
392.0
363.0
343.0
336.0
336.0
334.0
353.0
385.0
417.0
422.0
394.0
362.0
342.0
334.0
324.0
325.0
340.0
389.0
420.0
422.0
401.0
363.0
335.0
330.0
326.0
330.0
337.0
375.0
408.0
416.0
397.0
366.0
344.0
333.0
328.0
330.0
339.0
375.0
408.0
426.0
408.0
378.0
350.0
338.0
339.0
339.0
346.0
376.0
409.0
428.0
418.0
379.0
349.0
335.0
325.0
340.0
352.0
373.0
407.0
423.0
409.0
369.0
344.0
332.0
327.0
332.0
349.0
364.0
404.0
420.0
413.0
379.0
343.0
332.0
328.0
330.0
337.0
350.0
394.0
414.0
407.0
375.0
350.0
332.0
327.0
324.0
319.0
331.0
372.0
398.0
408.0
380.0
352.0
330.0
326.0
321.0
323.0
326.0
357.0
395.0
408.0
395.0
370.0
332.0
322.0
310.0
325.0
324.0
356.0
392.0
405.0
399.0
373.0
338.0
328.0
320.0
317.0
322.0
332.0
374.0
400.0
409.0
385.0
352.0
329.0
321.0
318.0
320.0
326.0
356.0
394.0
406.0
396.0
359.0
330.0
320.0
317.0
316.0
319.0
343.0
382.0
401.0
398.0
364.0
338.0
325.0
314.0
317.0
319.0
338.0
375.0
400.0
399.0
372.0
336.0
319.0
315.0
314.0
316.0
330.0
369.0
394.0
402.0
376.0
344.0
325.0
313.0
310.0
318.0
328.0
363.0
392.0
398.0
378.0
345.0
324.0
314.0
311.0
311.0
319.0
351.0
387.0
398.0
385.0
353.0
325.0
317.0
310.0
310.0
316.0
337.0
378.0
394.0
391.0
360.0
331.0
318.0
309.0
308.0
315.0
336.0
371.0
396.0
390.0
368.0
337.0
317.0
310.0
307.0
314.0
326.0
365.0
391.0
391.0
365.0
338.0
318.0
307.0
310.0
307.0
322.0
352.0
383.0
393.0
377.0
344.0
318.0
303.0
305.0
303.0
303.0
333.0
368.0
395.0
390.0
362.0
323.0
308.0
304.0
301.0
306.0
317.0
353.0
382.0
386.0
368.0
334.0
312.0
309.0
301.0
304.0
311.0
344.0
381.0
389.0
374.0
343.0
315.0
308.0
300.0
305.0
305.0
333.0
379.0
402.0
394.0
368.0
331.0
313.0
302.0
304.0
307.0
313.0
353.0
384.0
395.0
370.0
343.0
314.0
302.0
301.0
303.0
311.0
330.0
371.0
389.0
386.0
359.0
325.0
311.0
304.0
299.0
301.0
313.0
348.0
378.0
391.0
376.0
345.0
316.0
308.0
302.0
304.0
309.0
333.0
377.0
397.0
392.0
367.0
333.0
317.0
310.0
312.0
318.0
325.0
367.0
394.0
395.0
375.0
342.0
320.0
318.0
309.0
307.0
311.0
353.0
391.0
407.0
387.0
350.0
322.0
314.0
305.0
311.0
314.0
335.0
376.0
400.0
398.0
367.0
332.0
314.0
306.0
307.0
311.0
327.0
367.0
395.0
394.0
373.0
340.0
318.0
306.0
307.0
310.0
318.0
342.0
385.0
402.0
388.0
357.0
323.0
313.0
311.0
310.0
313.0
336.0
376.0
399.0
397.0
367.0
329.0
319.0
312.0
307.0
312.0
328.0
365.0
392.0
403.0
376.0
347.0
324.0
305.0
312.0
321.0
319.0
349.0
385.0
397.0
388.0
360.0
327.0
314.0
310.0
309.0
314.0
334.0
374.0
401.0
401.0
372.0
342.0
320.0
314.0
307.0
314.0
320.0
356.0
387.0
401.0
387.0
357.0
326.0
317.0
321.0
313.0
313.0
329.0
367.0
395.0
401.0
370.0
341.0
326.0
320.0
312.0
311.0
312.0
347.0
386.0
402.0
395.0
362.0
328.0
317.0
311.0
305.0
320.0
329.0
364.0
401.0
405.0
386.0
345.0
324.0
316.0
312.0
314.0
317.0
351.0
385.0
405.0
398.0
366.0
336.0
318.0
313.0
311.0
318.0
330.0
375.0
403.0
399.0
376.0
341.0
317.0
318.0
310.0
316.0
327.0
363.0
395.0
399.0
383.0
351.0
328.0
319.0
311.0
310.0
324.0
358.0
393.0
401.0
383.0
346.0
327.0
314.0
312.0
315.0
325.0
362.0
390.0
403.0
386.0
351.0
321.0
319.0
315.0
314.0
322.0
356.0
389.0
402.0
387.0
352.0
327.0
316.0
312.0
316.0
316.0
344.0
385.0
404.0
394.0
361.0
334.0
324.0
320.0
317.0
327.0
348.0
387.0
407.0
407.0
375.0
347.0
334.0
328.0
323.0
331.0
342.0
380.0
409.0
421.0
403.0
372.0
355.0
342.0
338.0
340.0
350.0
370.0
413.0
434.0
429.0
404.0
372.0
359.0
352.0
350.0
360.0
368.0
411.0
440.0
446.0
429.0
398.0
371.0
367.0
358.0
365.0
372.0
398.0
434.0
453.0
450.0
422.0
389.0
375.0
372.0
370.0
375.0
387.0
432.0
456.0
459.0
435.0
402.0
381.0
374.0
374.0
376.0
383.0
417.0
447.0
459.0
442.0
410.0
386.0
374.0
371.0
375.0
377.0
414.0
442.0
458.0
441.0
412.0
387.0
372.0
370.0
366.0
373.0
404.0
445.0
453.0
444.0
405.0
370.0
361.0
362.0
367.0
374.0
390.0
427.0
452.0
461.0
429.0
398.0
381.0
380.0
375.0
374.0
379.0
417.0
453.0
462.0
448.0
411.0
378.0
370.0
368.0
364.0
365.0
382.0
426.0
458.0
464.0
441.0
402.0
375.0
364.0
360.0
362.0
369.0
393.0
437.0
463.0
460.0
427.0
391.0
375.0
364.0
362.0
369.0
380.0
420.0
457.0
469.0
446.0
408.0
374.0
358.0
356.0
358.0
366.0
382.0
434.0
461.0
458.0
425.0
389.0
365.0
359.0
357.0
358.0
370.0
413.0
456.0
462.0
441.0
405.0
377.0
364.0
360.0
369.0
373.0
400.0
436.0
456.0
453.0
418.0
380.0
372.0
364.0
363.0
362.0
375.0
416.0
447.0
453.0
428.0
390.0
368.0
361.0
351.0
353.0
362.0
381.0
418.0
446.0
449.0
421.0
387.0
366.0
362.0
357.0
361.0
368.0
390.0
429.0
453.0
452.0
422.0
394.0
375.0
367.0
367.0
373.0
387.0
423.0
458.0
481.0
475.0
430.0
401.0
391.0
387.0
391.0
396.0
418.0
465.0
492.0
491.0
464.0
431.0
425.0
427.0
428.0
443.0
455.0
500.0
537.0
549.0
537.0
501.0
471.0
461.0
457.0
475.0
475.0
506.0
544.0
559.0
554.0
522.0
491.0
476.0
474.0
480.0
493.0
510.0
557.0
573.0
571.0
545.0
514.0
491.0
490.0
496.0
499.0
525.0
568.0
594.0
595.0
567.0
538.0
516.0
514.0
512.0
514.0
523.0
571.0
605.0
609.0
582.0
553.0
535.0
528.0
526.0
531.0
541.0
589.0
615.0
623.0
597.0
563.0
542.0
536.0
536.0
542.0
556.0
601.0
628.0
625.0
596.0
562.0
546.0
536.0
533.0
543.0
563.0
604.0
620.0
614.0
582.0
550.0
542.0
541.0
535.0
542.0
580.0
614.0
631.0
606.0
570.0
541.0
535.0
529.0
533.0
541.0
578.0
611.0
623.0
598.0
558.0
534.0
525.0
525.0
522.0
537.0
578.0
615.0
615.0
586.0
554.0
528.0
521.0
516.0
520.0
534.0
563.0
601.0
611.0
600.0
548.0
521.0
505.0
501.0
503.0
512.0
545.0
572.0
582.0
561.0
542.0
506.0
506.0
501.0
505.0
517.0
549.0
584.0
600.0
581.0
555.0
530.0
515.0
517.0
520.0
525.0
562.0
602.0
622.0
607.0
576.0
547.0
537.0
524.0
536.0
537.0
569.0
608.0
629.0
621.0
594.0
565.0
554.0
550.0
553.0
556.0
585.0
624.0
648.0
645.0
618.0
586.0
572.0
570.0
573.0
578.0
602.0
650.0
672.0
670.0
638.0
602.0
590.0
591.0
593.0
596.0
623.0
661.0
685.0
686.0
657.0
627.0
611.0
608.0
607.0
609.0
629.0
666.0
694.0
694.0
673.0
641.0
623.0
618.0
614.0
615.0
630.0
670.0
698.0
705.0
684.0
652.0
635.0
628.0
618.0
627.0
641.0
684.0
708.0
710.0
682.0
654.0
634.0
621.0
616.0
622.0
629.0
672.0
701.0
709.0
681.0
649.0
626.0
623.0
622.0
621.0
618.0
641.0
691.0
703.0
684.0
651.0
620.0
617.0
613.0
609.0
614.0
634.0
675.0
689.0
684.0
648.0
620.0
600.0
596.0
595.0
601.0
622.0
661.0
682.0
683.0
655.0
614.0
598.0
593.0
588.0
600.0
613.0
648.0
677.0
671.0
642.0
600.0
584.0
587.0
578.0
603.0
604.0
653.0
666.0
661.0
629.0
601.0
587.0
581.0
582.0
589.0
626.0
657.0
672.0
649.0
621.0
591.0
578.0
574.0
579.0
580.0
614.0
650.0
661.0
641.0
606.0
580.0
576.0
567.0
569.0
572.0
600.0
640.0
653.0
640.0
609.0
586.0
568.0
561.0
551.0
554.0
581.0
619.0
651.0
648.0
613.0
579.0
566.0
565.0
564.0
568.0
596.0
637.0
654.0
651.0
617.0
584.0
563.0
558.0
562.0
560.0
584.0
630.0
652.0
648.0
615.0
587.0
569.0
559.0
559.0
562.0
576.0
616.0
644.0
652.0
621.0
587.0
567.0
558.0
554.0
563.0
572.0
613.0
642.0
655.0
630.0
596.0
569.0
560.0
557.0
556.0
567.0
596.0
633.0
642.0
625.0
595.0
564.0
549.0
548.0
546.0
546.0
572.0
613.0
629.0
619.0
587.0
554.0
547.0
538.0
533.0
537.0
566.0
611.0
629.0
620.0
584.0
548.0
534.0
525.0
526.0
529.0
554.0
593.0
613.0
610.0
585.0
548.0
527.0
523.0
512.0
520.0
536.0
572.0
597.0
592.0
566.0
534.0
521.0
512.0
503.0
507.0
526.0
558.0
582.0
586.0
560.0
528.0
513.0
500.0
500.0
499.0
515.0
550.0
574.0
580.0
553.0
505.0
504.0
503.0
493.0
491.0
503.0
540.0
572.0
572.0
558.0
523.0
501.0
492.0
487.0
486.0
497.0
541.0
576.0
578.0
555.0
521.0
483.0
483.0
480.0
481.0
487.0
524.0
560.0
568.0
548.0
518.0
486.0
477.0
478.0
477.0
485.0
520.0
554.0
565.0
551.0
514.0
482.0
472.0
469.0
473.0
480.0
512.0
541.0
553.0
543.0
511.0
481.0
471.0
462.0
460.0
469.0
499.0
534.0
554.0
547.0
518.0
479.0
471.0
458.0
456.0
462.0
486.0
526.0
544.0
538.0
501.0
472.0
461.0
454.0
452.0
458.0
480.0
524.0
538.0
525.0
496.0
462.0
452.0
445.0
448.0
456.0
476.0
512.0
536.0
535.0
497.0
466.0
447.0
440.0
427.0
430.0
460.0
505.0
536.0
532.0
504.0
466.0
449.0
440.0
440.0
445.0
468.0
506.0
532.0
526.0
490.0
452.0
437.0
433.0
435.0
439.0
460.0
499.0
521.0
513.0
485.0
449.0
424.0
424.0
421.0
431.0
452.0
492.0
516.0
508.0
482.0
444.0
429.0
415.0
425.0
428.0
452.0
493.0
520.0
515.0
486.0
447.0
435.0
425.0
421.0
427.0
450.0
485.0
511.0
512.0
480.0
447.0
433.0
423.0
418.0
421.0
440.0
480.0
507.0
510.0
477.0
444.0
424.0
418.0
415.0
417.0
434.0
471.0
505.0
509.0
479.0
445.0
422.0
416.0
409.0
415.0
426.0
463.0
497.0
500.0
475.0
438.0
419.0
408.0
405.0
410.0
419.0
457.0
474.0
489.0
463.0
432.0
413.0
405.0
401.0
402.0
410.0
441.0
478.0
492.0
479.0
443.0
416.0
402.0
397.0
399.0
403.0
431.0
462.0
488.0
481.0
451.0
419.0
405.0
394.0
400.0
398.0
417.0
459.0
480.0
479.0
454.0
422.0
403.0
393.0
393.0
394.0
403.0
442.0
474.0
482.0
463.0
434.0
405.0
395.0
391.0
393.0
396.0
418.0
455.0
477.0
477.0
446.0
412.0
400.0
388.0
388.0
390.0
407.0
444.0
475.0
468.0
446.0
416.0
400.0
387.0
373.0
384.0
389.0
432.0
464.0
480.0
458.0
426.0
398.0
383.0
384.0
382.0
391.0
415.0
454.0
475.0
461.0
429.0
399.0
386.0
383.0
380.0
386.0
403.0
446.0
465.0
465.0
426.0
395.0
384.0
377.0
377.0
383.0
397.0
435.0
466.0
472.0
446.0
412.0
392.0
383.0
380.0
381.0
395.0
434.0
466.0
471.0
446.0
414.0
394.0
380.0
380.0
382.0
383.0
421.0
453.0
470.0
451.0
419.0
391.0
379.0
374.0
376.0
377.0
419.0
455.0
480.0
461.0
420.0
392.0
379.0
373.0
374.0
384.0
408.0
448.0
466.0
460.0
433.0
395.0
381.0
375.0
372.0
378.0
394.0
431.0
459.0
463.0
440.0
407.0
385.0
378.0
374.0
376.0
394.0
414.0
446.0
459.0
455.0
423.0
393.0
378.0
369.0
370.0
375.0
389.0
424.0
453.0
461.0
436.0
395.0
374.0
371.0
365.0
365.0
371.0
407.0
450.0
465.0
451.0
415.0
380.0
364.0
356.0
356.0
363.0
381.0
423.0
452.0
455.0
431.0
396.0
381.0
363.0
374.0
362.0
370.0
395.0
431.0
453.0
445.0
415.0
384.0
374.0
365.0
365.0
363.0
383.0
424.0
449.0
454.0
429.0
394.0
374.0
365.0
362.0
364.0
372.0
401.0
440.0
448.0
442.0
407.0
381.0
363.0
361.0
361.0
367.0
392.0
433.0
449.0
443.0
408.0
377.0
366.0
363.0
364.0
362.0
388.0
427.0
445.0
438.0
416.0
388.0
370.0
355.0
354.0
361.0
367.0
406.0
441.0
443.0
426.0
393.0
369.0
356.0
353.0
352.0
357.0
396.0
438.0
447.0
429.0
398.0
368.0
358.0
355.0
352.0
362.0
390.0
429.0
450.0
437.0
404.0
370.0
361.0
357.0
356.0
360.0
383.0
419.0
441.0
441.0
413.0
384.0
366.0
357.0
351.0
356.0
364.0
399.0
431.0
444.0
426.0
399.0
373.0
362.0
352.0
358.0
359.0
380.0
423.0
446.0
442.0
412.0
379.0
362.0
356.0
352.0
360.0
369.0
409.0
440.0
445.0
423.0
392.0
369.0
366.0
361.0
360.0
374.0
410.0
438.0
460.0
436.0
399.0
379.0
367.0
364.0
367.0
362.0
394.0
418.0
451.0
441.0
402.0
372.0
362.0
357.0
359.0
370.0
424.0
455.0
475.0
457.0
421.0
385.0
368.0
371.0
375.0
376.0
408.0
456.0
470.0
456.0
417.0
386.0
376.0
370.0
375.0
376.0
413.0
453.0
470.0
464.0
428.0
397.0
392.0
374.0
372.0
379.0
407.0
448.0
467.0
456.0
428.0
394.0
382.0
380.0
377.0
378.0
405.0
445.0
464.0
454.0
424.0
393.0
381.0
376.0
376.0
380.0
411.0
448.0
466.0
448.0
416.0
391.0
380.0
375.0
371.0
383.0
422.0
457.0
470.0
464.0
433.0
402.0
389.0
388.0
389.0
390.0
420.0
456.0
473.0
460.0
433.0
397.0
383.0
379.0
380.0
382.0
401.0
433.0
458.0
459.0
430.0
397.0
386.0
377.0
375.0
381.0
400.0
440.0
467.0
469.0
449.0
417.0
394.0
383.0
378.0
386.0
405.0
444.0
470.0
467.0
436.0
393.0
380.0
370.0
370.0
375.0
401.0
436.0
459.0
450.0
421.0
391.0
376.0
373.0
369.0
374.0
402.0
443.0
468.0
462.0
427.0
395.0
386.0
375.0
380.0
386.0
412.0
455.0
471.0
462.0
436.0
403.0
388.0
386.0
384.0
389.0
417.0
452.0
471.0
465.0
439.0
411.0
397.0
396.0
396.0
406.0
440.0
472.0
490.0
478.0
453.0
429.0
417.0
418.0
427.0
442.0
481.0
519.0
535.0
520.0
490.0
475.0
469.0
463.0
473.0
482.0
524.0
562.0
572.0
555.0
526.0
517.0
518.0
528.0
545.0
566.0
610.0
642.0
653.0
638.0
617.0
601.0
598.0
594.0
597.0
620.0
663.0
687.0
681.0
654.0
618.0
617.0
607.0
609.0
619.0
652.0
694.0
712.0
693.0
677.0
654.0
639.0
637.0
639.0
645.0
678.0
716.0
728.0
719.0
688.0
662.0
652.0
646.0
660.0
674.0
715.0
754.0
767.0
749.0
709.0
694.0
692.0
691.0
690.0
709.0
755.0
789.0
797.0
776.0
749.0
740.0
736.0
739.0
744.0
767.0
809.0
840.0
838.0
818.0
783.0
772.0
765.0
765.0
772.0
791.0
833.0
862.0
865.0
842.0
806.0
788.0
779.0
781.0
783.0
800.0
843.0
871.0
882.0
851.0
822.0
799.0
792.0
787.0
789.0
798.0
830.0
860.0
868.0
843.0
813.0
789.0
777.0
775.0
770.0
777.0
810.0
841.0
856.0
840.0
809.0
780.0
767.0
765.0
763.0
769.0
799.0
834.0
851.0
837.0
806.0
778.0
763.0
757.0
754.0
761.0
785.0
820.0
835.0
822.0
793.0
764.0
745.0
744.0
743.0
747.0
775.0
811.0
823.0
812.0
781.0
752.0
739.0
727.0
733.0
738.0
768.0
798.0
809.0
793.0
759.0
731.0
723.0
718.0
714.0
725.0
749.0
786.0
798.0
775.0
741.0
713.0
699.0
699.0
695.0
701.0
736.0
765.0
779.0
754.0
720.0
696.0
684.0
678.0
680.0
690.0
726.0
751.0
754.0
735.0
695.0
676.0
667.0
661.0
658.0
674.0
714.0
740.0
743.0
712.0
678.0
663.0
652.0
648.0
653.0
668.0
710.0
731.0
719.0
688.0
657.0
647.0
637.0
637.0
643.0
668.0
706.0
717.0
705.0
671.0
640.0
633.0
624.0
623.0
629.0
663.0
694.0
701.0
684.0
651.0
625.0
614.0
612.0
613.0
622.0
656.0
690.0
688.0
669.0
634.0
612.0
603.0
597.0
602.0
612.0
649.0
679.0
680.0
648.0
616.0
602.0
596.0
587.0
591.0
611.0
649.0
672.0
664.0
631.0
599.0
583.0
580.0
580.0
582.0
608.0
642.0
661.0
648.0
616.0
586.0
573.0
567.0
571.0
574.0
601.0
640.0
650.0
635.0
602.0
572.0
564.0
560.0
558.0
566.0
593.0
630.0
641.0
629.0
588.0
560.0
547.0
549.0
555.0
562.0
602.0
632.0
640.0
613.0
570.0
555.0
544.0
539.0
543.0
557.0
600.0
619.0
617.0
588.0
554.0
539.0
528.0
529.0
530.0
562.0
602.0
614.0
603.0
569.0
538.0
530.0
523.0
523.0
535.0
570.0
606.0
614.0
586.0
551.0
525.0
519.0
515.0
518.0
530.0
575.0
601.0
599.0
569.0
532.0
520.0
510.0
510.0
511.0
536.0
576.0
596.0
586.0
548.0
517.0
511.0
502.0
498.0
510.0
550.0
581.0
590.0
559.0
520.0
504.0
493.0
491.0
496.0
515.0
555.0
579.0
576.0
550.0
509.0
496.0
487.0
483.0
489.0
513.0
552.0
571.0
568.0
535.0
499.0
489.0
484.0
479.0
483.0
512.0
553.0
570.0
558.0
530.0
496.0
479.0
478.0
477.0
486.0
518.0
563.0
570.0
548.0
520.0
488.0
478.0
468.0
472.0
477.0
503.0
541.0
556.0
544.0
512.0
478.0
470.0
464.0
462.0
472.0
506.0
539.0
549.0
526.0
494.0
467.0
462.0
455.0
460.0
473.0
512.0
532.0
538.0
513.0
481.0
456.0
453.0
450.0
448.0
473.0
513.0
539.0
536.0
505.0
471.0
455.0
448.0
449.0
450.0
469.0
502.0
531.0
530.0
501.0
467.0
455.0
447.0
446.0
436.0
461.0
489.0
517.0
522.0
498.0
468.0
453.0
444.0
444.0
450.0
455.0
498.0
533.0
546.0
516.0
486.0
459.0
445.0
438.0
442.0
457.0
496.0
528.0
536.0
511.0
474.0
449.0
438.0
440.0
440.0
449.0
494.0
534.0
532.0
505.0
476.0
453.0
434.0
432.0
437.0
445.0
481.0
513.0
524.0
512.0
473.0
449.0
435.0
430.0
432.0
438.0
467.0
508.0
525.0
517.0
483.0
447.0
429.0
428.0
425.0
434.0
471.0
508.0
523.0
507.0
472.0
440.0
430.0
423.0
423.0
425.0
458.0
501.0
516.0
507.0
472.0
436.0
427.0
425.0
426.0
423.0
444.0
482.0
503.0
503.0
468.0
438.0
427.0
423.0
420.0
422.0
437.0
479.0
512.0
505.0
480.0
443.0
426.0
420.0
414.0
418.0
429.0
469.0
500.0
503.0
484.0
453.0
426.0
415.0
413.0
413.0
423.0
464.0
492.0
497.0
480.0
450.0
424.0
417.0
409.0
414.0
422.0
459.0
490.0
494.0
474.0
444.0
423.0
411.0
408.0
411.0
423.0
456.0
482.0
488.0
476.0
439.0
417.0
403.0
393.0
401.0
408.0
448.0
479.0
490.0
472.0
438.0
416.0
404.0
398.0
396.0
403.0
433.0
471.0
486.0
479.0
447.0
414.0
403.0
391.0
394.0
401.0
426.0
465.0
484.0
471.0
446.0
416.0
399.0
395.0
392.0
397.0
424.0
461.0
482.0
470.0
437.0
408.0
400.0
392.0
392.0
396.0
423.0
457.0
476.0
469.0
437.0
409.0
397.0
391.0
387.0
396.0
417.0
454.0
471.0
469.0
440.0
411.0
394.0
389.0
385.0
390.0
408.0
451.0
475.0
468.0
441.0
405.0
391.0
387.0
386.0
392.0
406.0
442.0
473.0
467.0
440.0
407.0
394.0
384.0
384.0
390.0
401.0
439.0
469.0
465.0
441.0
411.0
389.0
385.0
382.0
386.0
394.0
439.0
468.0
461.0
440.0
408.0
390.0
380.0
378.0
385.0
399.0
431.0
452.0
461.0
439.0
405.0
389.0
378.0
375.0
379.0
393.0
434.0
459.0
465.0
435.0
402.0
384.0
377.0
376.0
380.0
397.0
433.0
456.0
458.0
435.0
402.0
384.0
376.0
377.0
379.0
395.0
434.0
461.0
458.0
431.0
398.0
380.0
375.0
373.0
377.0
400.0
433.0
459.0
458.0
424.0
394.0
382.0
374.0
371.0
375.0
390.0
429.0
452.0
451.0
428.0
397.0
379.0
372.0
374.0
375.0
390.0
429.0
456.0
451.0
428.0
396.0
375.0
371.0
370.0
370.0
386.0
426.0
452.0
453.0
428.0
394.0
378.0
369.0
368.0
371.0
381.0
418.0
450.0
454.0
430.0
400.0
381.0
366.0
367.0
371.0
374.0
412.0
440.0
455.0
435.0
401.0
380.0
370.0
367.0
364.0
376.0
403.0
441.0
453.0
437.0
407.0
381.0
370.0
363.0
366.0
371.0
394.0
433.0
447.0
439.0
410.0
381.0
366.0
366.0
363.0
365.0
381.0
416.0
444.0
447.0
425.0
392.0
373.0
365.0
363.0
366.0
371.0
399.0
433.0
448.0
438.0
404.0
376.0
367.0
361.0
359.0
365.0
386.0
423.0
439.0
442.0
413.0
381.0
367.0
363.0
359.0
359.0
371.0
410.0
438.0
441.0
421.0
388.0
366.0
360.0
359.0
358.0
365.0
396.0
433.0
441.0
427.0
399.0
373.0
360.0
352.0
358.0
360.0
384.0
419.0
436.0
436.0
408.0
379.0
362.0
357.0
357.0
359.0
371.0
402.0
435.0
438.0
415.0
386.0
367.0
358.0
354.0
358.0
364.0
394.0
424.0
439.0
426.0
397.0
367.0
358.0
358.0
351.0
360.0
379.0
410.0
433.0
434.0
413.0
379.0
361.0
352.0
350.0
350.0
362.0
397.0
431.0
442.0
429.0
398.0
368.0
358.0
355.0
353.0
360.0
374.0
410.0
437.0
442.0
416.0
383.0
363.0
354.0
351.0
355.0
359.0
390.0
424.0
445.0
432.0
391.0
367.0
356.0
350.0
350.0
359.0
379.0
416.0
434.0
431.0
399.0
371.0
357.0
350.0
348.0
350.0
356.0
401.0
427.0
433.0
413.0
390.0
361.0
346.0
345.0
338.0
352.0
378.0
407.0
428.0
423.0
400.0
369.0
354.0
349.0
344.0
347.0
355.0
384.0
418.0
431.0
420.0
389.0
361.0
349.0
346.0
345.0
345.0
364.0
400.0
424.0
424.0
405.0
377.0
354.0
346.0
341.0
345.0
350.0
375.0
407.0
428.0
423.0
397.0
368.0
348.0
345.0
342.0
344.0
353.0
378.0
410.0
423.0
416.0
389.0
360.0
349.0
344.0
341.0
346.0
359.0
392.0
422.0
423.0
400.0
371.0
350.0
348.0
342.0
343.0
347.0
377.0
413.0
423.0
413.0
384.0
353.0
345.0
342.0
336.0
346.0
366.0
401.0
420.0
419.0
392.0
360.0
347.0
338.0
338.0
343.0
366.0
402.0
420.0
416.0
390.0
357.0
343.0
344.0
344.0
346.0
356.0
393.0
415.0
412.0
390.0
362.0
346.0
340.0
336.0
340.0
350.0
386.0
418.0
416.0
391.0
362.0
344.0
339.0
338.0
338.0
352.0
388.0
413.0
421.0
395.0
370.0
347.0
339.0
337.0
336.0
343.0
374.0
407.0
423.0
406.0
374.0
352.0
340.0
339.0
340.0
347.0
373.0
412.0
421.0
408.0
383.0
354.0
344.0
337.0
341.0
346.0
374.0
408.0
422.0
414.0
387.0
360.0
348.0
343.0
346.0
347.0
370.0
405.0
420.0
423.0
399.0
367.0
353.0
346.0
345.0
350.0
364.0
406.0
423.0
426.0
400.0
370.0
352.0
350.0
348.0
351.0
372.0
409.0
426.0
428.0
400.0
365.0
354.0
351.0
348.0
351.0
372.0
413.0
426.0
428.0
394.0
368.0
356.0
352.0
343.0
356.0
384.0
419.0
434.0
421.0
388.0
367.0
355.0
348.0
354.0
360.0
383.0
421.0
431.0
423.0
395.0
365.0
355.0
352.0
355.0
354.0
379.0
417.0
434.0
429.0
399.0
368.0
357.0
352.0
353.0
354.0
373.0
413.0
429.0
426.0
400.0
370.0
358.0
355.0
352.0
356.0
381.0
418.0
435.0
436.0
406.0
372.0
355.0
351.0
349.0
355.0
371.0
412.0
431.0
431.0
405.0
373.0
355.0
353.0
349.0
349.0
370.0
409.0
433.0
428.0
403.0
368.0
355.0
342.0
348.0
356.0
378.0
417.0
440.0
432.0
398.0
361.0
352.0
346.0
341.0
352.0
376.0
416.0
433.0
424.0
386.0
358.0
339.0
336.0
346.0
353.0
380.0
418.0
442.0
420.0
384.0
350.0
348.0
346.0
354.0
359.0
387.0
413.0
428.0
412.0
381.0
352.0
347.0
338.0
345.0
349.0
387.0
418.0
425.0
405.0
369.0
348.0
339.0
346.0
339.0
348.0
384.0
418.0
420.0
399.0
360.0
344.0
335.0
337.0
338.0
352.0
387.0
410.0
417.0
387.0
358.0
345.0
338.0
337.0
337.0
360.0
388.0
417.0
414.0
387.0
359.0
339.0
336.0
338.0
340.0
356.0
388.0
418.0
420.0
388.0
357.0
339.0
333.0
334.0
336.0
352.0
388.0
412.0
417.0
391.0
361.0
342.0
337.0
334.0
336.0
345.0
380.0
408.0
421.0
400.0
369.0
349.0
339.0
335.0
336.0
341.0
368.0
402.0
415.0
408.0
380.0
349.0
343.0
334.0
333.0
337.0
356.0
395.0
416.0
414.0
384.0
355.0
338.0
333.0
328.0
335.0
350.0
384.0
410.0
416.0
389.0
358.0
339.0
331.0
332.0
336.0
348.0
386.0
412.0
413.0
384.0
354.0
337.0
329.0
329.0
330.0
350.0
393.0
415.0
407.0
377.0
347.0
333.0
329.0
328.0
332.0
356.0
396.0
412.0
405.0
376.0
344.0
334.0
329.0
329.0
334.0
360.0
397.0
413.0
397.0
371.0
345.0
333.0
324.0
331.0
334.0
362.0
397.0
413.0
403.0
374.0
343.0
331.0
329.0
330.0
331.0
354.0
389.0
406.0
405.0
377.0
347.0
335.0
328.0
328.0
332.0
354.0
394.0
408.0
404.0
381.0
349.0
332.0
325.0
321.0
325.0
343.0
375.0
403.0
406.0
383.0
356.0
343.0
333.0
332.0
333.0
337.0
367.0
405.0
413.0
401.0
361.0
323.0
322.0
321.0
312.0
323.0
358.0
390.0
406.0
400.0
365.0
336.0
324.0
322.0
320.0
323.0
341.0
377.0
406.0
402.0
378.0
339.0
321.0
324.0
322.0
318.0
334.0
375.0
394.0
400.0
385.0
349.0
331.0
321.0
317.0
316.0
329.0
373.0
406.0
410.0
390.0
352.0
335.0
327.0
322.0
337.0
336.0
378.0
411.0
420.0
395.0
364.0
341.0
329.0
317.0
320.0
338.0
379.0
408.0
416.0
394.0
357.0
336.0
328.0
326.0
331.0
344.0
381.0
409.0
410.0
385.0
348.0
337.0
325.0
327.0
332.0
357.0
397.0
414.0
406.0
373.0
343.0
329.0
320.0
325.0
335.0
360.0
394.0
407.0
398.0
368.0
342.0
334.0
325.0
327.0
330.0
355.0
387.0
412.0
407.0
378.0
346.0
332.0
330.0
325.0
337.0
356.0
397.0
416.0
409.0
377.0
344.0
331.0
330.0
328.0
331.0
354.0
396.0
420.0
413.0
377.0
349.0
329.0
324.0
323.0
329.0
355.0
392.0
416.0
412.0
381.0
345.0
334.0
326.0
324.0
331.0
352.0
392.0
418.0
410.0
374.0
337.0
328.0
324.0
327.0
322.0
356.0
396.0
410.0
400.0
374.0
336.0
329.0
318.0
324.0
327.0
347.0
394.0
410.0
396.0
363.0
333.0
321.0
318.0
318.0
326.0
356.0
394.0
407.0
385.0
351.0
331.0
320.0
315.0
323.0
328.0
369.0
399.0
403.0
377.0
344.0
328.0
317.0
319.0
318.0
344.0
385.0
408.0
407.0
366.0
335.0
330.0
321.0
320.0
326.0
350.0
395.0
416.0
408.0
376.0
339.0
329.0
320.0
325.0
329.0
354.0
392.0
414.0
403.0
365.0
328.0
323.0
318.0
318.0
324.0
361.0
401.0
412.0
393.0
357.0
331.0
320.0
319.0
322.0
326.0
364.0
398.0
405.0
385.0
345.0
326.0
320.0
317.0
323.0
332.0
372.0
402.0
407.0
375.0
341.0
322.0
318.0
318.0
322.0
343.0
387.0
404.0
395.0
359.0
331.0
320.0
311.0
318.0
322.0
352.0
392.0
404.0
384.0
356.0
330.0
319.0
323.0
318.0
329.0
367.0
400.0
403.0
377.0
341.0
323.0
318.0
317.0
318.0
333.0
374.0
399.0
400.0
368.0
332.0
321.0
313.0
314.0
320.0
349.0
387.0
404.0
384.0
352.0
322.0
317.0
309.0
313.0
329.0
370.0
396.0
394.0
367.0
332.0
321.0
314.0
308.0
316.0
339.0
379.0
400.0
387.0
356.0
324.0
317.0
313.0
310.0
316.0
354.0
386.0
399.0
377.0
344.0
320.0
313.0
312.0
318.0
327.0
372.0
397.0
389.0
358.0
323.0
317.0
310.0
309.0
317.0
348.0
382.0
399.0
381.0
348.0
320.0
313.0
311.0
315.0
322.0
362.0
388.0
397.0
367.0
331.0
317.0
313.0
313.0
312.0
330.0
370.0
390.0
389.0
362.0
330.0
315.0
313.0
311.0
315.0
354.0
397.0
403.0
383.0
346.0
320.0
313.0
308.0
312.0
330.0
370.0
399.0
397.0
363.0
327.0
313.0
309.0
307.0
313.0
344.0
382.0
395.0
375.0
342.0
313.0
307.0
304.0
306.0
318.0
364.0
389.0
382.0
355.0
323.0
308.0
305.0
304.0
312.0
349.0
379.0
392.0
370.0
334.0
312.0
307.0
307.0
308.0
323.0
366.0
390.0
397.0
360.0
326.0
314.0
305.0
306.0
310.0
346.0
385.0
396.0
374.0
335.0
311.0
305.0
299.0
305.0
320.0
363.0
390.0
388.0
355.0
319.0
308.0
303.0
300.0
304.0
340.0
381.0
393.0
377.0
336.0
313.0
301.0
300.0
308.0
318.0
362.0
385.0
389.0
356.0
319.0
307.0
302.0
304.0
310.0
345.0
380.0
392.0
368.0
331.0
307.0
302.0
302.0
307.0
323.0
366.0
393.0
382.0
349.0
317.0
304.0
302.0
304.0
314.0
346.0
379.0
391.0
367.0
330.0
314.0
301.0
303.0
303.0
322.0
364.0
386.0
388.0
350.0
319.0
308.0
300.0
302.0
309.0
341.0
383.0
393.0
367.0
335.0
313.0
307.0
304.0
307.0
324.0
370.0
397.0
394.0
352.0
318.0
307.0
299.0
304.0
310.0
346.0
385.0
398.0
372.0
337.0
316.0
302.0
299.0
303.0
320.0
359.0
381.0
380.0
352.0
317.0
304.0
299.0
299.0
310.0
342.0
382.0
390.0
368.0
327.0
305.0
290.0
288.0
295.0
323.0
370.0
402.0
389.0
349.0
316.0
303.0
297.0
300.0
307.0
338.0
377.0
389.0
367.0
328.0
308.0
298.0
302.0
299.0
318.0
361.0
384.0
382.0
351.0
310.0
298.0
295.0
304.0
309.0
334.0
377.0
391.0
369.0
335.0
308.0
302.0
301.0
304.0
317.0
361.0
389.0
385.0
357.0
321.0
302.0
303.0
298.0
302.0
330.0
372.0
387.0
371.0
340.0
311.0
300.0
304.0
310.0
313.0
358.0
386.0
387.0
353.0
317.0
300.0
298.0
298.0
302.0
338.0
378.0
390.0
371.0
325.0
304.0
298.0
296.0
300.0
316.0
357.0
373.0
373.0
343.0
309.0
300.0
294.0
295.0
306.0
345.0
377.0
386.0
354.0
320.0
305.0
293.0
291.0
298.0
321.0
367.0
383.0
368.0
333.0
302.0
296.0
288.0
297.0
307.0
343.0
378.0
379.0
351.0
312.0
302.0
295.0
289.0
302.0
322.0
365.0
382.0
361.0
331.0
305.0
297.0
288.0
293.0
313.0
342.0
373.0
378.0
358.0
323.0
299.0
295.0
292.0
294.0
307.0
349.0
371.0
375.0
349.0
316.0
299.0
293.0
290.0
293.0
320.0
353.0
374.0
368.0
337.0
309.0
300.0
291.0
298.0
301.0
330.0
364.0
381.0
365.0
329.0
301.0
292.0
293.0
299.0
309.0
345.0
383.0
386.0
356.0
324.0
304.0
298.0
297.0
304.0
326.0
367.0
397.0
394.0
364.0
330.0
320.0
316.0
317.0
324.0
354.0
394.0
406.0
399.0
364.0
338.0
328.0
324.0
331.0
340.0
380.0
412.0
425.0
408.0
376.0
352.0
344.0
345.0
347.0
357.0
394.0
434.0
438.0
417.0
387.0
365.0
361.0
360.0
369.0
385.0
425.0
459.0
459.0
431.0
399.0
382.0
376.0
380.0
382.0
404.0
449.0
474.0
466.0
435.0
402.0
391.0
388.0
388.0
397.0
424.0
463.0
483.0
474.0
445.0
416.0
403.0
402.0
401.0
407.0
437.0
480.0
499.0
486.0
460.0
431.0
421.0
412.0
415.0
423.0
444.0
485.0
507.0
498.0
470.0
437.0
424.0
419.0
428.0
425.0
450.0
489.0
512.0
504.0
475.0
440.0
424.0
425.0
425.0
424.0
447.0
485.0
509.0
509.0
482.0
445.0
430.0
424.0
424.0
425.0
438.0
477.0
507.0
512.0
481.0
452.0
428.0
418.0
420.0
423.0
429.0
469.0
499.0
508.0
486.0
453.0
430.0
418.0
414.0
416.0
427.0
459.0
492.0
506.0
481.0
447.0
427.0
412.0
411.0
417.0
425.0
460.0
493.0
497.0
477.0
444.0
423.0
413.0
408.0
412.0
423.0
452.0
488.0
499.0
478.0
446.0
415.0
413.0
407.0
405.0
418.0
454.0
487.0
499.0
470.0
436.0
412.0
402.0
399.0
403.0
415.0
460.0
491.0
492.0
462.0
426.0
405.0
400.0
419.0
409.0
431.0
471.0
487.0
486.0
451.0
416.0
404.0
397.0
398.0
405.0
434.0
476.0
496.0
489.0
454.0
423.0
413.0
402.0
402.0
410.0
430.0
471.0
499.0
497.0
473.0
434.0
410.0
406.0
405.0
408.0
425.0
466.0
496.0
501.0
473.0
436.0
423.0
409.0
413.0
409.0
427.0
472.0
500.0
505.0
473.0
437.0
419.0
427.0
415.0
416.0
431.0
469.0
498.0
504.0
471.0
434.0
415.0
408.0
408.0
413.0
430.0
473.0
503.0
501.0
471.0
434.0
416.0
409.0
409.0
414.0
432.0
476.0
503.0
512.0
471.0
438.0
419.0
411.0
410.0
414.0
434.0
476.0
502.0
502.0
464.0
432.0
419.0
412.0
410.0
414.0
438.0
482.0
499.0
494.0
459.0
425.0
421.0
416.0
414.0
420.0
445.0
487.0
506.0
499.0
469.0
437.0
421.0
415.0
411.0
419.0
430.0
475.0
497.0
499.0
474.0
439.0
418.0
412.0
408.0
413.0
429.0
469.0
501.0
509.0
483.0
438.0
414.0
403.0
409.0
418.0
423.0
463.0
478.0
494.0
467.0
438.0
419.0
413.0
400.0
405.0
419.0
451.0
488.0
496.0
470.0
429.0
410.0
404.0
401.0
407.0
424.0
466.0
493.0
488.0
460.0
416.0
401.0
391.0
395.0
405.0
432.0
477.0
490.0
489.0
451.0
412.0
399.0
394.0
398.0
400.0
425.0
465.0
482.0
475.0
436.0
409.0
395.0
391.0
388.0
388.0
423.0
462.0
476.0
462.0
432.0
406.0
386.0
382.0
381.0
384.0
416.0
458.0
474.0
460.0
420.0
397.0
383.0
388.0
389.0
400.0
443.0
464.0
467.0
439.0
407.0
395.0
385.0
390.0
398.0
414.0
448.0
470.0
471.0
437.0
406.0
390.0
382.0
394.0
401.0
434.0
470.0
480.0
465.0
430.0
402.0
394.0
386.0
395.0
405.0
448.0
476.0
479.0
452.0
412.0
397.0
390.0
393.0
397.0
425.0
464.0
479.0
471.0
435.0
408.0
398.0
392.0
393.0
400.0
442.0
475.0
481.0
457.0
423.0
399.0
391.0
394.0
396.0
414.0
459.0
486.0
484.0
450.0
416.0
397.0
390.0
395.0
398.0
430.0
475.0
489.0
478.0
441.0
404.0
394.0
393.0
391.0
387.0
434.0
476.0
485.0
473.0
433.0
403.0
392.0
388.0
390.0
400.0
438.0
473.0
483.0
462.0
428.0
400.0
392.0
393.0
390.0
394.0
436.0
475.0
483.0
461.0
431.0
407.0
394.0
393.0
396.0
408.0
448.0
482.0
486.0
459.0
422.0
403.0
398.0
397.0
399.0
409.0
454.0
487.0
491.0
463.0
431.0
404.0
397.0
395.0
396.0
404.0
446.0
478.0
480.0
456.0
422.0
399.0
395.0
390.0
396.0
419.0
458.0
481.0
477.0
440.0
407.0
396.0
389.0
394.0
398.0
429.0
468.0
478.0
476.0
433.0
408.0
393.0
390.0
392.0
401.0
437.0
467.0
479.0
459.0
426.0
402.0
393.0
388.0
392.0
399.0
435.0
470.0
482.0
453.0
424.0
399.0
390.0
387.0
392.0
401.0
444.0
470.0
476.0
448.0
413.0
396.0
391.0
385.0
393.0
405.0
445.0
474.0
481.0
447.0
414.0
397.0
390.0
393.0
393.0
409.0
451.0
479.0
478.0
447.0
416.0
396.0
386.0
388.0
381.0
400.0
439.0
467.0
474.0
454.0
419.0
397.0
388.0
383.0
387.0
394.0
430.0
464.0
478.0
456.0
426.0
397.0
387.0
382.0
386.0
389.0
422.0
461.0
476.0
464.0
431.0
394.0
389.0
381.0
381.0
389.0
417.0
459.0
473.0
462.0
431.0
398.0
389.0
383.0
383.0
383.0
416.0
452.0
468.0
461.0
431.0
400.0
385.0
383.0
383.0
386.0
407.0
450.0
467.0
466.0
434.0
402.0
385.0
380.0
383.0
383.0
401.0
443.0
465.0
462.0
432.0
400.0
389.0
379.0
382.0
381.0
402.0
439.0
462.0
463.0
434.0
401.0
387.0
377.0
381.0
386.0
404.0
440.0
467.0
464.0
431.0
402.0
390.0
379.0
380.0
383.0
398.0
438.0
465.0
465.0
441.0
409.0
390.0
377.0
380.0
380.0
389.0
427.0
459.0
469.0
442.0
408.0
389.0
383.0
379.0
381.0
399.0
436.0
462.0
462.0
435.0
400.0
382.0
377.0
379.0
383.0
404.0
446.0
462.0
454.0
426.0
394.0
385.0
379.0
371.0
387.0
416.0
462.0
464.0
445.0
411.0
386.0
374.0
375.0
374.0
383.0
422.0
442.0
455.0
436.0
405.0
389.0
376.0
373.0
378.0
386.0
426.0
454.0
452.0
429.0
399.0
372.0
376.0
368.0
367.0
394.0
425.0
450.0
446.0
422.0
387.0
377.0
