204.0
199.0
158.0
122.0
109.0
106.0
98.0
112.0
138.0
192.0
208.0
197.0
152.0
118.0
108.0
106.0
104.0
111.0
153.0
196.0
203.0
195.0
147.0
107.0
101.0
99.0
99.0
107.0
143.0
184.0
204.0
199.0
156.0
121.0
108.0
104.0
101.0
106.0
143.0
183.0
207.0
201.0
152.0
119.0
103.0
105.0
98.0
106.0
139.0
187.0
205.0
196.0
152.0
118.0
104.0
98.0
104.0
112.0
140.0
191.0
207.0
194.0
156.0
122.0
102.0
96.0
108.0
112.0
138.0
186.0
210.0
196.0
155.0
120.0
112.0
102.0
105.0
106.0
145.0
194.0
210.0
197.0
154.0
121.0
112.0
97.0
107.0
112.0
151.0
189.0
203.0
175.0
142.0
114.0
110.0
101.0
104.0
121.0
164.0
200.0
204.0
165.0
132.0
113.0
109.0
109.0
112.0
126.0
179.0
210.0
194.0
162.0
123.0
114.0
104.0
103.0
115.0
150.0
185.0
200.0
176.0
131.0
109.0
102.0
102.0
111.0
133.0
186.0
203.0
199.0
161.0
114.0
107.0
102.0
103.0
111.0
154.0
198.0
206.0
179.0
133.0
112.0
104.0
105.0
104.0
126.0
181.0
214.0
196.0
155.0
119.0
105.0
97.0
103.0
108.0
156.0
202.0
215.0
182.0
141.0
114.0
120.0
125.0
122.0
136.0
180.0
206.0
200.0
163.0
120.0
106.0
107.0
108.0
118.0
162.0
200.0
207.0
176.0
145.0
120.0
112.0
114.0
122.0
132.0
186.0
212.0
209.0
178.0
142.0
128.0
118.0
114.0
128.0
158.0
199.0
221.0
203.0
166.0
131.0
120.0
121.0
123.0
128.0
179.0
213.0
216.0
192.0
155.0
132.0
124.0
120.0
131.0
149.0
196.0
225.0
217.0
176.0
141.0
128.0
128.0
130.0
150.0
175.0
223.0
228.0
186.0
158.0
124.0
126.0
126.0
123.0
148.0
200.0
225.0
220.0
175.0
137.0
123.0
125.0
128.0
134.0
173.0
220.0
233.0
205.0
163.0
138.0
125.0
122.0
130.0
153.0
201.0
227.0
224.0
186.0
143.0
131.0
129.0
128.0
137.0
168.0
211.0
230.0
205.0
163.0
140.0
133.0
130.0
128.0
131.0
176.0
217.0
223.0
209.0
165.0
142.0
127.0
125.0
125.0
138.0
181.0
217.0
223.0
192.0
160.0
132.0
127.0
123.0
130.0
140.0
193.0
228.0
218.0
187.0
144.0
136.0
130.0
132.0
138.0
170.0
222.0
237.0
212.0
174.0
144.0
134.0
131.0
139.0
153.0
203.0
227.0
232.0
193.0
163.0
142.0
138.0
134.0
146.0
169.0
213.0
233.0
223.0
191.0
159.0
140.0
139.0
140.0
148.0
179.0
219.0
235.0
223.0
186.0
152.0
147.0
138.0
146.0
156.0
195.0
238.0
246.0
218.0
170.0
154.0
149.0
141.0
152.0
172.0
225.0
248.0
238.0
201.0
158.0
152.0
146.0
146.0
153.0
196.0
238.0
248.0
219.0
186.0
159.0
147.0
142.0
150.0
171.0
224.0
250.0
244.0
202.0
170.0
154.0
145.0
149.0
156.0
196.0
237.0
249.0
227.0
181.0
161.0
147.0
147.0
146.0
169.0
222.0
246.0
242.0
203.0
164.0
155.0
145.0
153.0
156.0
194.0
239.0
250.0
228.0
181.0
155.0
146.0
140.0
151.0
171.0
226.0
253.0
244.0
204.0
162.0
148.0
143.0
153.0
158.0
206.0
245.0
246.0
214.0
174.0
153.0
145.0
150.0
160.0
188.0
242.0
250.0
226.0
187.0
158.0
147.0
145.0
153.0
177.0
230.0
254.0
241.0
197.0
169.0
156.0
152.0
152.0
160.0
211.0
242.0
247.0
210.0
166.0
152.0
147.0
152.0
161.0
200.0
247.0
247.0
219.0
179.0
157.0
151.0
151.0
152.0
191.0
236.0
257.0
236.0
194.0
164.0
157.0
151.0
160.0
181.0
225.0
257.0
249.0
210.0
172.0
165.0
161.0
157.0
173.0
213.0
254.0
263.0
230.0
181.0
169.0
158.0
165.0
164.0
206.0
253.0
270.0
247.0
205.0
181.0
169.0
173.0
173.0
183.0
234.0
269.0
268.0
237.0
194.0
175.0
169.0
162.0
173.0
199.0
244.0
265.0
262.0
217.0
187.0
175.0
162.0
165.0
178.0
214.0
251.0
269.0
248.0
213.0
186.0
168.0
169.0
167.0
181.0
228.0
268.0
268.0
243.0
201.0
175.0
168.0
168.0
169.0
189.0
234.0
267.0
263.0
232.0
197.0
178.0
172.0
172.0
175.0
203.0
253.0
273.0
254.0
216.0
185.0
169.0
170.0
167.0
179.0
232.0
266.0
268.0
236.0
198.0
174.0
172.0
170.0
171.0
206.0
253.0
274.0
253.0
207.0
178.0
170.0
166.0
174.0
185.0
241.0
264.0
263.0
222.0
186.0
174.0
166.0
168.0
180.0
219.0
256.0
266.0
238.0
204.0
180.0
171.0
166.0
174.0
200.0
249.0
280.0
270.0
240.0
196.0
182.0
176.0
177.0
180.0
221.0
266.0
284.0
253.0
219.0
189.0
173.0
172.0
176.0
198.0
241.0
275.0
266.0
233.0
192.0
173.0
171.0
174.0
184.0
220.0
261.0
276.0
262.0
218.0
194.0
184.0
173.0
177.0
193.0
246.0
275.0
274.0
234.0
197.0
184.0
170.0
174.0
183.0
224.0
265.0
277.0
242.0
205.0
186.0
177.0
171.0
173.0
211.0
258.0
278.0
260.0
222.0
188.0
177.0
165.0
177.0
187.0
234.0
271.0
271.0
234.0
197.0
177.0
175.0
174.0
173.0
210.0
258.0
271.0
247.0
211.0
183.0
173.0
163.0
170.0
183.0
223.0
265.0
270.0
241.0
201.0
174.0
167.0
163.0
166.0
189.0
234.0
265.0
257.0
229.0
185.0
173.0
169.0
163.0
176.0
208.0
250.0
263.0
250.0
204.0
180.0
169.0
160.0
164.0
176.0
216.0
254.0
266.0
230.0
192.0
169.0
168.0
162.0
166.0
189.0
239.0
265.0
252.0
215.0
183.0
166.0
157.0
164.0
171.0
205.0
252.0
260.0
235.0
192.0
172.0
162.0
157.0
164.0
179.0
234.0
259.0
254.0
208.0
172.0
169.0
159.0
164.0
165.0
216.0
247.0
262.0
218.0
189.0
161.0
152.0
158.0
164.0
194.0
240.0
260.0
241.0
200.0
170.0
153.0
153.0
154.0
164.0
215.0
251.0
256.0
227.0
181.0
162.0
158.0
150.0
160.0
186.0
230.0
254.0
246.0
206.0
169.0
157.0
148.0
150.0
159.0
195.0
243.0
251.0
227.0
192.0
157.0
151.0
152.0
148.0
163.0
203.0
248.0
246.0
217.0
180.0
161.0
152.0
152.0
156.0
172.0
226.0
251.0
242.0
199.0
161.0
148.0
151.0
152.0
154.0
201.0
238.0
256.0
225.0
181.0
158.0
155.0
152.0
152.0
168.0
221.0
242.0
239.0
201.0
170.0
156.0
150.0
147.0
156.0
192.0
238.0
251.0
230.0
185.0
156.0
146.0
146.0
148.0
166.0
210.0
243.0
241.0
211.0
172.0
157.0
144.0
148.0
149.0
188.0
233.0
249.0
234.0
192.0
162.0
148.0
146.0
148.0
160.0
212.0
244.0
245.0
213.0
169.0
149.0
144.0
149.0
158.0
193.0
245.0
257.0
228.0
184.0
166.0
157.0
154.0
156.0
175.0
226.0
254.0
250.0
205.0
168.0
157.0
150.0
153.0
166.0
207.0
243.0
253.0
219.0
184.0
159.0
155.0
156.0
156.0
186.0
236.0
256.0
248.0
209.0
169.0
164.0
159.0
160.0
167.0
210.0
253.0
267.0
242.0
199.0
180.0
171.0
162.0
170.0
179.0
236.0
274.0
279.0
241.0
204.0
189.0
182.0
179.0
186.0
210.0
261.0
283.0
272.0
229.0
198.0
187.0
182.0
176.0
186.0
222.0
265.0
282.0
269.0
230.0
192.0
179.0
180.0
183.0
187.0
217.0
264.0
280.0
260.0
226.0
191.0
181.0
179.0
177.0
189.0
218.0
265.0
275.0
259.0
214.0
191.0
180.0
170.0
175.0
187.0
230.0
268.0
281.0
252.0
212.0
186.0
174.0
170.0
174.0
185.0
218.0
265.0
272.0
251.0
213.0
184.0
177.0
172.0
172.0
184.0
225.0
263.0
275.0
247.0
211.0
183.0
170.0
170.0
164.0
182.0
223.0
261.0
270.0
246.0
202.0
181.0
166.0
166.0
165.0
183.0
222.0
256.0
266.0
241.0
201.0
183.0
171.0
162.0
167.0
178.0
220.0
262.0
265.0
235.0
197.0
174.0
166.0
163.0
168.0
181.0
222.0
261.0
264.0
235.0
199.0
177.0
166.0
156.0
166.0
178.0
225.0
257.0
266.0
232.0
193.0
169.0
165.0
162.0
160.0
185.0
231.0
258.0
258.0
224.0
176.0
171.0
157.0
157.0
163.0
195.0
242.0
261.0
245.0
208.0
176.0
166.0
160.0
160.0
164.0
218.0
249.0
261.0
236.0
198.0
168.0
162.0
158.0
157.0
182.0
228.0
253.0
253.0
217.0
178.0
165.0
154.0
153.0
164.0
191.0
238.0
256.0
239.0
202.0
174.0
161.0
157.0
153.0
166.0
211.0
248.0
261.0
232.0
198.0
171.0
160.0
158.0
149.0
170.0
209.0
244.0
260.0
235.0
197.0
170.0
166.0
158.0
160.0
167.0
209.0
250.0
260.0
232.0
194.0
163.0
156.0
152.0
154.0
168.0
223.0
245.0
250.0
217.0
186.0
165.0
158.0
156.0
163.0
176.0
230.0
259.0
250.0
210.0
173.0
165.0
156.0
155.0
157.0
186.0
232.0
252.0
242.0
203.0
172.0
162.0
153.0
154.0
159.0
195.0
237.0
259.0
230.0
195.0
169.0
155.0
153.0
152.0
166.0
205.0
242.0
256.0
232.0
195.0
169.0
157.0
153.0
155.0
169.0
212.0
248.0
252.0
230.0
188.0
162.0
148.0
152.0
156.0
172.0
210.0
244.0
249.0
216.0
178.0
167.0
156.0
153.0
155.0
175.0
228.0
256.0
244.0
208.0
171.0
161.0
152.0
151.0
159.0
188.0
237.0
253.0
238.0
203.0
170.0
153.0
154.0
156.0
154.0
193.0
237.0
250.0
228.0
201.0
164.0
158.0
146.0
152.0
163.0
203.0
243.0
252.0
231.0
196.0
162.0
154.0
155.0
154.0
168.0
209.0
246.0
257.0
229.0
189.0
162.0
163.0
155.0
162.0
180.0
226.0
251.0
256.0
225.0
187.0
165.0
159.0
157.0
164.0
173.0
224.0
254.0
260.0
225.0
182.0
168.0
164.0
157.0
163.0
197.0
250.0
273.0
266.0
226.0
196.0
177.0
181.0
180.0
199.0
231.0
276.0
286.0
261.0
221.0
197.0
187.0
188.0
192.0
206.0
260.0
291.0
288.0
256.0
216.0
199.0
188.0
186.0
194.0
228.0
278.0
299.0
282.0
249.0
209.0
202.0
193.0
197.0
202.0
249.0
291.0
303.0
277.0
233.0
212.0
200.0
200.0
198.0
215.0
268.0
301.0
303.0
271.0
235.0
217.0
209.0
204.0
211.0
235.0
292.0
301.0
294.0
256.0
221.0
209.0
199.0
203.0
212.0
252.0
289.0
314.0
280.0
245.0
213.0
207.0
204.0
204.0
219.0
270.0
301.0
307.0
278.0
231.0
202.0
197.0
189.0
202.0
223.0
273.0
297.0
289.0
245.0
214.0
198.0
191.0
194.0
200.0
247.0
286.0
304.0
282.0
239.0
212.0
199.0
197.0
200.0
214.0
270.0
302.0
299.0
257.0
224.0
199.0
193.0
196.0
203.0
235.0
283.0
298.0
284.0
246.0
211.0
196.0
198.0
199.0
218.0
264.0
298.0
303.0
270.0
223.0
203.0
194.0
197.0
209.0
243.0
290.0
303.0
279.0
233.0
210.0
197.0
195.0
196.0
222.0
268.0
298.0
284.0
242.0
212.0
197.0
193.0
188.0
203.0
243.0
280.0
292.0
269.0
227.0
202.0
190.0
189.0
192.0
200.0
250.0
284.0
292.0
257.0
218.0
200.0
188.0
190.0
191.0
214.0
270.0
293.0
278.0
245.0
203.0
187.0
189.0
193.0
196.0
244.0
274.0
291.0
259.0
215.0
198.0
190.0
184.0
187.0
218.0
266.0
285.0
272.0
240.0
198.0
186.0
180.0
184.0
193.0
237.0
278.0
288.0
258.0
216.0
194.0
183.0
180.0
183.0
211.0
261.0
282.0
279.0
241.0
203.0
188.0
183.0
182.0
192.0
224.0
275.0
288.0
263.0
221.0
190.0
178.0
181.0
184.0
204.0
252.0
284.0
280.0
242.0
206.0
189.0
178.0
182.0
188.0
233.0
266.0
278.0
260.0
220.0
188.0
179.0
172.0
181.0
193.0
243.0
276.0
274.0
239.0
199.0
184.0
181.0
178.0
186.0
223.0
265.0
283.0
261.0
221.0
187.0
177.0
179.0
176.0
199.0
245.0
278.0
279.0
231.0
202.0
180.0
174.0
180.0
192.0
228.0
273.0
282.0
252.0
217.0
189.0
182.0
180.0
180.0
211.0
254.0
280.0
267.0
235.0
197.0
187.0
182.0
188.0
191.0
246.0
280.0
282.0
246.0
203.0
188.0
186.0
190.0
190.0
237.0
278.0
289.0
259.0
212.0
196.0
179.0
180.0
188.0
219.0
266.0
284.0
270.0
233.0
196.0
190.0
187.0
190.0
202.0
264.0
295.0
296.0
253.0
213.0
192.0
188.0
188.0
204.0
237.0
281.0
299.0
274.0
231.0
205.0
191.0
188.0
197.0
226.0
273.0
299.0
285.0
245.0
208.0
200.0
194.0
201.0
210.0
262.0
297.0
296.0
251.0
212.0
198.0
188.0
194.0
203.0
251.0
290.0
296.0
264.0
226.0
202.0
196.0
195.0
202.0
233.0
286.0
301.0
281.0
242.0
204.0
201.0
195.0
193.0
208.0
262.0
294.0
297.0
260.0
227.0
204.0
197.0
191.0
204.0
228.0
280.0
304.0
285.0
247.0
209.0
198.0
192.0
204.0
212.0
263.0
297.0
293.0
257.0
225.0
205.0
194.0
199.0
204.0
241.0
291.0
303.0
286.0
246.0
220.0
210.0
205.0
207.0
229.0
283.0
313.0
304.0
258.0
226.0
213.0
211.0
206.0
215.0
267.0
304.0
316.0
285.0
238.0
219.0
212.0
212.0
214.0
249.0
299.0
313.0
298.0
257.0
225.0
213.0
212.0
214.0
226.0
275.0
313.0
311.0
280.0
237.0
224.0
216.0
212.0
222.0
270.0
307.0
325.0
293.0
256.0
227.0
223.0
224.0
224.0
258.0
304.0
335.0
319.0
280.0
252.0
242.0
236.0
241.0
258.0
310.0
350.0
350.0
320.0
276.0
261.0
252.0
254.0
259.0
289.0
342.0
358.0
332.0
298.0
276.0
271.0
268.0
273.0
283.0
332.0
368.0
367.0
331.0
294.0
275.0
265.0
269.0
277.0
314.0
360.0
378.0
355.0
312.0
281.0
278.0
270.0
273.0
296.0
344.0
369.0
368.0
327.0
283.0
275.0
266.0
266.0
278.0
318.0
360.0
371.0
339.0
304.0
281.0
269.0
275.0
274.0
308.0
356.0
382.0
370.0
331.0
287.0
276.0
269.0
274.0
288.0
329.0
371.0
375.0
332.0
300.0
276.0
266.0
268.0
269.0
297.0
352.0
370.0
346.0
311.0
273.0
265.0
260.0
259.0
272.0
314.0
357.0
359.0
328.0
285.0
266.0
257.0
253.0
259.0
299.0
342.0
360.0
331.0
290.0
260.0
254.0
256.0
254.0
286.0
331.0
356.0
343.0
304.0
268.0
252.0
251.0
253.0
265.0
309.0
345.0
351.0
326.0
277.0
262.0
253.0
252.0
256.0
283.0
327.0
355.0
346.0
304.0
261.0
254.0
245.0
251.0
253.0
299.0
337.0
352.0
329.0
279.0
264.0
247.0
246.0
249.0
265.0
317.0
347.0
346.0
308.0
276.0
257.0
244.0
246.0
256.0
283.0
332.0
353.0
337.0
294.0
268.0
258.0
243.0
249.0
264.0
303.0
344.0
349.0
323.0
274.0
263.0
251.0
251.0
253.0
278.0
337.0
354.0
340.0
301.0
268.0
254.0
252.0
257.0
268.0
319.0
355.0
364.0
328.0
288.0
269.0
258.0
265.0
270.0
313.0
358.0
382.0
353.0
319.0
289.0
280.0
273.0
274.0
303.0
349.0
380.0
379.0
334.0
299.0
278.0
276.0
278.0
288.0
333.0
375.0
386.0
349.0
307.0
294.0
280.0
277.0
289.0
320.0
375.0
388.0
370.0
330.0
300.0
289.0
280.0
290.0
305.0
354.0
388.0
386.0
346.0
301.0
294.0
280.0
286.0
292.0
333.0
378.0
388.0
349.0
310.0
292.0
283.0
278.0
288.0
329.0
370.0
389.0
358.0
308.0
289.0
279.0
276.0
277.0
314.0
370.0
379.0
364.0
318.0
293.0
280.0
273.0
276.0
308.0
346.0
372.0
372.0
329.0
288.0
279.0
278.0
269.0
277.0
332.0
375.0
377.0
342.0
306.0
282.0
275.0
264.0
279.0
303.0
356.0
380.0
361.0
322.0
290.0
270.0
269.0
275.0
296.0
346.0
377.0
367.0
329.0
292.0
273.0
267.0
272.0
281.0
331.0
376.0
375.0
348.0
310.0
281.0
278.0
269.0
277.0
299.0
348.0
377.0
366.0
336.0
291.0
278.0
272.0
272.0
284.0
313.0
366.0
378.0
357.0
322.0
290.0
283.0
272.0
274.0
289.0
341.0
376.0
384.0
345.0
310.0
288.0
276.0
277.0
278.0
303.0
353.0
379.0
373.0
331.0
298.0
284.0
281.0
279.0
285.0
327.0
369.0
382.0
362.0
319.0
293.0
286.0
278.0
279.0
298.0
347.0
381.0
379.0
347.0
301.0
284.0
280.0
277.0
284.0
314.0
367.0
381.0
365.0
328.0
298.0
281.0
279.0
275.0
288.0
323.0
369.0
379.0
361.0
323.0
292.0
280.0
276.0
282.0
294.0
339.0
380.0
385.0
343.0
309.0
289.0
294.0
290.0
302.0
328.0
378.0
405.0
384.0
347.0
304.0
305.0
296.0
299.0
306.0
344.0
383.0
400.0
388.0
352.0
313.0
304.0
296.0
303.0
311.0
345.0
390.0
401.0
392.0
347.0
313.0
310.0
294.0
304.0
307.0
342.0
390.0
408.0
384.0
351.0
316.0
309.0
303.0
303.0
306.0
345.0
387.0
402.0
391.0
350.0
317.0
307.0
304.0
307.0
317.0
354.0
395.0
412.0
386.0
351.0
322.0
315.0
312.0
307.0
316.0
372.0
401.0
418.0
388.0
351.0
322.0
312.0
304.0
306.0
323.0
365.0
404.0
410.0
375.0
338.0
310.0
301.0
301.0
302.0
321.0
365.0
394.0
406.0
370.0
329.0
309.0
301.0
290.0
299.0
308.0
350.0
388.0
396.0
370.0
330.0
307.0
293.0
297.0
291.0
307.0
350.0
390.0
402.0
370.0
336.0
306.0
300.0
300.0
295.0
306.0
357.0
389.0
403.0
371.0
336.0
312.0
298.0
299.0
307.0
313.0
359.0
392.0
411.0
386.0
345.0
318.0
305.0
305.0
306.0
315.0
350.0
395.0
410.0
404.0
365.0
331.0
314.0
309.0
308.0
312.0
344.0
391.0
413.0
408.0
367.0
334.0
317.0
307.0
306.0
314.0
340.0
389.0
413.0
410.0
374.0
340.0
318.0
314.0
307.0
315.0
341.0
389.0
410.0
407.0
371.0
329.0
312.0
309.0
305.0
316.0
349.0
396.0
411.0
402.0
364.0
326.0
314.0
308.0
303.0
315.0
340.0
391.0
414.0
402.0
363.0
323.0
311.0
305.0
307.0
303.0
341.0
383.0
407.0
395.0
368.0
323.0
311.0
301.0
304.0
306.0
325.0
373.0
400.0
404.0
369.0
327.0
312.0
298.0
292.0
296.0
305.0
347.0
390.0
402.0
379.0
343.0
311.0
297.0
292.0
301.0
300.0
338.0
375.0
401.0
390.0
349.0
313.0
297.0
292.0
289.0
292.0
325.0
365.0
388.0
384.0
347.0
308.0
294.0
287.0
288.0
287.0
310.0
350.0
386.0
389.0
352.0
317.0
295.0
281.0
283.0
283.0
295.0
339.0
374.0
388.0
349.0
311.0
294.0
283.0
274.0
277.0
286.0
327.0
372.0
378.0
361.0
320.0
290.0
286.0
272.0
284.0
278.0
314.0
359.0
381.0
369.0
335.0
293.0
279.0
272.0
270.0
274.0
285.0
330.0
367.0
383.0
354.0
319.0
290.0
279.0
266.0
268.0
276.0
306.0
349.0
374.0
376.0
346.0
311.0
281.0
269.0
271.0
274.0
279.0
320.0
362.0
371.0
360.0
322.0
284.0
279.0
272.0
270.0
272.0
295.0
340.0
367.0
375.0
341.0
303.0
285.0
273.0
268.0
274.0
279.0
316.0
360.0
370.0
354.0
325.0
286.0
273.0
270.0
264.0
275.0
296.0
340.0
370.0
370.0
342.0
303.0
282.0
270.0
266.0
264.0
274.0
321.0
354.0
372.0
354.0
319.0
288.0
271.0
267.0
267.0
266.0
298.0
336.0
364.0
367.0
323.0
291.0
272.0
266.0
266.0
262.0
288.0
326.0
365.0
373.0
345.0
305.0
280.0
262.0
266.0
261.0
267.0
299.0
343.0
370.0
366.0
327.0
289.0
270.0
266.0
264.0
263.0
284.0
324.0
362.0
368.0
334.0
297.0
277.0
258.0
257.0
265.0
273.0
317.0
352.0
368.0
343.0
303.0
276.0
266.0
258.0
265.0
275.0
313.0
350.0
366.0
346.0
315.0
279.0
266.0
265.0
266.0
269.0
311.0
357.0
374.0
353.0
310.0
285.0
264.0
269.0
262.0
282.0
320.0
363.0
375.0
344.0
314.0
278.0
270.0
262.0
265.0
274.0
329.0
363.0
371.0
349.0
309.0
282.0
272.0
266.0
277.0
289.0
326.0
367.0
376.0
351.0
311.0
287.0
274.0
272.0
272.0
286.0
331.0
367.0
377.0
347.0
308.0
283.0
271.0
274.0
271.0
289.0
329.0
371.0
384.0
350.0
308.0
281.0
276.0
274.0
270.0
289.0
343.0
374.0
374.0
346.0
306.0
287.0
276.0
276.0
270.0
294.0
339.0
373.0
376.0
343.0
300.0
284.0
269.0
271.0
269.0
289.0
345.0
376.0
374.0
335.0
296.0
282.0
271.0
271.0
276.0
302.0
347.0
367.0
367.0
326.0
286.0
277.0
263.0
263.0
277.0
310.0
351.0
371.0
352.0
315.0
285.0
273.0
266.0
262.0
271.0
316.0
355.0
379.0
351.0
318.0
278.0
270.0
259.0
264.0
270.0
314.0
358.0
372.0
349.0
309.0
277.0
269.0
264.0
261.0
271.0
310.0
356.0
368.0
353.0
307.0
279.0
268.0
261.0
256.0
269.0
303.0
347.0
368.0
357.0
315.0
281.0
262.0
261.0
258.0
268.0
295.0
339.0
364.0
357.0
313.0
279.0
267.0
259.0
260.0
259.0
290.0
340.0
357.0
351.0
315.0
275.0
267.0
257.0
258.0
262.0
288.0
331.0
361.0
359.0
329.0
286.0
269.0
257.0
256.0
257.0
272.0
322.0
356.0
363.0
336.0
298.0
273.0
263.0
254.0
256.0
263.0
308.0
345.0
363.0
351.0
309.0
278.0
263.0
258.0
263.0
263.0
296.0
339.0
360.0
347.0
313.0
281.0
262.0
256.0
251.0
260.0
291.0
333.0
367.0
361.0
326.0
287.0
270.0
257.0
259.0
263.0
276.0
325.0
359.0
363.0
334.0
290.0
269.0
263.0
257.0
262.0
275.0
322.0
355.0
369.0
342.0
302.0
276.0
261.0
253.0
257.0
270.0
312.0
349.0
363.0
338.0
301.0
266.0
260.0
254.0
257.0
270.0
328.0
362.0
365.0
322.0
281.0
264.0
259.0
258.0
258.0
286.0
332.0
357.0
361.0
317.0
285.0
265.0
258.0
256.0
260.0
276.0
333.0
355.0
359.0
323.0
278.0
264.0
260.0
254.0
260.0
290.0
341.0
361.0
352.0
304.0
273.0
262.0
257.0
251.0
264.0
305.0
346.0
360.0
336.0
294.0
265.0
256.0
250.0
252.0
276.0
329.0
356.0
347.0
312.0
278.0
257.0
251.0
256.0
259.0
301.0
344.0
360.0
328.0
284.0
257.0
249.0
252.0
257.0
282.0
332.0
355.0
350.0
310.0
270.0
256.0
251.0
250.0
256.0
297.0
341.0
356.0
327.0
288.0
258.0
251.0
247.0
250.0
270.0
321.0
349.0
346.0
305.0
270.0
251.0
250.0
243.0
254.0
288.0
331.0
350.0
331.0
291.0
258.0
247.0
245.0
245.0
258.0
313.0
340.0
351.0
310.0
271.0
254.0
243.0
246.0
251.0
277.0
329.0
348.0
338.0
293.0
259.0
251.0
243.0
242.0
258.0
297.0
344.0
350.0
319.0
274.0
249.0
245.0
243.0
241.0
265.0
320.0
351.0
342.0
297.0
266.0
248.0
237.0
242.0
243.0
283.0
333.0
346.0
327.0
290.0
256.0
242.0
236.0
243.0
256.0
300.0
334.0
347.0
314.0
277.0
249.0
244.0
237.0
242.0
261.0
313.0
341.0
347.0
313.0
268.0
249.0
243.0
236.0
241.0
276.0
320.0
344.0
335.0
293.0
266.0
246.0
238.0
240.0
248.0
286.0
327.0
349.0
328.0
285.0
246.0
238.0
232.0
234.0
242.0
275.0
323.0
336.0
323.0
281.0
251.0
233.0
219.0
226.0
236.0
282.0
320.0
335.0
315.0
271.0
240.0
237.0
235.0
236.0
239.0
278.0
328.0
339.0
312.0
276.0
246.0
241.0
231.0
238.0
246.0
294.0
335.0
343.0
310.0
274.0
258.0
258.0
246.0
248.0
253.0
307.0
337.0
341.0
314.0
272.0
250.0
241.0
238.0
239.0
258.0
309.0
339.0
334.0
301.0
258.0
239.0
234.0
234.0
243.0
274.0
325.0
347.0
326.0
288.0
259.0
237.0
233.0
236.0
243.0
291.0
330.0
348.0
324.0
289.0
260.0
241.0
244.0
248.0
265.0
316.0
350.0
352.0
318.0
271.0
257.0
252.0
237.0
243.0
270.0
319.0
345.0
333.0
298.0
259.0
245.0
240.0
242.0
248.0
287.0
329.0
351.0
336.0
287.0
253.0
236.0
245.0
245.0
250.0
288.0
334.0
345.0
319.0
279.0
233.0
218.0
216.0
218.0
228.0
268.0
320.0
340.0
329.0
285.0
247.0
260.0
256.0
241.0
258.0
300.0
348.0
364.0
349.0
308.0
277.0
265.0
262.0
266.0
266.0
309.0
353.0
366.0
355.0
315.0
283.0
270.0
260.0
261.0
272.0
302.0
349.0
368.0
364.0
321.0
290.0
272.0
263.0
267.0
268.0
290.0
337.0
368.0
371.0
336.0
299.0
275.0
268.0
268.0
267.0
283.0
320.0
361.0
373.0
350.0
309.0
282.0
267.0
265.0
268.0
278.0
315.0
356.0
372.0
350.0
313.0
285.0
270.0
260.0
261.0
275.0
309.0
352.0
369.0
359.0
313.0
279.0
265.0
264.0
260.0
261.0
297.0
345.0
363.0
353.0
315.0
279.0
265.0
260.0
259.0
260.0
300.0
348.0
366.0
356.0
317.0
282.0
266.0
261.0
260.0
267.0
288.0
336.0
357.0
363.0
318.0
280.0
268.0
262.0
262.0
259.0
273.0
327.0
360.0
365.0
328.0
292.0
270.0
261.0
259.0
255.0
268.0
317.0
350.0
364.0
337.0
297.0
264.0
258.0
256.0
254.0
268.0
312.0
352.0
364.0
346.0
305.0
266.0
260.0
253.0
261.0
268.0
305.0
348.0
365.0
346.0
300.0
272.0
264.0
254.0
261.0
264.0
303.0
348.0
368.0
345.0
311.0
279.0
263.0
255.0
259.0
263.0
312.0
348.0
365.0
350.0
311.0
279.0
266.0
261.0
256.0
263.0
299.0
349.0
363.0
350.0
313.0
278.0
263.0
259.0
263.0
270.0
301.0
346.0
361.0
350.0
315.0
274.0
262.0
259.0
258.0
261.0
299.0
347.0
359.0
350.0
312.0
280.0
261.0
253.0
260.0
268.0
301.0
344.0
361.0
350.0
310.0
271.0
256.0
261.0
250.0
259.0
297.0
340.0
360.0
349.0
308.0
274.0
259.0
256.0
248.0
263.0
294.0
342.0
359.0
348.0
310.0
273.0
256.0
256.0
253.0
262.0
292.0
342.0
359.0
337.0
304.0
271.0
254.0
256.0
258.0
261.0
298.0
345.0
354.0
339.0
302.0
266.0
254.0
256.0
254.0
262.0
302.0
342.0
356.0
342.0
293.0
267.0
252.0
250.0
249.0
256.0
304.0
345.0
349.0
332.0
292.0
264.0
246.0
244.0
246.0
261.0
307.0
343.0
353.0
320.0
287.0
261.0
243.0
247.0
245.0
262.0
313.0
347.0
349.0
311.0
269.0
256.0
246.0
245.0
243.0
275.0
322.0
350.0
341.0
299.0
259.0
250.0
243.0
247.0
252.0
284.0
332.0
348.0
335.0
290.0
263.0
242.0
241.0
238.0
256.0
296.0
337.0
350.0
320.0
281.0
258.0
242.0
245.0
243.0
265.0
311.0
341.0
342.0
312.0
271.0
248.0
247.0
244.0
241.0
270.0
322.0
346.0
338.0
301.0
260.0
245.0
240.0
245.0
245.0
286.0
331.0
349.0
332.0
292.0
261.0
249.0
244.0
242.0
256.0
300.0
338.0
345.0
325.0
283.0
259.0
246.0
241.0
246.0
266.0
314.0
345.0
348.0
313.0
269.0
257.0
247.0
248.0
254.0
282.0
340.0
352.0
344.0
301.0
264.0
259.0
249.0
254.0
262.0
319.0
355.0
357.0
331.0
285.0
266.0
251.0
257.0
257.0
294.0
343.0
362.0
357.0
312.0
280.0
265.0
259.0
262.0
273.0
316.0
360.0
376.0
359.0
317.0
288.0
272.0
273.0
277.0
284.0
338.0
375.0
377.0
348.0
310.0
280.0
277.0
276.0
277.0
302.0
356.0
380.0
373.0
327.0
291.0
283.0
276.0
273.0
288.0
331.0
377.0
385.0
356.0
307.0
284.0
276.0
277.0
282.0
307.0
356.0
380.0
371.0
332.0
298.0
281.0
272.0
278.0
287.0
332.0
376.0
375.0
351.0
298.0
287.0
270.0
275.0
275.0
316.0
361.0
384.0
362.0
319.0
283.0
277.0
272.0
276.0
300.0
351.0
379.0
360.0
324.0
287.0
274.0
270.0
274.0
287.0
344.0
376.0
371.0
329.0
288.0
279.0
262.0
265.0
278.0
332.0
368.0
372.0
336.0
298.0
274.0
267.0
268.0
275.0
310.0
363.0
370.0
344.0
294.0
273.0
264.0
265.0
268.0
301.0
349.0
369.0
360.0
310.0
280.0
269.0
262.0
264.0
283.0
332.0
362.0
357.0
317.0
274.0
260.0
260.0
262.0
278.0
325.0
358.0
363.0
321.0
286.0
270.0
256.0
265.0
267.0
312.0
360.0
368.0
342.0
304.0
276.0
256.0
256.0
253.0
289.0
355.0
370.0
346.0
298.0
267.0
251.0
256.0
251.0
272.0
326.0
362.0
368.0
324.0
285.0
262.0
252.0
248.0
260.0
292.0
350.0
365.0
352.0
304.0
266.0
256.0
248.0
259.0
281.0
339.0
369.0
366.0
320.0
282.0
269.0
261.0
264.0
279.0
324.0
379.0
392.0
356.0
307.0
287.0
278.0
276.0
282.0
308.0
364.0
393.0
379.0
336.0
306.0
286.0
279.0
280.0
295.0
346.0
393.0
393.0
363.0
313.0
289.0
284.0
281.0
283.0
331.0
375.0
396.0
375.0
328.0
294.0
286.0
277.0
288.0
308.0
370.0
394.0
387.0
339.0
298.0
285.0
275.0
280.0
294.0
346.0
387.0
387.0
348.0
301.0
285.0
277.0
279.0
288.0
324.0
377.0
393.0
360.0
322.0
287.0
283.0
275.0
275.0
296.0
349.0
384.0
384.0
347.0
300.0
282.0
269.0
274.0
283.0
316.0
367.0
384.0
359.0
315.0
286.0
271.0
266.0
275.0
287.0
340.0
382.0
385.0
346.0
298.0
274.0
264.0
268.0
273.0
309.0
360.0
377.0
363.0
319.0
281.0
268.0
267.0
269.0
275.0
334.0
370.0
375.0
345.0
294.0
274.0
266.0
264.0
269.0
297.0
348.0
374.0
363.0
319.0
286.0
268.0
258.0
258.0
270.0
318.0
363.0
373.0
346.0
303.0
269.0
260.0
257.0
264.0
283.0
335.0
366.0
366.0
329.0
286.0
267.0
252.0
256.0
267.0
301.0
355.0
368.0
349.0
297.0
272.0
256.0
253.0
254.0
276.0
337.0
363.0
365.0
323.0
282.0
258.0
253.0
250.0
259.0
298.0
349.0
373.0
349.0
302.0
271.0
257.0
252.0
256.0
267.0
323.0
361.0
360.0
326.0
276.0
257.0
253.0
253.0
259.0
288.0
337.0
362.0
347.0
308.0
269.0
251.0
249.0
248.0
262.0
302.0
345.0
357.0
334.0
294.0
260.0
254.0
248.0
248.0
267.0
320.0
358.0
362.0
326.0
279.0
259.0
248.0
243.0
256.0
274.0
330.0
361.0
348.0
305.0
265.0
252.0
244.0
245.0
254.0
294.0
347.0
358.0
340.0
292.0
265.0
247.0
239.0
242.0
259.0
310.0
347.0
353.0
321.0
271.0
252.0
245.0
243.0
242.0
278.0
336.0
351.0
341.0
294.0
256.0
249.0
240.0
246.0
257.0
303.0
350.0
356.0
317.0
280.0
248.0
242.0
241.0
243.0
282.0
331.0
358.0
338.0
296.0
257.0
242.0
240.0
241.0
248.0
299.0
340.0
349.0
324.0
280.0
247.0
237.0
234.0
241.0
256.0
300.0
341.0
349.0
314.0
275.0
249.0
239.0
235.0
243.0
268.0
317.0
349.0
338.0
308.0
259.0
254.0
232.0
235.0
244.0
271.0
326.0
347.0
334.0
292.0
256.0
240.0
232.0
230.0
245.0
284.0
333.0
344.0
324.0
269.0
243.0
240.0
231.0
229.0
262.0
318.0
347.0
338.0
295.0
251.0
237.0
227.0
232.0
242.0
285.0
327.0
349.0
322.0
278.0
247.0
233.0
231.0
229.0
251.0
305.0
339.0
334.0
304.0
259.0
242.0
237.0
231.0
238.0
264.0
324.0
338.0
328.0
286.0
246.0
231.0
229.0
227.0
239.0
286.0
326.0
336.0
318.0
274.0
236.0
225.0
228.0
231.0
248.0
298.0
330.0
334.0
294.0
257.0
236.0
227.0
231.0
228.0
256.0
306.0
333.0
327.0
288.0
248.0
233.0
224.0
224.0
233.0
268.0
310.0
337.0
325.0
279.0
245.0
226.0
223.0
225.0
234.0
272.0
316.0
335.0
318.0
273.0
241.0
229.0
224.0
221.0
241.0
283.0
328.0
337.0
306.0
259.0
234.0
224.0
224.0
227.0
243.0
286.0
327.0
336.0
302.0
261.0
229.0
224.0
219.0
227.0
247.0
298.0
323.0
332.0
291.0
252.0
229.0
218.0
223.0
228.0
245.0
297.0
329.0
325.0
289.0
251.0
227.0
220.0
217.0
221.0
243.0
298.0
331.0
329.0
292.0
248.0
225.0
221.0
220.0
218.0
246.0
296.0
329.0
325.0
295.0
254.0
236.0
220.0
218.0
218.0
241.0
289.0
322.0
321.0
289.0
245.0
229.0
219.0
219.0
225.0
242.0
299.0
322.0
328.0
288.0
244.0
227.0
214.0
218.0
221.0
241.0
288.0
320.0
325.0
291.0
253.0
224.0
214.0
216.0
214.0
225.0
274.0
313.0
324.0
302.0
267.0
228.0
217.0
219.0
216.0
218.0
252.0
296.0
320.0
320.0
283.0
237.0
225.0
216.0
212.0
221.0
239.0
290.0
324.0
327.0
294.0
245.0
232.0
216.0
216.0
216.0
227.0
271.0
313.0
327.0
305.0
273.0
233.0
220.0
215.0
215.0
214.0
236.0
282.0
319.0
324.0
286.0
256.0
227.0
212.0
207.0
212.0
226.0
261.0
302.0
325.0
310.0
272.0
229.0
218.0
208.0
209.0
208.0
237.0
288.0
319.0
323.0
290.0
243.0
228.0
214.0
206.0
213.0
223.0
269.0
305.0
322.0
308.0
266.0
226.0
222.0
209.0
203.0
216.0
239.0
286.0
321.0
322.0
284.0
243.0
219.0
205.0
203.0
211.0
216.0
269.0
305.0
321.0
294.0
261.0
224.0
210.0
206.0
209.0
216.0
258.0
305.0
320.0
301.0
267.0
230.0
210.0
210.0
205.0
213.0
234.0
286.0
313.0
318.0
283.0
238.0
217.0
210.0
208.0
209.0
226.0
267.0
305.0
317.0
288.0
252.0
218.0
210.0
205.0
205.0
217.0
263.0
308.0
309.0
290.0
247.0
222.0
207.0
199.0
199.0
204.0
257.0
303.0
316.0
300.0
261.0
224.0
210.0
207.0
212.0
209.0
244.0
290.0
307.0
314.0
274.0
237.0
210.0
210.0
210.0
207.0
222.0
267.0
309.0
312.0
279.0
243.0
213.0
200.0
200.0
204.0
215.0
268.0
305.0
310.0
286.0
237.0
216.0
205.0
202.0
204.0
213.0
259.0
302.0
311.0
297.0
254.0
215.0
202.0
201.0
196.0
204.0
242.0
289.0
309.0
302.0
264.0
228.0
209.0
202.0
199.0
208.0
229.0
275.0
306.0
313.0
278.0
240.0
217.0
206.0
191.0
173.0
185.0
278.0
366.0
396.0
332.0
250.0
196.0
187.0
169.0
181.0
194.0
253.0
312.0
328.0
302.0
268.0
217.0
208.0
202.0
201.0
213.0
246.0
293.0
323.0
309.0
274.0
230.0
223.0
210.0
211.0
218.0
244.0
292.0
323.0
312.0
267.0
235.0
223.0
212.0
208.0
221.0
249.0
301.0
320.0
320.0
274.0
239.0
218.0
209.0
215.0
224.0
255.0
308.0
331.0
314.0
275.0
238.0
225.0
215.0
219.0
229.0
267.0
311.0
336.0
327.0
282.0
244.0
232.0
225.0
228.0
234.0
272.0
322.0
337.0
330.0
284.0
248.0
234.0
229.0
226.0
251.0
281.0
326.0
338.0
325.0
277.0
247.0
230.0
230.0
229.0
243.0
276.0
326.0
344.0
326.0
282.0
250.0
233.0
231.0
233.0
241.0
281.0
323.0
344.0
315.0
275.0
243.0
233.0
231.0
233.0
240.0
284.0
326.0
343.0
316.0
279.0
248.0
240.0
227.0
224.0
236.0
280.0
323.0
342.0
319.0
274.0
242.0
236.0
231.0
231.0
244.0
295.0
331.0
335.0
295.0
251.0
234.0
226.0
227.0
237.0
260.0
313.0
338.0
320.0
286.0
248.0
240.0
229.0
232.0
236.0
282.0
327.0
339.0
313.0
273.0
243.0
232.0
236.0
228.0
246.0
295.0
333.0
337.0
308.0
260.0
237.0
231.0
234.0
235.0
248.0
306.0
339.0
340.0
298.0
259.0
239.0
227.0
223.0
232.0
262.0
316.0
342.0
336.0
303.0
258.0
239.0
234.0
244.0
242.0
274.0
324.0
346.0
328.0
287.0
251.0
239.0
229.0
230.0
240.0
278.0
328.0
342.0
333.0
284.0
253.0
237.0
236.0
227.0
241.0
277.0
324.0
344.0
335.0
289.0
252.0
230.0
223.0
226.0
237.0
270.0
326.0
340.0
329.0
292.0
252.0
236.0
233.0
242.0
243.0
277.0
327.0
340.0
323.0
280.0
251.0
236.0
227.0
233.0
241.0
291.0
328.0
341.0
305.0
266.0
239.0
231.0
231.0
234.0
254.0
306.0
334.0
334.0
295.0
252.0
235.0
231.0
226.0
232.0
265.0
308.0
335.0
325.0
276.0
239.0
238.0
228.0
223.0
234.0
276.0
330.0
335.0
319.0
282.0
243.0
226.0
223.0
225.0
232.0
272.0
323.0
329.0
320.0
269.0
246.0
232.0
222.0
225.0
231.0
273.0
314.0
338.0
311.0
264.0
239.0
232.0
226.0
219.0
235.0
278.0
318.0
333.0
312.0
266.0
236.0
229.0
219.0
224.0
235.0
274.0
321.0
327.0
307.0
259.0
234.0
228.0
221.0
225.0
240.0
281.0
324.0
333.0
301.0
261.0
240.0
223.0
217.0
227.0
234.0
288.0
328.0
333.0
303.0
267.0
239.0
229.0
227.0
229.0
234.0
280.0
321.0
330.0
311.0
265.0
234.0
222.0
224.0
228.0
235.0
276.0
322.0
329.0
308.0
264.0
236.0
222.0
219.0
223.0
236.0
285.0
322.0
328.0
309.0
263.0
233.0
224.0
219.0
221.0
236.0
277.0
316.0
325.0
304.0
261.0
236.0
225.0
218.0
219.0
239.0
270.0
317.0
329.0
309.0
269.0
238.0
228.0
220.0
222.0
231.0
268.0
311.0
330.0
317.0
274.0
245.0
226.0
217.0
218.0
229.0
251.0
304.0
326.0
322.0
283.0
247.0
230.0
218.0
212.0
225.0
249.0
290.0
318.0
321.0
288.0
256.0
231.0
220.0
221.0
215.0
237.0
278.0
320.0
326.0
302.0
257.0
227.0
220.0
221.0
220.0
230.0
270.0
308.0
324.0
306.0
269.0
239.0
221.0
216.0
209.0
216.0
253.0
297.0
320.0
315.0
278.0
236.0
220.0
214.0
212.0
217.0
240.0
288.0
320.0
323.0
286.0
250.0
223.0
213.0
209.0
219.0
227.0
275.0
307.0
322.0
295.0
256.0
227.0
212.0
212.0
213.0
229.0
272.0
311.0
321.0
290.0
250.0
230.0
213.0
209.0
216.0
230.0
277.0
317.0
321.0
292.0
248.0
233.0
222.0
212.0
221.0
224.0
274.0
314.0
320.0
306.0
257.0
233.0
220.0
217.0
214.0
226.0
263.0
306.0
326.0
305.0
266.0
238.0
220.0
211.0
218.0
225.0
253.0
294.0
318.0
315.0
283.0
243.0
227.0
222.0
215.0
218.0
240.0
291.0
320.0
324.0
287.0
246.0
229.0
220.0
211.0
217.0
237.0
283.0
315.0
321.0
288.0
252.0
223.0
214.0
215.0
215.0
228.0
276.0
316.0
318.0
294.0
251.0
227.0
214.0
208.0
217.0
232.0
279.0
317.0
318.0
291.0
253.0
226.0
217.0
213.0
216.0
228.0
276.0
314.0
320.0
299.0
256.0
226.0
217.0
214.0
218.0
226.0
267.0
305.0
317.0
301.0
257.0
225.0
219.0
210.0
216.0
227.0
260.0
306.0
322.0
300.0
269.0
227.0
216.0
209.0
214.0
217.0
256.0
296.0
315.0
307.0
264.0
234.0
221.0
208.0
212.0
221.0
251.0
291.0
319.0
307.0
268.0
237.0
215.0
213.0
207.0
211.0
233.0
283.0
310.0
318.0
284.0
245.0
220.0
207.0
210.0
209.0
220.0
264.0
302.0
316.0
297.0
257.0
229.0
215.0
205.0
212.0
221.0
244.0
291.0
309.0
302.0
270.0
232.0
213.0
210.0
205.0
213.0
232.0
276.0
310.0
308.0
281.0
245.0
219.0
211.0
203.0
211.0
229.0
274.0
303.0
312.0
286.0
251.0
220.0
206.0
209.0
208.0
219.0
256.0
300.0
315.0
296.0
258.0
224.0
209.0
203.0
202.0
210.0
245.0
291.0
307.0
308.0
272.0
233.0
211.0
210.0
204.0
212.0
224.0
266.0
303.0
311.0
299.0
254.0
225.0
209.0
203.0
208.0
212.0
227.0
268.0
307.0
309.0
283.0
249.0
225.0
212.0
206.0
211.0
213.0
246.0
288.0
310.0
305.0
266.0
231.0
217.0
204.0
204.0
206.0
222.0
261.0
295.0
307.0
289.0
253.0
226.0
206.0
204.0
206.0
213.0
235.0
274.0
305.0
305.0
277.0
244.0
217.0
210.0
202.0
206.0
206.0
252.0
288.0
311.0
303.0
263.0
230.0
210.0
206.0
202.0
206.0
219.0
265.0
304.0
311.0
283.0
245.0
220.0
208.0
202.0
204.0
208.0
239.0
286.0
310.0
299.0
269.0
235.0
210.0
203.0
202.0
206.0
216.0
259.0
298.0
310.0
292.0
252.0
220.0
210.0
204.0
200.0
209.0
229.0
275.0
302.0
305.0
284.0
240.0
213.0
209.0
199.0
205.0
213.0
239.0
283.0
308.0
300.0
270.0
230.0
214.0
199.0
195.0
206.0
213.0
257.0
299.0
304.0
286.0
254.0
226.0
210.0
200.0
204.0
203.0
214.0
259.0
296.0
309.0
276.0
242.0
217.0
203.0
199.0
202.0
207.0
238.0
285.0
309.0
293.0
257.0
222.0
208.0
204.0
192.0
206.0
220.0
258.0
298.0
307.0
277.0
242.0
215.0
200.0
194.0
197.0
203.0
232.0
272.0
301.0
299.0
272.0
236.0
213.0
198.0
198.0
198.0
205.0
246.0
286.0
306.0
291.0
254.0
218.0
209.0
196.0
194.0
207.0
222.0
269.0
296.0
308.0
279.0
236.0
215.0
200.0
195.0
193.0
205.0
240.0
284.0
300.0
295.0
254.0
218.0
210.0
198.0
198.0
202.0
212.0
256.0
287.0
299.0
276.0
244.0
210.0
203.0
193.0
194.0
203.0
225.0
265.0
295.0
304.0
272.0
232.0
210.0
205.0
194.0
194.0
198.0
230.0
273.0
300.0
295.0
264.0
227.0
207.0
200.0
195.0
200.0
202.0
249.0
289.0
300.0
284.0
251.0
215.0
199.0
193.0
195.0
196.0
217.0
270.0
295.0
295.0
267.0
227.0
212.0
196.0
195.0
191.0
208.0
239.0
286.0
313.0
290.0
251.0
215.0
196.0
195.0
197.0
192.0
220.0
269.0
292.0
296.0
264.0
230.0
208.0
194.0
194.0
192.0
203.0
243.0
285.0
297.0
285.0
246.0
211.0
195.0
188.0
189.0
200.0
217.0
267.0
293.0
295.0
262.0
227.0
204.0
197.0
193.0
199.0
205.0
246.0
287.0
299.0
283.0
243.0
204.0
199.0
190.0
196.0
194.0
216.0
267.0
291.0
297.0
270.0
227.0
205.0
191.0
195.0
192.0
203.0
230.0
277.0
301.0
290.0
257.0
211.0
196.0
194.0
191.0
195.0
210.0
259.0
284.0
301.0
265.0
233.0
201.0
193.0
185.0
185.0
196.0
231.0
276.0
296.0
291.0
257.0
207.0
194.0
186.0
191.0
194.0
200.0
242.0
277.0
298.0
285.0
239.0
210.0
195.0
188.0
188.0
188.0
218.0
264.0
286.0
293.0
262.0
222.0
202.0
189.0
191.0
189.0
196.0
222.0
270.0
293.0
294.0
257.0
224.0
203.0
193.0
184.0
192.0
198.0
239.0
281.0
297.0
283.0
243.0
208.0
200.0
191.0
192.0
191.0
208.0
252.0
288.0
299.0
271.0
235.0
202.0
187.0
188.0
187.0
192.0
212.0
263.0
293.0
297.0
265.0
226.0
196.0
186.0
182.0
186.0
199.0
230.0
276.0
295.0
288.0
253.0
220.0
196.0
184.0
179.0
189.0
199.0
240.0
274.0
300.0
284.0
247.0
211.0
194.0
187.0
186.0
189.0
202.0
238.0
275.0
292.0
275.0
240.0
204.0
190.0
186.0
181.0
192.0
207.0
250.0
287.0
286.0
270.0
230.0
198.0
187.0
188.0
188.0
196.0
218.0
258.0
290.0
288.0
258.0
225.0
198.0
193.0
182.0
184.0
192.0
222.0
267.0
286.0
286.0
251.0
216.0
198.0
186.0
187.0
184.0
192.0
234.0
274.0
289.0
283.0
253.0
208.0
198.0
186.0
182.0
188.0
202.0
236.0
282.0
292.0
280.0
236.0
207.0
189.0
186.0
184.0
188.0
196.0
240.0
277.0
292.0
271.0
235.0
202.0
186.0
184.0
188.0
188.0
209.0
258.0
283.0
297.0
259.0
224.0
198.0
191.0
182.0
185.0
192.0
210.0
260.0
282.0
288.0
253.0
221.0
196.0
187.0
181.0
183.0
192.0
230.0
264.0
290.0
283.0
245.0
204.0
195.0
181.0
178.0
185.0
207.0
247.0
282.0
289.0
256.0
225.0
194.0
189.0
181.0
180.0
188.0
225.0
273.0
282.0
278.0
242.0
207.0
193.0
183.0
183.0
184.0
192.0
247.0
284.0
286.0
262.0
222.0
194.0
185.0
178.0
181.0
193.0
224.0
268.0
287.0
279.0
239.0
203.0
188.0
183.0
179.0
189.0
205.0
244.0
278.0
288.0
258.0
220.0
191.0
186.0
180.0
181.0
190.0
224.0
267.0
290.0
275.0
232.0
201.0
188.0
186.0
184.0
186.0
206.0
256.0
280.0
286.0
251.0
211.0
193.0
177.0
177.0
178.0
188.0
225.0
267.0
283.0
270.0
235.0
198.0
184.0
178.0
183.0
182.0
198.0
251.0
281.0
285.0
258.0
219.0
191.0
186.0
177.0
184.0
188.0
228.0
272.0
288.0
274.0
230.0
202.0
189.0
180.0
182.0
185.0
204.0
254.0
276.0
287.0
260.0
220.0
192.0
189.0
180.0
176.0
186.0
217.0
266.0
277.0
280.0
246.0
200.0
189.0
183.0
178.0
183.0
197.0
243.0
272.0
282.0
256.0
216.0
193.0
184.0
176.0
180.0
187.0
224.0
270.0
282.0
277.0
232.0
200.0
183.0
175.0
176.0
186.0
201.0
254.0
282.0
281.0
243.0
215.0
188.0
180.0
182.0
182.0
191.0
230.0
273.0
283.0
269.0
225.0
193.0
183.0
181.0
176.0
183.0
208.0
250.0
280.0
281.0
244.0
212.0
191.0
184.0
175.0
180.0
192.0
233.0
279.0
288.0
266.0
222.0
190.0
184.0
177.0
173.0
182.0
211.0
257.0
280.0
275.0
247.0
200.0
188.0
181.0
176.0
178.0
190.0
233.0
270.0
282.0
262.0
236.0
193.0
182.0
179.0
171.0
180.0
192.0
241.0
275.0
281.0
259.0
222.0
191.0
181.0
177.0
178.0
183.0
209.0
248.0
278.0
279.0
245.0
213.0
189.0
184.0
177.0
180.0
188.0
214.0
253.0
279.0
278.0
240.0
210.0
188.0
182.0
173.0
176.0
188.0
228.0
267.0
279.0
266.0
235.0
199.0
185.0
180.0
171.0
173.0
197.0
240.0
272.0
283.0
260.0
226.0
196.0
179.0
175.0
174.0
180.0
201.0
244.0
268.0
279.0
257.0
220.0
189.0
178.0
176.0
174.0
175.0
201.0
242.0
280.0
278.0
253.0
216.0
188.0
180.0
171.0
175.0
179.0
208.0
252.0
274.0
279.0
251.0
204.0
185.0
178.0
174.0
176.0
187.0
223.0
269.0
283.0
270.0
234.0
198.0
183.0
179.0
175.0
174.0
198.0
239.0
277.0
279.0
244.0
209.0
189.0
178.0
172.0
178.0
191.0
225.0
267.0
279.0
264.0
226.0
193.0
178.0
169.0
176.0
179.0
203.0
243.0
281.0
276.0
250.0
215.0
186.0
178.0
175.0
178.0
182.0
219.0
257.0
279.0
283.0
245.0
203.0
185.0
183.0
172.0
172.0
183.0
219.0
259.0
281.0
273.0
228.0
199.0
185.0
179.0
173.0
179.0
188.0
239.0
272.0
283.0
257.0
225.0
192.0
181.0
171.0
170.0
180.0
207.0
252.0
278.0
278.0
246.0
214.0
184.0
174.0
177.0
180.0
181.0
221.0
267.0
277.0
268.0
228.0
211.0
177.0
176.0
173.0
174.0
195.0
244.0
276.0
281.0
254.0
216.0
187.0
179.0
175.0
171.0
182.0
210.0
257.0
281.0
271.0
242.0
202.0
182.0
175.0
167.0
177.0
187.0
226.0
267.0
275.0
270.0
228.0
192.0
179.0
178.0
173.0
173.0
185.0
229.0
263.0
280.0
264.0
226.0
195.0
180.0
172.0
172.0
177.0
195.0
233.0
272.0
282.0
256.0
218.0
186.0
175.0
173.0
173.0
176.0
199.0
249.0
278.0
278.0
244.0
209.0
184.0
176.0
176.0
178.0
187.0
215.0
255.0
275.0
273.0
238.0
198.0
183.0
172.0
169.0
178.0
189.0
233.0
270.0
281.0
256.0
220.0
190.0
179.0
167.0
173.0
178.0
210.0
262.0
280.0
268.0
239.0
197.0
183.0
171.0
172.0
175.0
180.0
224.0
263.0
279.0
275.0
235.0
202.0
186.0
175.0
176.0
170.0
181.0
224.0
264.0
276.0
261.0
231.0
190.0
181.0
171.0
171.0
173.0
193.0
233.0
264.0
276.0
255.0
222.0
191.0
178.0
170.0
171.0
175.0
190.0
233.0
267.0
274.0
259.0
222.0
190.0
177.0
174.0
176.0
177.0
188.0
226.0
265.0
278.0
268.0
233.0
195.0
176.0
179.0
168.0
174.0
178.0
216.0
257.0
271.0
269.0
235.0
205.0
181.0
176.0
174.0
169.0
180.0
203.0
246.0
277.0
273.0
242.0
205.0
181.0
179.0
164.0
174.0
176.0
212.0
251.0
275.0
273.0
243.0
207.0
185.0
176.0
173.0
173.0
178.0
205.0
250.0
271.0
268.0
244.0
214.0
185.0
176.0
164.0
164.0
177.0
204.0
251.0
273.0
271.0
243.0
201.0
186.0
170.0
168.0
174.0
178.0
210.0
258.0
277.0
270.0
235.0
199.0
182.0
172.0
171.0
169.0
179.0
209.0
251.0
269.0
274.0
240.0
206.0
184.0
175.0
169.0
171.0
180.0
211.0
251.0
269.0
275.0
246.0
202.0
186.0
176.0
169.0
168.0
178.0
211.0
248.0
275.0
274.0
242.0
202.0
185.0
172.0
168.0
172.0
180.0
212.0
260.0
274.0
267.0
232.0
192.0
179.0
174.0
168.0
171.0
181.0
224.0
263.0
273.0
254.0
218.0
187.0
179.0
170.0
166.0
177.0
196.0
238.0
268.0
272.0
238.0
203.0
183.0
173.0
168.0
165.0
180.0
216.0
258.0
278.0
267.0
232.0
187.0
172.0
169.0
169.0
168.0
185.0
233.0
270.0
272.0
248.0
209.0
177.0
176.0
170.0
169.0
178.0
220.0
259.0
272.0
262.0
224.0
189.0
177.0
168.0
165.0
170.0
191.0
228.0
264.0
271.0
242.0
205.0
179.0
168.0
168.0
167.0
176.0
204.0
257.0
269.0
266.0
236.0
196.0
178.0
172.0
171.0
171.0
180.0
227.0
266.0
280.0
256.0
220.0
183.0
176.0
170.0
165.0
172.0
195.0
243.0
270.0
276.0
247.0
207.0
179.0
177.0
162.0
168.0
182.0
215.0
257.0
270.0
264.0
232.0
195.0
179.0
173.0
167.0
168.0
185.0
222.0
264.0
270.0
254.0
223.0
187.0
171.0
166.0
166.0
177.0
190.0
236.0
271.0
276.0
250.0
204.0
186.0
176.0
164.0
169.0
184.0
216.0
250.0
273.0
265.0
229.0
197.0
179.0
166.0
168.0
173.0
181.0
210.0
258.0
278.0
264.0
230.0
193.0
178.0
168.0
163.0
167.0
184.0
226.0
264.0
277.0
259.0
220.0
190.0
177.0
164.0
170.0
175.0
185.0
227.0
265.0
269.0
257.0
221.0
178.0
175.0
171.0
164.0
172.0
190.0
234.0
266.0
273.0
253.0
224.0
189.0
176.0
168.0
171.0
174.0
185.0
228.0
264.0
282.0
256.0
219.0
191.0
177.0
173.0
170.0
174.0
192.0
242.0
272.0
278.0
261.0
220.0
187.0
175.0
176.0
169.0
178.0
192.0
236.0
268.0
282.0
261.0
224.0
196.0
181.0
178.0
176.0
181.0
197.0
245.0
284.0
287.0
260.0
226.0
194.0
183.0
180.0
176.0
187.0
202.0
246.0
281.0
294.0
276.0
240.0
204.0
195.0
189.0
195.0
195.0
220.0
258.0
292.0
300.0
273.0
242.0
210.0
195.0
191.0
195.0
196.0
222.0
268.0
292.0
302.0
272.0
238.0
214.0
196.0
201.0
196.0
206.0
229.0
281.0
303.0
307.0
274.0
243.0
215.0
207.0
198.0
202.0
207.0
239.0
284.0
308.0
309.0
278.0
238.0
221.0
209.0
205.0
202.0
212.0
247.0
289.0
310.0
304.0
277.0
244.0
216.0
207.0
204.0
206.0
217.0
246.0
291.0
308.0
306.0
281.0
239.0
217.0
207.0
208.0
206.0
211.0
246.0
297.0
308.0
303.0
275.0
236.0
217.0
210.0
205.0
201.0
213.0
251.0
293.0
306.0
308.0
270.0
242.0
218.0
205.0
205.0
201.0
217.0
250.0
290.0
306.0
301.0
266.0
231.0
216.0
206.0
196.0
206.0
213.0
250.0
290.0
306.0
306.0
271.0
234.0
218.0
204.0
205.0
205.0
212.0
247.0
290.0
309.0
305.0
272.0
234.0
208.0
202.0
198.0
208.0
213.0
244.0
283.0
312.0
304.0
278.0
235.0
218.0
204.0
201.0
197.0
210.0
234.0
280.0
307.0
308.0
286.0
244.0
220.0
212.0
202.0
206.0
202.0
224.0
265.0
296.0
311.0
301.0
262.0
227.0
213.0
205.0
198.0
206.0
208.0
238.0
285.0
304.0
308.0
285.0
243.0
218.0
207.0
206.0
198.0
209.0
214.0
259.0
292.0
307.0
293.0
256.0
220.0
214.0
205.0
199.0
204.0
208.0
250.0
282.0
301.0
294.0
256.0
228.0
210.0
196.0
200.0
206.0
205.0
236.0
276.0
292.0
294.0
257.0
220.0
206.0
202.0
192.0
191.0
200.0
231.0
282.0
293.0
283.0
247.0
215.0
206.0
194.0
191.0
198.0
210.0
250.0
290.0
301.0
288.0
246.0
219.0
203.0
189.0
200.0
200.0
214.0
248.0
291.0
299.0
295.0
260.0
221.0
209.0
200.0
203.0
207.0
219.0
258.0
300.0
314.0
304.0
265.0
234.0
219.0
214.0
207.0
209.0
235.0
278.0
315.0
325.0
294.0
259.0
231.0
217.0
217.0
221.0
223.0
256.0
305.0
330.0
322.0
295.0
250.0
237.0
227.0
221.0
227.0
240.0
271.0
314.0
332.0
326.0
292.0
258.0
233.0
226.0
223.0
228.0
238.0
284.0
327.0
339.0
322.0
288.0
249.0
242.0
228.0
227.0
231.0
248.0
311.0
344.0
355.0
334.0
297.0
272.0
253.0
246.0
246.0
254.0
282.0
331.0
357.0
356.0
330.0
287.0
264.0
248.0
245.0
252.0
260.0
301.0
343.0
358.0
350.0
309.0
272.0
264.0
251.0
250.0
248.0
267.0
318.0
347.0
362.0
329.0
289.0
264.0
251.0
246.0
246.0
252.0
284.0
330.0
349.0
345.0
309.0
267.0
246.0
243.0
236.0
239.0
260.0
306.0
334.0
346.0
325.0
285.0
253.0
245.0
236.0
233.0
238.0
271.0
322.0
347.0
340.0
305.0
267.0
241.0
239.0
230.0
231.0
241.0
286.0
328.0
341.0
323.0
290.0
254.0
236.0
235.0
232.0
238.0
256.0
312.0
332.0
340.0
315.0
276.0
245.0
238.0
230.0
229.0
240.0
273.0
317.0
336.0
334.0
298.0
259.0
243.0
234.0
228.0
234.0
235.0
282.0
318.0
335.0
326.0
284.0
254.0
239.0
224.0
226.0
229.0
244.0
295.0
326.0
331.0
309.0
269.0
242.0
232.0
225.0
222.0
231.0
267.0
306.0
334.0
324.0
286.0
246.0
232.0
221.0
217.0
230.0
242.0
290.0
318.0
336.0
311.0
267.0
240.0
225.0
214.0
221.0
225.0
245.0
288.0
320.0
325.0
310.0
273.0
234.0
228.0
221.0
215.0
220.0
233.0
284.0
315.0
330.0
308.0
273.0
237.0
221.0
217.0
215.0
224.0
233.0
278.0
321.0
324.0
311.0
278.0
236.0
224.0
220.0
214.0
222.0
231.0
276.0
314.0
323.0
306.0
275.0
236.0
226.0
217.0
212.0
217.0
227.0
273.0
309.0
320.0
309.0
270.0
235.0
226.0
218.0
216.0
214.0
231.0
275.0
313.0
320.0
301.0
269.0
238.0
220.0
214.0
213.0
218.0
225.0
275.0
307.0
322.0
309.0
267.0
239.0
218.0
214.0
206.0
209.0
224.0
263.0
298.0
320.0
315.0
274.0
241.0
223.0
214.0
209.0
215.0
220.0
256.0
300.0
322.0
315.0
283.0
242.0
223.0
215.0
207.0
213.0
217.0
256.0
295.0
320.0
312.0
282.0
237.0
226.0
214.0
208.0
210.0
217.0
251.0
296.0
317.0
316.0
280.0
237.0
221.0
214.0
206.0
209.0
218.0
251.0
293.0
311.0
307.0
275.0
237.0
219.0
214.0
210.0
210.0
213.0
248.0
284.0
309.0
317.0
285.0
253.0
222.0
215.0
209.0
207.0
207.0
227.0
273.0
304.0
315.0
295.0
256.0
229.0
214.0
206.0
198.0
211.0
217.0
259.0
299.0
319.0
305.0
271.0
234.0
210.0
209.0
204.0
204.0
212.0
250.0
289.0
313.0
309.0
280.0
244.0
221.0
203.0
204.0
198.0
211.0
243.0
288.0
315.0
317.0
292.0
249.0
222.0
212.0
207.0
206.0
208.0
221.0
261.0
298.0
314.0
302.0
264.0
231.0
215.0
211.0
200.0
203.0
215.0
256.0
294.0
313.0
308.0
269.0
236.0
216.0
206.0
201.0
206.0
214.0
250.0
292.0
312.0
309.0
273.0
242.0
219.0
206.0
205.0
201.0
215.0
250.0
288.0
312.0
310.0
272.0
235.0
215.0
204.0
199.0
211.0
213.0
248.0
290.0
313.0
299.0
262.0
230.0
208.0
206.0
200.0
207.0
217.0
259.0
292.0
307.0
295.0
263.0
226.0
211.0
200.0
202.0
205.0
210.0
258.0
294.0
312.0
302.0
268.0
230.0
210.0
203.0
199.0
200.0
212.0
246.0
289.0
305.0
309.0
268.0
239.0
214.0
206.0
202.0
197.0
207.0
232.0
276.0
306.0
305.0
280.0
241.0
213.0
207.0
200.0
198.0
206.0
220.0
265.0
302.0
309.0
288.0
256.0
215.0
209.0
199.0
201.0
202.0
208.0
258.0
295.0
304.0
292.0
260.0
225.0
209.0
198.0
200.0
204.0
208.0
246.0
293.0
309.0
295.0
260.0
220.0
205.0
201.0
192.0
200.0
208.0
250.0
286.0
304.0
299.0
259.0
227.0
210.0
199.0
200.0
194.0
206.0
240.0
283.0
301.0
297.0
263.0
228.0
207.0
197.0
197.0
194.0
202.0
247.0
283.0
303.0
290.0
256.0
219.0
201.0
197.0
190.0
189.0
213.0
257.0
292.0
306.0
281.0
249.0
213.0
203.0
198.0
196.0
200.0
222.0
267.0
296.0
303.0
272.0
235.0
212.0
199.0
193.0
191.0
200.0
218.0
269.0
292.0
303.0
275.0
241.0
210.0
202.0
194.0
193.0
202.0
225.0
268.0
298.0
298.0
275.0
235.0
210.0
195.0
192.0
193.0
198.0
216.0
270.0
293.0
300.0
273.0
232.0
203.0
198.0
191.0
197.0
198.0
229.0
277.0
294.0
298.0
259.0
230.0
201.0
194.0
191.0
192.0
202.0
243.0
287.0
298.0
288.0
244.0
211.0
196.0
187.0
190.0
199.0
222.0
269.0
299.0
294.0
258.0
224.0
205.0
190.0
187.0
193.0
200.0
233.0
273.0
299.0
291.0
256.0
220.0
202.0
188.0
194.0
194.0
201.0
243.0
277.0
298.0
282.0
252.0
212.0
201.0
186.0
191.0
192.0
207.0
249.0
289.0
299.0
280.0
241.0
207.0
190.0
193.0
183.0
189.0
213.0
259.0
293.0
294.0
267.0
233.0
205.0
190.0
185.0
190.0
198.0
225.0
268.0
293.0
297.0
263.0
222.0
199.0
190.0
181.0
188.0
199.0
228.0
273.0
292.0
293.0
261.0
220.0
194.0
191.0
184.0
184.0
203.0
233.0
280.0
298.0
278.0
249.0
211.0
196.0
188.0
184.0
185.0
197.0
240.0
284.0
298.0
283.0
247.0
205.0
193.0
188.0
188.0
190.0
200.0
243.0
280.0
294.0
273.0
238.0
202.0
191.0
183.0
184.0
193.0
210.0
252.0
285.0
295.0
268.0
240.0
199.0
191.0
182.0
181.0
190.0
209.0
257.0
288.0
289.0
264.0
230.0
196.0
185.0
183.0
186.0
186.0
218.0
260.0
285.0
287.0
259.0
217.0
194.0
189.0
179.0
187.0
195.0
221.0
267.0
294.0
289.0
252.0
214.0
194.0
191.0
182.0
186.0
193.0
220.0
267.0
292.0
284.0
254.0
221.0
195.0
181.0
188.0
187.0
194.0
220.0
265.0
294.0
291.0
261.0
221.0
197.0
183.0
184.0
184.0
187.0
218.0
260.0
286.0
294.0
270.0
227.0
201.0
190.0
185.0
183.0
183.0
210.0
254.0
281.0
294.0
266.0
229.0
198.0
189.0
184.0
183.0
189.0
209.0
258.0
284.0
292.0
266.0
224.0
198.0
184.0
186.0
183.0
186.0
216.0
259.0
284.0
285.0
254.0
217.0
193.0
189.0
178.0
183.0
186.0
216.0
264.0
287.0
286.0
251.0
217.0
192.0
184.0
183.0
181.0
188.0
216.0
258.0
290.0
288.0
261.0
218.0
196.0
182.0
181.0
176.0
188.0
214.0
256.0
287.0
286.0
257.0
219.0
194.0
181.0
181.0
175.0
185.0
220.0
267.0
289.0
283.0
253.0
211.0
189.0
185.0
184.0
184.0
187.0
228.0
278.0
291.0
280.0
243.0
204.0
193.0
179.0
180.0
187.0
192.0
242.0
275.0
293.0
267.0
230.0
197.0
185.0
184.0
178.0
186.0
208.0
247.0
281.0
284.0
260.0
226.0
198.0
183.0
178.0
179.0
180.0
210.0
258.0
280.0
288.0
259.0
214.0
193.0
183.0
180.0
181.0
183.0
217.0
265.0
288.0
282.0
243.0
210.0
187.0
181.0
176.0
174.0
192.0
228.0
270.0
283.0
276.0
239.0
210.0
186.0
184.0
178.0
185.0
197.0
234.0
270.0
286.0
272.0
236.0
200.0
182.0
180.0
179.0
181.0
193.0
247.0
282.0
290.0
259.0
225.0
195.0
180.0
180.0
180.0
182.0
212.0
252.0
284.0
283.0
251.0
221.0
188.0
177.0
178.0
180.0
182.0
220.0
264.0
290.0
277.0
238.0
193.0
177.0
177.0
169.0
171.0
184.0
232.0
277.0
290.0
265.0
228.0
192.0
175.0
168.0
174.0
182.0
200.0
253.0
278.0
286.0
258.0
217.0
190.0
180.0
168.0
176.0
188.0
215.0
263.0
285.0
284.0
241.0
203.0
183.0
181.0
174.0
177.0
190.0
235.0
270.0
286.0
262.0
228.0
198.0
181.0
178.0
174.0
170.0
192.0
237.0
269.0
285.0
263.0
230.0
195.0
185.0
176.0
169.0
179.0
195.0
236.0
273.0
285.0
267.0
223.0
194.0
181.0
172.0
170.0
179.0
189.0
235.0
270.0
285.0
264.0
227.0
188.0
178.0
178.0
171.0
179.0
198.0
243.0
281.0
285.0
261.0
222.0
188.0
176.0
173.0
170.0
178.0
187.0
239.0
272.0
285.0
266.0
226.0
193.0
181.0
175.0
167.0
179.0
186.0
228.0
271.0
281.0
269.0
230.0
196.0
184.0
178.0
176.0
175.0
191.0
240.0
272.0
285.0
256.0
222.0
191.0
177.0
175.0
171.0
172.0
199.0
251.0
272.0
278.0
252.0
216.0
189.0
177.0
170.0
172.0
177.0
203.0
248.0
272.0
280.0
251.0
214.0
188.0
176.0
170.0
166.0
173.0
201.0
245.0
268.0
278.0
250.0
222.0
184.0
180.0
165.0
170.0
177.0
207.0
245.0
270.0
275.0
243.0
211.0
191.0
177.0
170.0
166.0
177.0
200.0
244.0
274.0
276.0
257.0
221.0
190.0
176.0
170.0
169.0
174.0
188.0
242.0
267.0
280.0
258.0
224.0
191.0
180.0
174.0
166.0
176.0
185.0
230.0
263.0
277.0
272.0
238.0
196.0
177.0
168.0
170.0
174.0
182.0
210.0
256.0
277.0
274.0
240.0
206.0
183.0
171.0
173.0
170.0
174.0
200.0
248.0
272.0
271.0
247.0
213.0
184.0
173.0
169.0
164.0
175.0
195.0
239.0
269.0
273.0
253.0
214.0
185.0
170.0
171.0
167.0
171.0
196.0
239.0
267.0
275.0
258.0
218.0
184.0
173.0
171.0
164.0
168.0
194.0
233.0
274.0
281.0
253.0
211.0
186.0
171.0
162.0
167.0
172.0
198.0
242.0
266.0
272.0
247.0
212.0
178.0
175.0
164.0
166.0
176.0
207.0
251.0
272.0
262.0
234.0
196.0
182.0
167.0
162.0
166.0
176.0
212.0
262.0
279.0
264.0
226.0
191.0
170.0
170.0
168.0
172.0
179.0
230.0
272.0
282.0
249.0
211.0
184.0
177.0
166.0
169.0
176.0
197.0
249.0
272.0
269.0
240.0
204.0
178.0
168.0
171.0
167.0
177.0
214.0
254.0
274.0
265.0
235.0
192.0
178.0
165.0
169.0
171.0
185.0
223.0
260.0
272.0
264.0
235.0
197.0
178.0
166.0
166.0
169.0
177.0
221.0
260.0
270.0
268.0
228.0
196.0
172.0
173.0
168.0
163.0
182.0
221.0
263.0
274.0
259.0
217.0
187.0
176.0
164.0
163.0
176.0
195.0
239.0
274.0
273.0
244.0
200.0
175.0
164.0
167.0
172.0
180.0
220.0
264.0
271.0
263.0
220.0
185.0
170.0
168.0
165.0
169.0
187.0
238.0
268.0
277.0
248.0
214.0
186.0
172.0
166.0
162.0
171.0
207.0
247.0
269.0
269.0
231.0
193.0
173.0
165.0
166.0
165.0
179.0
228.0
261.0
277.0
249.0
217.0
182.0
168.0
166.0
167.0
168.0
203.0
248.0
270.0
271.0
236.0
196.0
179.0
169.0
171.0
171.0
181.0
209.0
254.0
277.0
262.0
226.0
187.0
173.0
164.0
166.0
172.0
194.0
240.0
274.0
273.0
247.0
202.0
181.0
166.0
164.0
165.0
175.0
208.0
256.0
275.0
264.0
227.0
190.0
175.0
170.0
168.0
172.0
189.0
236.0
266.0
271.0
256.0
218.0
181.0
172.0
162.0
168.0
175.0
194.0
242.0
267.0
275.0
242.0
206.0
186.0
174.0
161.0
165.0
176.0
208.0
254.0
272.0
274.0
234.0
197.0
182.0
173.0
165.0
168.0
179.0
216.0
256.0
278.0
264.0
230.0
185.0
176.0
173.0
165.0
174.0
200.0
239.0
267.0
271.0
236.0
202.0
177.0
172.0
172.0
172.0
181.0
213.0
252.0
280.0
267.0
230.0
190.0
179.0
169.0
163.0
170.0
180.0
232.0
263.0
280.0
256.0
215.0
188.0
170.0
167.0
168.0
172.0
202.0
240.0
273.0
274.0
234.0
203.0
179.0
169.0
167.0
170.0
176.0
212.0
256.0
270.0
265.0
233.0
197.0
181.0
168.0
158.0
174.0
173.0
205.0
251.0
273.0
273.0
234.0
205.0
176.0
168.0
168.0
168.0
178.0
206.0
246.0
282.0
267.0
240.0
198.0
179.0
170.0
167.0
166.0
178.0
204.0
254.0
271.0
266.0
231.0
200.0
174.0
173.0
167.0
170.0
179.0
217.0
257.0
273.0
258.0
224.0
184.0
176.0
165.0
166.0
168.0
181.0
226.0
265.0
270.0
256.0
219.0
187.0
167.0
162.0
166.0
169.0
185.0
229.0
265.0
275.0
248.0
213.0
182.0
168.0
168.0
169.0
168.0
196.0
242.0
266.0
274.0
235.0
200.0
178.0
165.0
166.0
168.0
177.0
216.0
257.0
274.0
267.0
226.0
186.0
168.0
163.0
164.0
171.0
192.0
238.0
265.0
270.0
238.0
206.0
176.0
168.0
164.0
168.0
176.0
209.0
248.0
271.0
259.0
227.0
188.0
171.0
159.0
159.0
165.0
174.0
225.0
261.0
270.0
244.0
205.0
178.0
164.0
165.0
160.0
172.0
210.0
251.0
268.0
253.0
220.0
187.0
166.0
165.0
159.0
166.0
189.0
235.0
267.0
273.0
240.0
200.0
177.0
160.0
166.0
159.0
170.0
208.0
250.0
266.0
266.0
228.0
195.0
179.0
168.0
157.0
162.0
174.0
216.0
258.0
270.0
265.0
221.0
190.0
171.0
168.0
165.0
169.0
171.0
215.0
252.0
276.0
263.0
224.0
190.0
169.0
164.0
161.0
165.0
174.0
208.0
254.0
274.0
270.0
236.0
196.0
175.0
170.0
163.0
164.0
176.0
206.0
253.0
272.0
268.0
230.0
187.0
173.0
162.0
160.0
163.0
171.0
206.0
251.0
272.0
262.0
227.0
188.0
170.0
162.0
160.0
163.0
174.0
217.0
258.0
269.0
253.0
216.0
176.0
168.0
165.0
156.0
169.0
188.0
232.0
266.0
272.0
244.0
206.0
177.0
169.0
163.0
156.0
170.0
193.0
243.0
262.0
266.0
237.0
196.0
178.0
168.0
157.0
165.0
166.0
207.0
251.0
270.0
263.0
225.0
185.0
172.0
159.0
161.0
165.0
175.0
219.0
259.0
268.0
256.0
214.0
176.0
170.0
160.0
157.0
160.0
180.0
226.0
263.0
268.0
237.0
198.0
181.0
167.0
157.0
156.0
168.0
197.0
242.0
262.0
266.0
233.0
187.0
167.0
154.0
159.0
161.0
171.0
212.0
256.0
268.0
252.0
216.0
183.0
168.0
158.0
161.0
165.0
176.0
228.0
258.0
270.0
237.0
205.0
177.0
167.0
155.0
158.0
170.0
200.0
245.0
260.0
261.0
228.0
190.0
168.0
161.0
155.0
158.0
170.0
218.0
256.0
265.0
247.0
213.0
181.0
164.0
155.0
156.0
161.0
185.0
230.0
260.0
258.0
227.0
197.0
172.0
159.0
158.0
156.0
168.0
206.0
242.0
258.0
254.0
218.0
186.0
163.0
162.0
157.0
160.0
169.0
210.0
251.0
260.0
249.0
209.0
175.0
163.0
160.0
154.0
163.0
176.0
216.0
257.0
263.0
245.0
206.0
175.0
155.0
152.0
158.0
161.0
184.0
231.0
263.0
265.0
234.0
193.0
171.0
162.0
160.0
161.0
166.0
198.0
243.0
265.0
256.0
216.0
189.0
165.0
155.0
152.0
157.0
171.0
212.0
247.0
264.0
242.0
208.0
169.0
158.0
154.0
155.0
163.0
193.0
240.0
261.0
256.0
222.0
189.0
164.0
157.0
160.0
159.0
168.0
208.0
250.0
268.0
251.0
212.0
178.0
161.0
155.0
153.0
156.0
177.0
217.0
251.0
260.0
236.0
201.0
166.0
160.0
157.0
153.0
166.0
192.0
236.0
256.0
256.0
220.0
179.0
161.0
152.0
152.0
155.0
164.0
205.0
248.0
262.0
248.0
207.0
175.0
160.0
148.0
158.0
156.0
176.0
226.0
258.0
261.0
227.0
186.0
166.0
150.0
149.0
150.0
163.0
204.0
242.0
258.0
247.0
207.0
176.0
162.0
156.0
154.0
152.0
167.0
221.0
251.0
258.0
227.0
192.0
161.0
152.0
148.0
155.0
161.0
195.0
240.0
263.0
256.0
211.0
173.0
160.0
154.0
151.0
154.0
179.0
226.0
256.0
259.0
224.0
186.0
163.0
156.0
148.0
152.0
167.0
212.0
251.0
256.0
241.0
203.0
163.0
157.0
146.0
156.0
160.0
185.0
237.0
260.0
258.0
220.0
178.0
166.0
155.0
152.0
154.0
168.0
212.0
251.0
259.0
239.0
210.0
167.0
156.0
154.0
148.0
154.0
170.0
217.0
253.0
263.0
232.0
195.0
170.0
157.0
149.0
147.0
163.0
182.0
231.0
259.0
253.0
225.0
182.0
162.0
154.0
150.0
154.0
156.0
196.0
239.0
260.0
250.0
215.0
176.0
163.0
155.0
146.0
151.0
162.0
208.0
241.0
254.0
249.0
207.0
174.0
153.0
151.0
152.0
151.0
170.0
215.0
243.0
261.0
237.0
200.0
165.0
154.0
154.0
148.0
156.0
172.0
211.0
254.0
258.0
241.0
201.0
164.0
160.0
147.0
148.0
151.0
169.0
212.0
250.0
257.0
232.0
200.0
170.0
157.0
148.0
148.0
155.0
173.0
220.0
248.0
257.0
234.0
196.0
165.0
164.0
150.0
144.0
158.0
178.0
222.0
248.0
257.0
227.0
190.0
162.0
154.0
26.0
21.0
30.0
35.0
20.0
14.0
315.0
13.0
306.0
18.0
308.0
15.0
304.0
16.0
299.0
16.0
304.0
14.0
299.0
17.0
297.0
17.0
291.0
17.0
294.0
17.0
297.0
18.0
290.0
11.0
295.0
14.0
503.0
200.0
174.0
301.0
305.0
369.0
418.0
463.0
431.0
412.0
386.0
318.0
291.0
279.0
280.0
299.0
333.0
365.0
380.0
361.0
323.0
300.0
286.0
280.0
282.0
287.0
302.0
345.0
363.0
372.0
348.0
316.0
293.0
274.0
271.0
271.0
272.0
288.0
321.0
348.0
356.0
322.0
289.0
260.0
265.0
260.0
256.0
256.0
284.0
320.0
339.0
339.0
312.0
279.0
259.0
252.0
247.0
260.0
268.0
295.0
339.0
352.0
348.0
302.0
270.0
258.0
252.0
252.0
252.0
260.0
302.0
338.0
346.0
328.0
285.0
259.0
249.0
250.0
246.0
256.0
277.0
327.0
344.0
342.0
306.0
274.0
253.0
248.0
245.0
246.0
260.0
290.0
321.0
335.0
310.0
278.0
248.0
241.0
229.0
226.0
230.0
261.0
308.0
325.0
310.0
275.0
242.0
230.0
223.0
226.0
225.0
247.0
288.0
322.0
328.0
298.0
262.0
235.0
227.0
223.0
223.0
233.0
262.0
295.0
323.0
317.0
281.0
244.0
231.0
222.0
225.0
230.0
243.0
289.0
317.0
327.0
299.0
265.0
232.0
225.0
223.0
223.0
229.0
258.0
299.0
321.0
318.0
284.0
253.0
231.0
226.0
223.0
230.0
240.0
284.0
316.0
320.0
298.0
264.0
234.0
225.0
221.0
224.0
228.0
262.0
298.0
312.0
305.0
269.0
234.0
224.0
213.0
214.0
218.0
224.0
275.0
295.0
314.0
281.0
258.0
227.0
219.0
205.0
217.0
218.0
248.0
292.0
314.0
312.0
272.0
237.0
223.0
216.0
213.0
219.0
230.0
275.0
311.0
316.0
290.0
250.0
226.0
219.0
213.0
215.0
230.0
260.0
303.0
316.0
298.0
266.0
232.0
220.0
216.0
218.0
220.0
245.0
293.0
313.0
310.0
279.0
243.0
218.0
211.0
211.0
218.0
223.0
263.0
304.0
312.0
294.0
257.0
227.0
215.0
213.0
213.0
218.0
246.0
288.0
309.0
310.0
276.0
245.0
226.0
218.0
220.0
221.0
230.0
271.0
305.0
312.0
294.0
259.0
228.0
216.0
215.0
211.0
222.0
249.0
290.0
314.0
313.0
275.0
241.0
219.0
212.0
211.0
216.0
226.0
260.0
294.0
304.0
296.0
256.0
228.0
216.0
211.0
216.0
222.0
239.0
282.0
306.0
309.0
280.0
244.0
224.0
224.0
219.0
220.0
231.0
262.0
299.0
315.0
303.0
272.0
236.0
222.0
216.0
217.0
215.0
228.0
272.0
320.0
328.0
304.0
266.0
240.0
231.0
220.0
220.0
227.0
241.0
288.0
314.0
316.0
291.0
253.0
227.0
216.0
215.0
221.0
228.0
243.0
294.0
312.0
314.0
281.0
248.0
223.0
222.0
213.0
220.0
230.0
261.0
302.0
318.0
307.0
272.0
241.0
224.0
218.0
215.0
221.0
234.0
271.0
308.0
316.0
297.0
259.0
235.0
220.0
220.0
215.0
222.0
248.0
290.0
311.0
317.0
292.0
253.0
236.0
221.0
216.0
223.0
222.0
266.0
304.0
317.0
304.0
273.0
234.0
225.0
218.0
224.0
228.0
250.0
292.0
319.0
310.0
277.0
245.0
229.0
224.0
223.0
225.0
243.0
291.0
315.0
316.0
288.0
249.0
229.0
226.0
218.0
226.0
242.0
285.0
318.0
320.0
292.0
256.0
232.0
226.0
223.0
228.0
239.0
286.0
321.0
323.0
294.0
254.0
232.0
223.0
223.0
231.0
246.0
297.0
324.0
315.0
278.0
245.0
237.0
231.0
230.0
232.0
256.0
305.0
324.0
318.0
283.0
246.0
229.0
228.0
225.0
230.0
248.0
297.0
327.0
327.0
290.0
250.0
236.0
232.0
226.0
230.0
240.0
291.0
317.0
325.0
297.0
257.0
240.0
229.0
228.0
231.0
240.0
278.0
315.0
328.0
310.0
269.0
241.0
232.0
234.0
236.0
243.0
284.0
324.0
337.0
322.0
285.0
253.0
244.0
240.0
242.0
254.0
288.0
326.0
337.0
318.0
282.0
250.0
246.0
234.0
238.0
244.0
282.0
322.0
334.0
316.0
281.0
250.0
240.0
234.0
237.0
244.0
281.0
320.0
339.0
329.0
288.0
258.0
245.0
237.0
242.0
246.0
261.0
313.0
335.0
339.0
312.0
269.0
248.0
240.0
240.0
238.0
252.0
302.0
336.0
348.0
323.0
280.0
251.0
245.0
240.0
241.0
252.0
293.0
335.0
352.0
338.0
299.0
267.0
254.0
248.0
250.0
256.0
281.0
332.0
357.0
356.0
320.0
278.0
259.0
251.0
244.0
247.0
262.0
314.0
347.0
358.0
333.0
295.0
266.0
258.0
249.0
250.0
257.0
293.0
340.0
359.0
357.0
318.0
278.0
266.0
254.0
254.0
263.0
280.0
325.0
361.0
369.0
344.0
305.0
276.0
265.0
264.0
265.0
266.0
292.0
346.0
365.0
359.0
323.0
283.0
266.0
260.0
258.0
270.0
283.0
332.0
376.0
366.0
335.0
296.0
278.0
268.0
265.0
262.0
277.0
320.0
356.0
366.0
337.0
302.0
275.0
265.0
261.0
262.0
271.0
304.0
346.0
363.0
343.0
307.0
276.0
263.0
258.0
260.0
267.0
300.0
344.0
358.0
350.0
314.0
279.0
267.0
259.0
257.0
265.0
288.0
328.0
357.0
357.0
326.0
291.0
268.0
263.0
263.0
265.0
278.0
312.0
351.0
361.0
344.0
311.0
275.0
265.0
260.0
260.0
265.0
290.0
338.0
361.0
361.0
326.0
290.0
270.0
264.0
262.0
264.0
279.0
318.0
350.0
360.0
339.0
305.0
277.0
268.0
266.0
265.0
273.0
302.0
343.0
368.0
353.0
317.0
287.0
266.0
262.0
259.0
262.0
277.0
323.0
362.0
357.0
329.0
292.0
271.0
259.0
259.0
261.0
270.0
306.0
345.0
358.0
341.0
306.0
274.0
263.0
259.0
259.0
268.0
302.0
340.0
357.0
340.0
298.0
268.0
254.0
253.0
254.0
259.0
291.0
334.0
354.0
342.0
304.0
273.0
260.0
253.0
253.0
256.0
282.0
328.0
349.0
344.0
309.0
271.0
256.0
253.0
253.0
256.0
284.0
329.0
352.0
344.0
303.0
270.0
256.0
252.0
249.0
256.0
288.0
334.0
351.0
342.0
308.0
271.0
257.0
253.0
258.0
262.0
287.0
331.0
352.0
347.0
314.0
276.0
263.0
251.0
251.0
255.0
267.0
312.0
348.0
353.0
322.0
286.0
266.0
258.0
250.0
252.0
265.0
308.0
343.0
354.0
328.0
290.0
260.0
256.0
246.0
252.0
266.0
312.0
343.0
350.0
320.0
288.0
260.0
254.0
251.0
256.0
271.0
321.0
352.0
349.0
313.0
276.0
262.0
250.0
256.0
259.0
279.0
325.0
352.0
350.0
312.0
275.0
260.0
252.0
254.0
260.0
288.0
333.0
351.0
342.0
305.0
272.0
260.0
255.0
254.0
262.0
304.0
343.0
357.0
335.0
299.0
270.0
261.0
256.0
258.0
264.0
301.0
342.0
354.0
334.0
301.0
273.0
261.0
256.0
259.0
268.0
298.0
344.0
360.0
344.0
310.0
276.0
262.0
257.0
253.0
262.0
287.0
334.0
355.0
350.0
310.0
278.0
262.0
258.0
256.0
261.0
281.0
329.0
353.0
350.0
316.0
277.0
263.0
256.0
253.0
258.0
274.0
320.0
346.0
354.0
323.0
288.0
264.0
257.0
252.0
254.0
266.0
306.0
343.0
356.0
338.0
300.0
272.0
261.0
252.0
254.0
258.0
291.0
335.0
352.0
347.0
311.0
274.0
262.0
253.0
251.0
256.0
281.0
327.0
347.0
349.0
316.0
279.0
260.0
254.0
251.0
257.0
269.0
310.0
345.0
355.0
327.0
290.0
265.0
256.0
250.0
250.0
257.0
292.0
335.0
352.0
341.0
305.0
269.0
260.0
253.0
254.0
257.0
278.0
321.0
347.0
352.0
318.0
280.0
263.0
255.0
250.0
256.0
269.0
311.0
342.0
353.0
326.0
290.0
265.0
255.0
252.0
256.0
264.0
306.0
340.0
355.0
331.0
294.0
262.0
253.0
251.0
254.0
262.0
305.0
345.0
355.0
326.0
291.0
264.0
250.0
249.0
250.0
261.0
296.0
342.0
352.0
339.0
300.0
269.0
258.0
248.0
251.0
260.0
286.0
332.0
350.0
345.0
307.0
277.0
256.0
250.0
252.0
259.0
289.0
334.0
354.0
339.0
304.0
271.0
256.0
251.0
250.0
258.0
289.0
337.0
349.0
336.0
298.0
266.0
257.0
253.0
252.0
257.0
289.0
334.0
350.0
340.0
300.0
267.0
256.0
249.0
247.0
257.0
290.0
336.0
352.0
340.0
306.0
268.0
256.0
248.0
248.0
256.0
280.0
328.0
348.0
343.0
309.0
269.0
259.0
251.0
251.0
258.0
283.0
328.0
350.0
341.0
309.0
266.0
257.0
249.0
244.0
254.0
274.0
321.0
344.0
349.0
315.0
279.0
257.0
250.0
252.0
256.0
275.0
318.0
351.0
351.0
323.0
282.0
261.0
252.0
246.0
256.0
267.0
317.0
344.0
347.0
320.0
281.0
259.0
249.0
247.0
253.0
259.0
300.0
337.0
352.0
328.0
291.0
261.0
251.0
246.0
246.0
256.0
288.0
329.0
346.0
335.0
299.0
266.0
256.0
248.0
250.0
249.0
272.0
319.0
345.0
346.0
314.0
274.0
259.0
250.0
249.0
254.0
267.0
310.0
343.0
348.0
321.0
284.0
265.0
256.0
251.0
255.0
267.0
311.0
343.0
353.0
326.0
284.0
263.0
255.0
253.0
257.0
269.0
312.0
348.0
361.0
330.0
294.0
269.0
263.0
258.0
264.0
271.0
309.0
347.0
362.0
338.0
299.0
272.0
263.0
255.0
259.0
272.0
320.0
354.0
360.0
331.0
290.0
268.0
262.0
259.0
266.0
278.0
326.0
353.0
359.0
332.0
297.0
275.0
264.0
264.0
262.0
277.0
318.0
353.0
369.0
343.0
306.0
279.0
263.0
262.0
263.0
268.0
307.0
347.0
364.0
353.0
312.0
283.0
267.0
261.0
260.0
268.0
298.0
343.0
361.0
353.0
318.0
280.0
267.0
263.0
262.0
273.0
296.0
342.0
364.0
355.0
316.0
283.0
267.0
264.0
258.0
268.0
299.0
348.0
358.0
346.0
307.0
274.0
261.0
257.0
260.0
267.0
302.0
344.0
358.0
346.0
309.0
277.0
263.0
258.0
259.0
261.0
289.0
334.0
356.0
354.0
315.0
277.0
264.0
258.0
261.0
266.0
293.0
339.0
355.0
345.0
306.0
273.0
261.0
256.0
256.0
262.0
297.0
344.0
358.0
339.0
297.0
267.0
259.0
254.0
256.0
267.0
313.0
350.0
352.0
321.0
281.0
263.0
251.0
252.0
257.0
283.0
327.0
347.0
343.0
307.0
273.0
256.0
250.0
248.0
262.0
293.0
338.0
351.0
333.0
295.0
262.0
254.0
246.0
247.0
256.0
289.0
329.0
347.0
333.0
296.0
266.0
251.0
244.0
242.0
253.0
283.0
325.0
344.0
334.0
295.0
260.0
249.0
240.0
243.0
248.0
281.0
324.0
345.0
333.0
298.0
265.0
250.0
246.0
245.0
253.0
284.0
328.0
343.0
327.0
288.0
259.0
246.0
244.0
246.0
258.0
302.0
338.0
343.0
310.0
272.0
250.0
245.0
243.0
245.0
274.0
323.0
342.0
327.0
288.0
258.0
245.0
237.0
244.0
260.0
305.0
337.0
341.0
307.0
268.0
249.0
243.0
240.0
243.0
268.0
317.0
341.0
331.0
298.0
261.0
247.0
240.0
240.0
249.0
283.0
323.0
342.0
326.0
288.0
256.0
241.0
240.0
243.0
258.0
302.0
338.0
347.0
312.0
276.0
249.0
246.0
247.0
246.0
266.0
312.0
335.0
339.0
306.0
263.0
249.0
242.0
242.0
251.0
278.0
326.0
342.0
334.0
292.0
258.0
250.0
243.0
242.0
251.0
283.0
326.0
344.0
327.0
286.0
256.0
247.0
242.0
242.0
250.0
290.0
328.0
343.0
321.0
287.0
252.0
246.0
242.0
241.0
253.0
293.0
338.0
342.0
323.0
281.0
253.0
245.0
243.0
243.0
254.0
301.0
334.0
342.0
312.0
274.0
252.0
243.0
241.0
246.0
262.0
309.0
343.0
342.0
305.0
271.0
252.0
241.0
237.0
246.0
259.0
310.0
336.0
338.0
309.0
268.0
251.0
241.0
242.0
246.0
262.0
311.0
339.0
343.0
304.0
264.0
250.0
239.0
240.0
243.0
271.0
317.0
342.0
335.0
297.0
264.0
249.0
241.0
244.0
245.0
273.0
318.0
340.0
331.0
296.0
257.0
249.0
240.0
240.0
250.0
285.0
326.0
345.0
327.0
288.0
253.0
242.0
240.0
243.0
250.0
282.0
328.0
343.0
327.0
290.0
254.0
245.0
242.0
240.0
250.0
283.0
324.0
343.0
327.0
289.0
257.0
243.0
240.0
239.0
250.0
289.0
329.0
341.0
322.0
284.0
257.0
247.0
240.0
242.0
258.0
301.0
334.0
340.0
316.0
276.0
257.0
247.0
243.0
249.0
262.0
305.0
345.0
343.0
310.0
270.0
249.0
245.0
243.0
250.0
272.0
317.0
349.0
340.0
306.0
266.0
252.0
242.0
245.0
251.0
276.0
321.0
345.0
342.0
304.0
262.0
254.0
248.0
252.0
252.0
293.0
332.0
353.0
333.0
292.0
261.0
254.0
238.0
250.0
264.0
311.0
347.0
350.0
316.0
282.0
257.0
253.0
249.0
254.0
288.0
336.0
356.0
340.0
302.0
267.0
254.0
250.0
252.0
259.0
306.0
345.0
354.0
326.0
283.0
259.0
249.0
245.0
256.0
277.0
330.0
353.0
343.0
304.0
267.0
256.0
250.0
258.0
262.0
301.0
344.0
356.0
333.0
292.0
265.0
257.0
253.0
257.0
267.0
311.0
354.0
363.0
328.0
290.0
269.0
260.0
254.0
262.0
284.0
336.0
363.0
364.0
326.0
286.0
265.0
264.0
257.0
264.0
287.0
339.0
367.0
366.0
325.0
288.0
271.0
261.0
260.0
266.0
298.0
352.0
376.0
367.0
322.0
276.0
262.0
250.0
245.0
238.0
285.0
337.0
353.0
331.0
271.0
226.0
235.0
260.0
277.0
296.0
345.0
395.0
409.0
382.0
337.0
305.0
296.0
290.0
297.0
315.0
373.0
411.0
417.0
383.0
338.0
314.0
305.0
307.0
312.0
329.0
381.0
416.0
417.0
376.0
338.0
316.0
313.0
311.0
317.0
333.0
382.0
415.0
419.0
393.0
355.0
334.0
328.0
328.0
331.0
349.0
397.0
431.0
433.0
401.0
366.0
345.0
338.0
336.0
343.0
362.0
411.0
437.0
437.0
403.0
365.0
340.0
336.0
334.0
339.0
357.0
404.0
441.0
439.0
407.0
368.0
348.0
338.0
335.0
339.0
353.0
410.0
447.0
451.0
418.0
381.0
359.0
349.0
352.0
357.0
375.0
425.0
456.0
461.0
426.0
387.0
366.0
358.0
357.0
366.0
391.0
444.0
468.0
459.0
417.0
381.0
365.0
358.0
361.0
372.0
411.0
457.0
475.0
450.0
409.0
376.0
365.0
359.0
364.0
379.0
427.0
469.0
478.0
448.0
404.0
375.0
368.0
363.0
372.0
390.0
438.0
469.0
472.0
440.0
400.0
377.0
369.0
367.0
375.0
402.0
442.0
476.0
473.0
435.0
396.0
383.0
377.0
374.0
381.0
410.0
458.0
475.0
461.0
418.0
386.0
376.0
372.0
373.0
382.0
424.0
465.0
474.0
445.0
405.0
378.0
371.0
366.0
374.0
389.0
437.0
467.0
463.0
433.0
392.0
377.0
366.0
365.0
370.0
403.0
444.0
467.0
456.0
410.0
376.0
362.0
359.0
361.0
373.0
424.0
464.0
476.0
438.0
396.0
373.0
365.0
366.0
372.0
400.0
454.0
481.0
466.0
429.0
390.0
377.0
371.0
375.0
386.0
438.0
481.0
486.0
448.0
403.0
382.0
375.0
372.0
375.0
405.0
461.0
483.0
478.0
434.0
395.0
378.0
375.0
376.0
388.0
438.0
481.0
493.0
457.0
413.0
388.0
379.0
376.0
381.0
407.0
463.0
487.0
479.0
435.0
397.0
382.0
375.0
376.0
388.0
436.0
479.0
487.0
452.0
409.0
388.0
374.0
376.0
380.0
410.0
465.0
485.0
475.0
434.0
391.0
377.0
372.0
373.0
387.0
438.0
477.0
481.0
440.0
395.0
375.0
370.0
367.0
375.0
422.0
469.0
481.0
450.0
406.0
378.0
368.0
363.0
369.0
396.0
451.0
477.0
463.0
418.0
382.0
366.0
362.0
361.0
380.0
432.0
464.0
462.0
419.0
378.0
364.0
355.0
355.0
368.0
417.0
457.0
467.0
428.0
383.0
360.0
352.0
352.0
357.0
395.0
448.0
464.0
436.0
392.0
360.0
352.0
348.0
353.0
384.0
437.0
458.0
440.0
398.0
363.0
347.0
343.0
348.0
369.0
424.0
454.0
450.0
409.0
363.0
349.0
347.0
346.0
357.0
399.0
444.0
457.0
424.0
379.0
354.0
346.0
342.0
349.0
381.0
433.0
450.0
434.0
388.0
357.0
345.0
341.0
347.0
371.0
424.0
450.0
435.0
387.0
356.0
338.0
337.0
339.0
360.0
416.0
446.0
435.0
392.0
353.0
340.0
335.0
336.0
351.0
406.0
441.0
441.0
399.0
361.0
341.0
333.0
336.0
348.0
398.0
439.0
446.0
410.0
361.0
339.0
327.0
334.0
356.0
396.0
433.0
436.0
401.0
357.0
336.0
330.0
335.0
341.0
381.0
429.0
437.0
403.0
363.0
343.0
334.0
333.0
340.0
375.0
423.0
440.0
416.0
374.0
345.0
345.0
347.0
352.0
379.0
429.0
450.0
439.0
400.0
367.0
355.0
352.0
356.0
367.0
420.0
454.0
455.0
417.0
378.0
361.0
356.0
357.0
366.0
408.0
453.0
462.0
433.0
392.0
367.0
363.0
367.0
368.0
397.0
443.0
469.0
452.0
410.0
374.0
364.0
363.0
364.0
381.0
437.0
466.0
458.0
421.0
381.0
369.0
366.0
364.0
374.0
422.0
460.0
464.0
430.0
389.0
373.0
362.0
363.0
371.0
409.0
454.0
467.0
441.0
401.0
377.0
365.0
362.0
369.0
402.0
448.0
466.0
449.0
405.0
379.0
370.0
365.0
370.0
387.0
440.0
466.0
453.0
409.0
376.0
364.0
361.0
367.0
387.0
439.0
462.0
450.0
407.0
376.0
364.0
356.0
360.0
378.0
428.0
456.0
452.0
408.0
375.0
360.0
355.0
357.0
372.0
424.0
455.0
447.0
407.0
372.0
357.0
352.0
355.0
365.0
416.0
450.0
450.0
412.0
372.0
356.0
352.0
353.0
363.0
406.0
445.0
451.0
420.0
378.0
355.0
354.0
364.0
372.0
412.0
457.0
467.0
441.0
398.0
375.0
364.0
363.0
373.0
406.0
450.0
470.0
446.0
401.0
377.0
366.0
366.0
370.0
402.0
450.0
471.0
447.0
402.0
377.0
366.0
362.0
370.0
401.0
447.0
464.0
442.0
396.0
371.0
361.0
359.0
371.0
410.0
451.0
464.0
432.0
387.0
367.0
361.0
363.0
370.0
412.0
457.0
462.0
423.0
379.0
364.0
357.0
355.0
367.0
410.0
451.0
456.0
417.0
377.0
363.0
354.0
355.0
368.0
417.0
451.0
454.0
411.0
371.0
358.0
350.0
354.0
370.0
417.0
451.0
450.0
413.0
373.0
357.0
348.0
352.0
363.0
408.0
446.0
450.0
407.0
366.0
352.0
349.0
349.0
362.0
411.0
451.0
451.0
408.0
373.0
358.0
352.0
352.0
365.0
414.0
449.0
451.0
409.0
368.0
353.0
347.0
354.0
372.0
430.0
455.0
446.0
399.0
369.0
356.0
354.0
356.0
379.0
430.0
456.0
442.0
392.0
362.0
354.0
347.0
356.0
383.0
433.0
452.0
430.0
386.0
358.0
349.0
348.0
354.0
382.0
432.0
446.0
423.0
383.0
356.0
345.0
345.0
350.0
382.0
428.0
446.0
419.0
380.0
351.0
343.0
339.0
344.0
379.0
427.0
441.0
421.0
378.0
355.0
342.0
341.0
341.0
377.0
424.0
447.0
416.0
372.0
349.0
337.0
337.0
342.0
383.0
429.0
440.0
407.0
368.0
347.0
337.0
337.0
342.0
380.0
426.0
446.0
410.0
369.0
346.0
334.0
336.0
341.0
379.0
426.0
440.0
407.0
365.0
344.0
332.0
332.0
340.0
378.0
420.0
440.0
410.0
367.0
341.0
331.0
329.0
335.0
367.0
419.0
436.0
406.0
362.0
338.0
330.0
328.0
339.0
375.0
422.0
433.0
401.0
357.0
338.0
328.0
329.0
335.0
372.0
421.0
432.0
399.0
355.0
337.0
329.0
329.0
335.0
382.0
423.0
427.0
389.0
349.0
335.0
325.0
327.0
339.0
386.0
420.0
427.0
392.0
350.0
333.0
325.0
326.0
335.0
378.0
417.0
427.0
397.0
355.0
334.0
328.0
323.0
326.0
362.0
412.0
426.0
403.0
363.0
334.0
325.0
321.0
323.0
354.0
402.0
423.0
403.0
362.0
333.0
320.0
315.0
326.0
352.0
401.0
424.0
405.0
363.0
331.0
318.0
318.0
324.0
350.0
401.0
420.0
404.0
363.0
331.0
321.0
318.0
327.0
348.0
400.0
422.0
400.0
362.0
330.0
319.0
318.0
323.0
352.0
401.0
421.0
399.0
357.0
328.0
321.0
316.0
326.0
357.0
407.0
423.0
393.0
349.0
327.0
315.0
320.0
324.0
358.0
409.0
418.0
388.0
346.0
322.0
317.0
316.0
328.0
364.0
410.0
419.0
384.0
342.0
321.0
314.0
313.0
324.0
369.0
417.0
419.0
374.0
329.0
316.0
311.0
312.0
326.0
380.0
416.0
416.0
375.0
331.0
320.0
312.0
312.0
330.0
385.0
418.0
412.0
368.0
329.0
314.0
311.0
312.0
334.0
392.0
419.0
410.0
363.0
328.0
313.0
306.0
311.0
333.0
384.0
418.0
409.0
363.0
328.0
315.0
312.0
311.0
334.0
390.0
417.0
405.0
358.0
324.0
312.0
307.0
311.0
335.0
390.0
417.0
403.0
355.0
321.0
309.0
305.0
312.0
342.0
395.0
416.0
389.0
342.0
317.0
305.0
307.0
310.0
349.0
399.0
421.0
382.0
334.0
311.0
302.0
304.0
318.0
369.0
407.0
409.0
364.0
317.0
306.0
303.0
305.0
321.0
381.0
412.0
398.0
351.0
316.0
306.0
296.0
311.0
342.0
393.0
422.0
400.0
357.0
328.0
316.0
315.0
321.0
362.0
409.0
425.0
392.0
344.0
323.0
316.0
318.0
323.0
365.0
413.0
421.0
385.0
342.0
322.0
311.0
312.0
325.0
374.0
416.0
420.0
377.0
333.0
316.0
309.0
315.0
326.0
372.0
414.0
418.0
377.0
334.0
317.0
308.0
311.0
322.0
366.0
409.0
421.0
382.0
340.0
318.0
310.0
310.0
320.0
360.0
407.0
415.0
385.0
340.0
316.0
307.0
306.0
312.0
351.0
398.0
415.0
388.0
341.0
314.0
306.0
306.0
309.0
343.0
397.0
413.0
389.0
346.0
318.0
308.0
304.0
309.0
338.0
388.0
411.0
399.0
353.0
321.0
308.0
305.0
309.0
326.0
381.0
411.0
403.0
365.0
324.0
312.0
312.0
311.0
321.0
368.0
406.0
408.0
370.0
331.0
311.0
307.0
308.0
314.0
347.0
393.0
408.0
390.0
348.0
318.0
315.0
309.0
311.0
332.0
384.0
411.0
400.0
360.0
324.0
313.0
305.0
305.0
320.0
372.0
406.0
410.0
367.0
329.0
317.0
306.0
309.0
318.0
356.0
399.0
408.0
381.0
336.0
314.0
307.0
305.0
315.0
350.0
398.0
413.0
388.0
346.0
323.0
308.0
310.0
310.0
341.0
388.0
410.0
396.0
354.0
322.0
307.0
306.0
308.0
333.0
381.0
406.0
397.0
357.0
322.0
306.0
303.0
305.0
321.0
373.0
401.0
401.0
365.0
325.0
312.0
303.0
305.0
316.0
357.0
399.0
404.0
373.0
331.0
313.0
303.0
304.0
310.0
346.0
394.0
407.0
382.0
338.0
314.0
304.0
303.0
308.0
343.0
391.0
408.0
382.0
340.0
316.0
300.0
304.0
306.0
326.0
381.0
404.0
401.0
357.0
322.0
309.0
300.0
304.0
314.0
359.0
394.0
406.0
368.0
327.0
307.0
303.0
305.0
309.0
347.0
393.0
404.0
380.0
341.0
310.0
298.0
296.0
300.0
324.0
378.0
403.0
390.0
346.0
314.0
305.0
298.0
302.0
320.0
371.0
402.0
397.0
358.0
319.0
306.0
302.0
301.0
312.0
361.0
402.0
405.0
363.0
321.0
308.0
301.0
306.0
318.0
364.0
402.0
403.0
363.0
319.0
307.0
301.0
302.0
316.0
360.0
401.0
399.0
361.0
322.0
308.0
301.0
303.0
311.0
364.0
402.0
402.0
364.0
320.0
306.0
298.0
301.0
316.0
364.0
402.0
400.0
358.0
322.0
307.0
301.0
305.0
322.0
373.0
404.0
401.0
361.0
322.0
309.0
304.0
304.0
325.0
376.0
403.0
394.0
354.0
321.0
308.0
303.0
305.0
322.0
371.0
402.0
400.0
364.0
321.0
305.0
302.0
301.0
313.0
359.0
396.0
401.0
368.0
326.0
308.0
304.0
305.0
312.0
349.0
397.0
406.0
380.0
337.0
316.0
307.0
303.0
304.0
334.0
384.0
404.0
389.0
348.0
317.0
302.0
303.0
305.0
322.0
372.0
405.0
398.0
354.0
322.0
305.0
301.0
304.0
318.0
371.0
400.0
393.0
354.0
316.0
303.0
298.0
303.0
315.0
367.0
397.0
397.0
355.0
315.0
304.0
