224.0
218.0
226.0
240.0
290.0
325.0
329.0
295.0
254.0
224.0
220.0
221.0
222.0
242.0
300.0
328.0
326.0
283.0
235.0
216.0
215.0
211.0
218.0
258.0
312.0
331.0
305.0
262.0
222.0
213.0
215.0
217.0
224.0
270.0
316.0
322.0
283.0
237.0
209.0
209.0
204.0
212.0
232.0
287.0
321.0
308.0
264.0
216.0
210.0
196.0
204.0
212.0
258.0
298.0
312.0
279.0
233.0
206.0
199.0
196.0
203.0
221.0
269.0
307.0
299.0
246.0
211.0
196.0
191.0
194.0
209.0
249.0
297.0
296.0
269.0
219.0
198.0
190.0
191.0
193.0
228.0
280.0
298.0
271.0
227.0
200.0
184.0
188.0
190.0
206.0
267.0
294.0
285.0
241.0
206.0
183.0
185.0
183.0
196.0
246.0
283.0
291.0
256.0
201.0
184.0
177.0
175.0
182.0
214.0
264.0
288.0
262.0
219.0
181.0
177.0
175.0
182.0
196.0
243.0
275.0
281.0
234.0
191.0
177.0
174.0
170.0
182.0
220.0
267.0
274.0
243.0
205.0
178.0
167.0
172.0
177.0
191.0
249.0
274.0
260.0
220.0
179.0
165.0
166.0
170.0
186.0
227.0
270.0
271.0
225.0
184.0
170.0
161.0
164.0
168.0
215.0
263.0
276.0
241.0
192.0
165.0
155.0
159.0
167.0
183.0
246.0
263.0
250.0
203.0
170.0
160.0
152.0
154.0
179.0
229.0
259.0
258.0
208.0
165.0
159.0
161.0
161.0
161.0
209.0
255.0
256.0
221.0
181.0
160.0
154.0
153.0
157.0
197.0
242.0
261.0
238.0
192.0
159.0
152.0
151.0
152.0
166.0
227.0
259.0
252.0
208.0
170.0
151.0
151.0
152.0
161.0
200.0
257.0
268.0
234.0
177.0
151.0
140.0
139.0
159.0
183.0
229.0
257.0
240.0
192.0
150.0
145.0
144.0
140.0
166.0
216.0
254.0
252.0
206.0
164.0
138.0
146.0
140.0
157.0
184.0
240.0
249.0
230.0
173.0
149.0
140.0
138.0
149.0
159.0
216.0
253.0
248.0
204.0
158.0
137.0
139.0
140.0
142.0
188.0
239.0
250.0
217.0
179.0
146.0
138.0
135.0
136.0
153.0
208.0
246.0
241.0
195.0
161.0
139.0
131.0
135.0
141.0
170.0
222.0
245.0
227.0
176.0
149.0
141.0
133.0
134.0
146.0
201.0
235.0
239.0
202.0
155.0
141.0
128.0
133.0
144.0
176.0
228.0
236.0
216.0
173.0
139.0
131.0
132.0
135.0
151.0
199.0
241.0
231.0
195.0
155.0
131.0
130.0
131.0
136.0
160.0
211.0
238.0
229.0
183.0
136.0
124.0
131.0
125.0
136.0
177.0
228.0
238.0
217.0
165.0
136.0
124.0
126.0
125.0
140.0
184.0
228.0
233.0
211.0
169.0
136.0
129.0
120.0
131.0
136.0
181.0
228.0
234.0
205.0
165.0
134.0
123.0
121.0
123.0
143.0
172.0
224.0
242.0
207.0
161.0
129.0
129.0
118.0
126.0
138.0
181.0
223.0
232.0
207.0
154.0
131.0
122.0
118.0
128.0
144.0
193.0
224.0
224.0
188.0
140.0
127.0
116.0
117.0
134.0
159.0
203.0
231.0
224.0
165.0
130.0
122.0
119.0
121.0
135.0
169.0
216.0
230.0
202.0
155.0
125.0
123.0
113.0
128.0
142.0
186.0
228.0
222.0
190.0
145.0
123.0
114.0
121.0
120.0
150.0
198.0
230.0
215.0
165.0
123.0
120.0
122.0
123.0
134.0
168.0
212.0
227.0
202.0
157.0
120.0
120.0
116.0
118.0
135.0
183.0
226.0
224.0
190.0
139.0
125.0
122.0
120.0
121.0
135.0
192.0
224.0
218.0
191.0
138.0
118.0
114.0
115.0
122.0
145.0
186.0
223.0
224.0
178.0
139.0
117.0
110.0
117.0
121.0
130.0
183.0
216.0
225.0
182.0
146.0
116.0
113.0
120.0
125.0
141.0
192.0
218.0
216.0
172.0
128.0
119.0
108.0
118.0
122.0
155.0
207.0
225.0
203.0
163.0
121.0
113.0
110.0
110.0
123.0
165.0
215.0
226.0
200.0
149.0
113.0
108.0
105.0
115.0
130.0
190.0
213.0
228.0
189.0
132.0
113.0
118.0
107.0
121.0
128.0
183.0
218.0
216.0
233.0
137.0
119.0
110.0
117.0
125.0
146.0
201.0
218.0
202.0
162.0
124.0
111.0
106.0
114.0
125.0
166.0
211.0
221.0
189.0
141.0
113.0
105.0
114.0
116.0
132.0
180.0
217.0
208.0
169.0
131.0
114.0
111.0
111.0
121.0
149.0
199.0
214.0
200.0
158.0
120.0
108.0
114.0
116.0
126.0
167.0
217.0
212.0
189.0
138.0
112.0
112.0
107.0
119.0
135.0
193.0
216.0
202.0
162.0
118.0
110.0
109.0
110.0
123.0
157.0
206.0
208.0
186.0
148.0
114.0
106.0
110.0
112.0
123.0
178.0
216.0
208.0
179.0
136.0
111.0
110.0
105.0
116.0
139.0
196.0
215.0
196.0
147.0
114.0
110.0
105.0
105.0
126.0
162.0
204.0
213.0
189.0
141.0
114.0
108.0
105.0
119.0
131.0
180.0
219.0
209.0
165.0
123.0
110.0
104.0
114.0
125.0
156.0
203.0
215.0
195.0
144.0
119.0
108.0
104.0
122.0
130.0
183.0
211.0
215.0
167.0
129.0
115.0
111.0
115.0
117.0
158.0
209.0
223.0
194.0
141.0
117.0
113.0
105.0
125.0
134.0
189.0
216.0
213.0
163.0
128.0
110.0
112.0
116.0
125.0
162.0
213.0
218.0
185.0
144.0
120.0
108.0
110.0
115.0
136.0
188.0
224.0
221.0
183.0
143.0
122.0
105.0
117.0
126.0
164.0
212.0
215.0
199.0
144.0
124.0
112.0
115.0
122.0
128.0
178.0
223.0
212.0
188.0
154.0
167.0
117.0
112.0
110.0
136.0
186.0
217.0
209.0
172.0
134.0
141.0
119.0
99.0
114.0
155.0
198.0
226.0
218.0
186.0
138.0
115.0
113.0
119.0
127.0
157.0
208.0
219.0
203.0
164.0
123.0
110.0
117.0
124.0
141.0
178.0
219.0
220.0
190.0
147.0
128.0
122.0
115.0
131.0
150.0
205.0
227.0
216.0
163.0
137.0
129.0
126.0
126.0
144.0
184.0
226.0
231.0
198.0
157.0
136.0
127.0
133.0
128.0
152.0
209.0
231.0
221.0
186.0
146.0
132.0
129.0
131.0
143.0
176.0
217.0
228.0
208.0
161.0
138.0
127.0
125.0
129.0
148.0
194.0
233.0
235.0
197.0
158.0
142.0
137.0
130.0
141.0
156.0
211.0
239.0
235.0
188.0
153.0
136.0
138.0
140.0
143.0
173.0
227.0
238.0
228.0
181.0
142.0
137.0
139.0
136.0
150.0
192.0
230.0
242.0
208.0
159.0
141.0
129.0
131.0
143.0
143.0
195.0
237.0
239.0
197.0
153.0
136.0
126.0
133.0
139.0
157.0
204.0
244.0
234.0
195.0
158.0
137.0
133.0
130.0
144.0
170.0
216.0
239.0
226.0
188.0
144.0
137.0
130.0
141.0
149.0
189.0
238.0
239.0
213.0
177.0
142.0
134.0
134.0
137.0
151.0
194.0
239.0
239.0
208.0
168.0
144.0
138.0
134.0
145.0
155.0
195.0
236.0
240.0
200.0
155.0
125.0
129.0
129.0
134.0
163.0
204.0
231.0
225.0
188.0
149.0
136.0
128.0
137.0
137.0
170.0
224.0
239.0
226.0
182.0
148.0
132.0
132.0
141.0
147.0
189.0
237.0
239.0
212.0
174.0
149.0
137.0
138.0
144.0
159.0
197.0
236.0
242.0
213.0
168.0
144.0
140.0
143.0
138.0
161.0
206.0
238.0
244.0
203.0
168.0
147.0
141.0
136.0
144.0
169.0
220.0
247.0
232.0
199.0
152.0
150.0
142.0
151.0
155.0
188.0
228.0
252.0
242.0
198.0
169.0
152.0
154.0
150.0
156.0
190.0
236.0
258.0
248.0
206.0
158.0
152.0
145.0
155.0
161.0
184.0
229.0
252.0
247.0
217.0
174.0
156.0
148.0
147.0
148.0
166.0
221.0
249.0
258.0
218.0
182.0
160.0
148.0
149.0
155.0
169.0
211.0
252.0
257.0
234.0
195.0
159.0
157.0
148.0
159.0
166.0
203.0
246.0
255.0
242.0
199.0
165.0
148.0
151.0
150.0
150.0
182.0
228.0
254.0
246.0
216.0
175.0
157.0
148.0
147.0
150.0
162.0
207.0
244.0
250.0
234.0
197.0
169.0
160.0
156.0
160.0
163.0
181.0
219.0
245.0
260.0
223.0
190.0
160.0
152.0
145.0
151.0
158.0
196.0
236.0
257.0
244.0
210.0
173.0
151.0
141.0
159.0
141.0
151.0
193.0
235.0
248.0
219.0
179.0
150.0
139.0
141.0
143.0
153.0
165.0
216.0
244.0
237.0
207.0
171.0
156.0
144.0
142.0
144.0
152.0
181.0
226.0
246.0
233.0
197.0
161.0
144.0
145.0
138.0
145.0
170.0
213.0
242.0
246.0
225.0
179.0
149.0
150.0
147.0
146.0
148.0
192.0
235.0
251.0
232.0
191.0
154.0
144.0
148.0
142.0
146.0
174.0
221.0
251.0
244.0
212.0
176.0
163.0
150.0
152.0
158.0
160.0
201.0
237.0
254.0
246.0
205.0
168.0
154.0
154.0
152.0
155.0
166.0
205.0
236.0
247.0
226.0
194.0
160.0
147.0
140.0
146.0
155.0
168.0
218.0
245.0
251.0
223.0
191.0
158.0
153.0
152.0
155.0
156.0
171.0
214.0
248.0
249.0
239.0
196.0
160.0
153.0
151.0
154.0
155.0
170.0
210.0
243.0
257.0
241.0
200.0
166.0
155.0
152.0
144.0
164.0
174.0
211.0
249.0
253.0
230.0
196.0
155.0
152.0
146.0
156.0
158.0
179.0
220.0
248.0
248.0
229.0
182.0
164.0
154.0
156.0
157.0
165.0
192.0
233.0
248.0
246.0
206.0
178.0
159.0
148.0
144.0
155.0
158.0
210.0
249.0
258.0
235.0
195.0
157.0
155.0
153.0
148.0
160.0
179.0
225.0
250.0
253.0
221.0
184.0
160.0
153.0
152.0
154.0
161.0
190.0
238.0
259.0
248.0
207.0
176.0
162.0
153.0
145.0
151.0
165.0
192.0
240.0
252.0
249.0
214.0
174.0
159.0
150.0
150.0
153.0
162.0
201.0
241.0
254.0
247.0
205.0
170.0
160.0
149.0
149.0
164.0
179.0
222.0
254.0
256.0
222.0
186.0
155.0
153.0
155.0
161.0
177.0
213.0
253.0
262.0
230.0
193.0
160.0
161.0
160.0
160.0
173.0
211.0
248.0
260.0
233.0
196.0
165.0
153.0
160.0
164.0
182.0
229.0
271.0
262.0
228.0
188.0
163.0
154.0
156.0
163.0
186.0
242.0
256.0
250.0
206.0
170.0
163.0
152.0
165.0
176.0
208.0
258.0
268.0
235.0
188.0
161.0
152.0
152.0
167.0
183.0
231.0
268.0
256.0
214.0
175.0
166.0
162.0
164.0
182.0
202.0
258.0
266.0
248.0
209.0
175.0
164.0
165.0
161.0
176.0
230.0
263.0
269.0
225.0
192.0
170.0
160.0
167.0
167.0
198.0
247.0
266.0
270.0
219.0
177.0
169.0
168.0
168.0
177.0
229.0
271.0
275.0
238.0
195.0
167.0
165.0
160.0
178.0
199.0
252.0
275.0
252.0
210.0
183.0
169.0
164.0
178.0
182.0
224.0
267.0
275.0
237.0
199.0
176.0
166.0
172.0
172.0
194.0
239.0
268.0
267.0
223.0
187.0
178.0
174.0
176.0
181.0
219.0
264.0
275.0
253.0
209.0
180.0
172.0
166.0
175.0
186.0
237.0
271.0
276.0
238.0
198.0
180.0
176.0
174.0
176.0
203.0
251.0
274.0
268.0
229.0
194.0
183.0
182.0
176.0
191.0
222.0
272.0
286.0
261.0
230.0
198.0
186.0
181.0
187.0
190.0
228.0
281.0
282.0
266.0
215.0
200.0
186.0
186.0
187.0
204.0
258.0
286.0
277.0
240.0
204.0
190.0
187.0
189.0
198.0
227.0
272.0
294.0
277.0
236.0
208.0
188.0
186.0
192.0
201.0
248.0
290.0
298.0
271.0
227.0
201.0
193.0
191.0
202.0
211.0
257.0
298.0
296.0
267.0
225.0
209.0
201.0
201.0
208.0
228.0
276.0
303.0
292.0
256.0
217.0
205.0
200.0
201.0
208.0
251.0
297.0
312.0
299.0
260.0
225.0
213.0
204.0
206.0
215.0
256.0
298.0
318.0
298.0
257.0
223.0
214.0
203.0
209.0
214.0
248.0
301.0
315.0
301.0
262.0
231.0
214.0
215.0
214.0
217.0
258.0
304.0
322.0
297.0
265.0
233.0
219.0
213.0
219.0
228.0
272.0
313.0
320.0
298.0
252.0
229.0
215.0
218.0
225.0
236.0
275.0
319.0
326.0
299.0
258.0
229.0
227.0
222.0
222.0
233.0
281.0
315.0
323.0
296.0
253.0
232.0
229.0
227.0
228.0
245.0
289.0
329.0
324.0
299.0
256.0
234.0
223.0
224.0
236.0
256.0
302.0
326.0
329.0
283.0
252.0
231.0
225.0
229.0
240.0
269.0
314.0
329.0
320.0
283.0
256.0
234.0
232.0
234.0
239.0
266.0
308.0
338.0
334.0
294.0
260.0
236.0
235.0
235.0
239.0
261.0
307.0
332.0
334.0
293.0
256.0
245.0
239.0
235.0
243.0
256.0
304.0
340.0
336.0
296.0
258.0
241.0
237.0
231.0
234.0
262.0
316.0
334.0
329.0
285.0
250.0
239.0
230.0
228.0
251.0
273.0
308.0
331.0
325.0
286.0
247.0
242.0
236.0
239.0
248.0
283.0
336.0
343.0
318.0
279.0
253.0
234.0
230.0
241.0
250.0
295.0
337.0
333.0
306.0
266.0
241.0
238.0
235.0
247.0
276.0
317.0
338.0
323.0
281.0
245.0
239.0
238.0
240.0
247.0
289.0
330.0
339.0
307.0
260.0
250.0
239.0
234.0
240.0
258.0
311.0
340.0
334.0
297.0
256.0
239.0
238.0
239.0
239.0
272.0
318.0
344.0
331.0
288.0
253.0
244.0
239.0
235.0
248.0
296.0
333.0
349.0
312.0
271.0
251.0
235.0
239.0
240.0
272.0
321.0
342.0
338.0
294.0
254.0
240.0
237.0
240.0
249.0
299.0
345.0
343.0
313.0
266.0
248.0
238.0
243.0
244.0
276.0
322.0
343.0
330.0
291.0
258.0
239.0
232.0
237.0
253.0
299.0
336.0
340.0
312.0
267.0
246.0
241.0
239.0
244.0
264.0
311.0
344.0
331.0
294.0
256.0
242.0
229.0
233.0
247.0
284.0
329.0
342.0
320.0
277.0
248.0
239.0
234.0
238.0
251.0
301.0
340.0
341.0
300.0
260.0
238.0
225.0
231.0
242.0
270.0
321.0
343.0
323.0
287.0
244.0
236.0
227.0
231.0
240.0
287.0
331.0
342.0
308.0
266.0
239.0
227.0
228.0
231.0
260.0
304.0
335.0
325.0
286.0
250.0
237.0
229.0
225.0
236.0
279.0
321.0
336.0
308.0
268.0
240.0
231.0
226.0
224.0
248.0
291.0
328.0
327.0
296.0
251.0
230.0
234.0
227.0
229.0
262.0
307.0
328.0
327.0
277.0
237.0
230.0
219.0
224.0
238.0
275.0
317.0
335.0
314.0
259.0
241.0
223.0
223.0
226.0
238.0
284.0
321.0
331.0
307.0
257.0
231.0
226.0
223.0
227.0
239.0
283.0
318.0
334.0
309.0
261.0
230.0
226.0
220.0
219.0
234.0
286.0
320.0
333.0
306.0
256.0
229.0
216.0
221.0
222.0
236.0
284.0
330.0
325.0
296.0
263.0
231.0
225.0
213.0
220.0
234.0
284.0
324.0
328.0
302.0
252.0
228.0
218.0
221.0
224.0
233.0
290.0
325.0
328.0
293.0
246.0
230.0
223.0
214.0
217.0
246.0
298.0
331.0
323.0
288.0
242.0
226.0
219.0
215.0
219.0
249.0
298.0
329.0
318.0
283.0
233.0
216.0
214.0
222.0
227.0
251.0
299.0
324.0
311.0
267.0
230.0
224.0
212.0
212.0
229.0
266.0
309.0
323.0
304.0
260.0
231.0
222.0
215.0
215.0
217.0
270.0
311.0
323.0
302.0
260.0
228.0
219.0
208.0
220.0
227.0
268.0
316.0
321.0
296.0
249.0
222.0
215.0
211.0
218.0
226.0
278.0
316.0
319.0
289.0
245.0
224.0
208.0
211.0
209.0
237.0
284.0
315.0
317.0
283.0
235.0
222.0
212.0
212.0
216.0
238.0
289.0
315.0
315.0
272.0
229.0
213.0
208.0
210.0
214.0
251.0
300.0
323.0
303.0
257.0
220.0
209.0
209.0
213.0
219.0
272.0
303.0
319.0
286.0
242.0
214.0
203.0
207.0
215.0
238.0
292.0
315.0
310.0
268.0
225.0
209.0
209.0
204.0
222.0
256.0
304.0
317.0
299.0
246.0
214.0
211.0
200.0
204.0
225.0
274.0
308.0
309.0
266.0
230.0
213.0
207.0
199.0
213.0
260.0
302.0
313.0
286.0
242.0
218.0
207.0
204.0
208.0
220.0
270.0
311.0
310.0
272.0
237.0
203.0
206.0
200.0
208.0
226.0
282.0
313.0
303.0
267.0
225.0
205.0
199.0
205.0
211.0
241.0
289.0
315.0
293.0
254.0
212.0
204.0
201.0
202.0
221.0
264.0
304.0
313.0
273.0
231.0
212.0
204.0
202.0
202.0
218.0
275.0
303.0
301.0
269.0
220.0
208.0
198.0
198.0
208.0
236.0
291.0
310.0
295.0
257.0
214.0
207.0
201.0
197.0
209.0
244.0
291.0
309.0
285.0
245.0
207.0
206.0
201.0
199.0
207.0
257.0
305.0
308.0
273.0
240.0
208.0
202.0
194.0
205.0
218.0
272.0
303.0
301.0
260.0
219.0
203.0
200.0
196.0
202.0
231.0
281.0
307.0
292.0
253.0
214.0
201.0
203.0
196.0
206.0
237.0
282.0
305.0
290.0
252.0
214.0
202.0
192.0
201.0
202.0
236.0
285.0
301.0
293.0
257.0
210.0
197.0
196.0
200.0
200.0
236.0
286.0
302.0
288.0
242.0
207.0
200.0
195.0
192.0
204.0
243.0
286.0
305.0
286.0
235.0
204.0
202.0
187.0
206.0
210.0
245.0
290.0
304.0
280.0
244.0
201.0
196.0
193.0
197.0
210.0
246.0
288.0
303.0
284.0
243.0
201.0
195.0
191.0
189.0
208.0
239.0
292.0
295.0
274.0
241.0
205.0
199.0
194.0
197.0
202.0
239.0
279.0
294.0
277.0
235.0
202.0
193.0
196.0
193.0
201.0
244.0
282.0
298.0
278.0
233.0
207.0
192.0
187.0
198.0
210.0
246.0
288.0
295.0
265.0
224.0
204.0
192.0
195.0
191.0
210.0
247.0
290.0
295.0
263.0
219.0
198.0
198.0
196.0
192.0
209.0
256.0
289.0
300.0
263.0
226.0
203.0
193.0
193.0
195.0
214.0
260.0
286.0
288.0
263.0
216.0
204.0
192.0
197.0
200.0
216.0
271.0
288.0
285.0
244.0
205.0
201.0
189.0
192.0
200.0
236.0
282.0
291.0
278.0
233.0
206.0
191.0
186.0
199.0
204.0
258.0
294.0
286.0
258.0
212.0
196.0
192.0
197.0
198.0
221.0
274.0
295.0
280.0
239.0
207.0
190.0
186.0
191.0
206.0
240.0
282.0
289.0
267.0
222.0
195.0
195.0
193.0
195.0
212.0
258.0
291.0
292.0
250.0
214.0
200.0
194.0
186.0
194.0
214.0
266.0
291.0
283.0
247.0
216.0
193.0
189.0
192.0
193.0
228.0
267.0
286.0
284.0
247.0
203.0
188.0
191.0
192.0
200.0
231.0
280.0
294.0
267.0
232.0
205.0
185.0
193.0
188.0
202.0
245.0
286.0
293.0
269.0
229.0
199.0
195.0
190.0
185.0
203.0
249.0
285.0
286.0
258.0
216.0
199.0
191.0
189.0
198.0
214.0
264.0
292.0
283.0
251.0
206.0
191.0
188.0
187.0
200.0
234.0
281.0
292.0
265.0
227.0
201.0
192.0
186.0
188.0
202.0
255.0
286.0
286.0
248.0
209.0
197.0
188.0
184.0
198.0
215.0
265.0
290.0
283.0
246.0
204.0
196.0
185.0
191.0
194.0
235.0
279.0
291.0
274.0
231.0
204.0
194.0
186.0
188.0
199.0
247.0
291.0
289.0
258.0
219.0
203.0
192.0
190.0
193.0
219.0
261.0
291.0
276.0
245.0
198.0
196.0
187.0
184.0
196.0
234.0
285.0
283.0
259.0
216.0
201.0
188.0
182.0
197.0
214.0
261.0
285.0
279.0
240.0
209.0
186.0
188.0
181.0
197.0
230.0
282.0
286.0
265.0
224.0
199.0
189.0
183.0
187.0
206.0
260.0
293.0
273.0
233.0
199.0
183.0
181.0
182.0
202.0
239.0
288.0
284.0
258.0
224.0
186.0
189.0
187.0
185.0
212.0
258.0
289.0
282.0
239.0
203.0
190.0
178.0
190.0
200.0
224.0
269.0
288.0
271.0
232.0
201.0
189.0
185.0
188.0
197.0
249.0
283.0
287.0
250.0
209.0
192.0
186.0
182.0
191.0
218.0
264.0
290.0
278.0
243.0
196.0
195.0
183.0
188.0
188.0
229.0
272.0
287.0
268.0
223.0
194.0
185.0
188.0
189.0
198.0
244.0
289.0
288.0
252.0
212.0
187.0
188.0
192.0
161.0
216.0
265.0
278.0
282.0
243.0
199.0
187.0
180.0
185.0
198.0
240.0
283.0
284.0
260.0
214.0
191.0
181.0
186.0
184.0
205.0
252.0
288.0
279.0
251.0
198.0
192.0
184.0
187.0
189.0
221.0
274.0
282.0
267.0
229.0
189.0
184.0
183.0
178.0
199.0
240.0
284.0
278.0
250.0
206.0
186.0
188.0
184.0
193.0
214.0
265.0
283.0
275.0
230.0
195.0
184.0
184.0
178.0
197.0
236.0
280.0
282.0
247.0
213.0
182.0
182.0
186.0
192.0
213.0
259.0
286.0
272.0
230.0
196.0
185.0
181.0
184.0
199.0
237.0
283.0
277.0
252.0
206.0
188.0
183.0
184.0
185.0
222.0
273.0
284.0
266.0
223.0
195.0
184.0
182.0
181.0
206.0
253.0
282.0
274.0
233.0
197.0
188.0
181.0
184.0
196.0
234.0
282.0
279.0
252.0
207.0
188.0
183.0
180.0
192.0
222.0
265.0
287.0
265.0
223.0
196.0
182.0
182.0
181.0
202.0
242.0
284.0
284.0
256.0
207.0
190.0
189.0
183.0
186.0
214.0
268.0
278.0
266.0
229.0
190.0
185.0
179.0
183.0
192.0
232.0
275.0
283.0
256.0
207.0
186.0
177.0
179.0
187.0
209.0
256.0
284.0
271.0
241.0
200.0
181.0
179.0
182.0
191.0
232.0
275.0
283.0
265.0
214.0
187.0
179.0
175.0
180.0
200.0
241.0
281.0
275.0
248.0
206.0
192.0
184.0
175.0
182.0
217.0
266.0
279.0
272.0
231.0
192.0
178.0
182.0
184.0
191.0
234.0
277.0
279.0
247.0
197.0
179.0
175.0
182.0
181.0
218.0
270.0
288.0
257.0
216.0
183.0
174.0
180.0
183.0
195.0
249.0
277.0
278.0
241.0
196.0
182.0
178.0
175.0
187.0
219.0
272.0
284.0
239.0
212.0
187.0
178.0
176.0
186.0
209.0
257.0
281.0
264.0
224.0
192.0
176.0
180.0
178.0
191.0
244.0
275.0
273.0
230.0
187.0
177.0
171.0
177.0
192.0
239.0
274.0
282.0
239.0
200.0
184.0
175.0
181.0
193.0
232.0
279.0
277.0
244.0
197.0
177.0
175.0
174.0
188.0
211.0
256.0
277.0
262.0
215.0
184.0
178.0
177.0
176.0
194.0
247.0
278.0
275.0
234.0
192.0
184.0
177.0
175.0
185.0
217.0
267.0
280.0
264.0
221.0
188.0
178.0
170.0
174.0
183.0
225.0
273.0
277.0
242.0
202.0
182.0
179.0
178.0
183.0
207.0
247.0
277.0
259.0
229.0
187.0
174.0
176.0
182.0
183.0
231.0
270.0
276.0
246.0
208.0
182.0
179.0
170.0
182.0
201.0
250.0
265.0
274.0
233.0
195.0
177.0
179.0
173.0
194.0
222.0
265.0
278.0
257.0
217.0
189.0
187.0
176.0
184.0
195.0
230.0
277.0
287.0
260.0
220.0
189.0
183.0
178.0
188.0
202.0
244.0
282.0
284.0
262.0
221.0
196.0
191.0
184.0
198.0
214.0
262.0
294.0
283.0
247.0
209.0
194.0
191.0
192.0
203.0
238.0
282.0
299.0
281.0
234.0
204.0
190.0
192.0
202.0
209.0
260.0
299.0
293.0
255.0
217.0
202.0
198.0
202.0
210.0
245.0
291.0
298.0
279.0
235.0
212.0
203.0
199.0
202.0
231.0
280.0
300.0
296.0
249.0
219.0
200.0
204.0
204.0
212.0
262.0
295.0
306.0
278.0
227.0
213.0
201.0
204.0
207.0
222.0
274.0
304.0
299.0
258.0
223.0
200.0
204.0
204.0
211.0
251.0
290.0
306.0
282.0
240.0
215.0
204.0
201.0
205.0
223.0
266.0
307.0
302.0
272.0
231.0
211.0
204.0
204.0
206.0
243.0
289.0
309.0
290.0
254.0
216.0
212.0
205.0
209.0
210.0
263.0
303.0
309.0
280.0
235.0
209.0
205.0
208.0
213.0
237.0
283.0
313.0
302.0
257.0
221.0
211.0
204.0
205.0
219.0
268.0
300.0
287.0
272.0
228.0
212.0
201.0
200.0
216.0
247.0
299.0
309.0
297.0
254.0
219.0
203.0
206.0
202.0
213.0
268.0
302.0
302.0
270.0
225.0
207.0
207.0
208.0
218.0
256.0
294.0
312.0
283.0
246.0
219.0
206.0
209.0
205.0
228.0
277.0
311.0
301.0
252.0
222.0
208.0
208.0
209.0
222.0
271.0
307.0
303.0
265.0
228.0
210.0
205.0
201.0
216.0
254.0
290.0
312.0
286.0
244.0
209.0
210.0
202.0
210.0
229.0
276.0
304.0
300.0
266.0
219.0
206.0
202.0
203.0
213.0
248.0
293.0
305.0
289.0
245.0
219.0
201.0
206.0
213.0
236.0
286.0
307.0
295.0
251.0
220.0
205.0
203.0
207.0
216.0
270.0
302.0
298.0
265.0
226.0
210.0
204.0
203.0
211.0
258.0
295.0
306.0
274.0
230.0
213.0
203.0
206.0
213.0
242.0
296.0
307.0
280.0
238.0
216.0
209.0
202.0
211.0
238.0
280.0
308.0
293.0
247.0
211.0
210.0
208.0
201.0
221.0
268.0
299.0
306.0
262.0
225.0
205.0
204.0
196.0
214.0
239.0
296.0
306.0
288.0
239.0
213.0
206.0
207.0
203.0
223.0
276.0
305.0
307.0
262.0
219.0
203.0
204.0
200.0
211.0
244.0
289.0
309.0
285.0
244.0
209.0
206.0
206.0
204.0
225.0
280.0
295.0
291.0
245.0
210.0
205.0
195.0
206.0
216.0
268.0
297.0
299.0
258.0
219.0
203.0
199.0
203.0
210.0
248.0
298.0
309.0
280.0
235.0
204.0
201.0
205.0
207.0
226.0
274.0
300.0
295.0
251.0
218.0
201.0
195.0
196.0
208.0
264.0
297.0
303.0
264.0
225.0
205.0
195.0
198.0
206.0
239.0
291.0
307.0
286.0
237.0
207.0
197.0
198.0
200.0
219.0
264.0
291.0
299.0
253.0
217.0
200.0
194.0
198.0
212.0
242.0
295.0
298.0
280.0
225.0
209.0
201.0
199.0
203.0
219.0
266.0
300.0
293.0
247.0
208.0
196.0
193.0
200.0
206.0
246.0
288.0
304.0
273.0
228.0
205.0
198.0
191.0
198.0
225.0
274.0
302.0
286.0
242.0
205.0
197.0
198.0
201.0
212.0
251.0
296.0
293.0
264.0
224.0
204.0
201.0
192.0
206.0
229.0
284.0
300.0
280.0
234.0
211.0
200.0
198.0
202.0
212.0
262.0
295.0
297.0
261.0
226.0
202.0
195.0
198.0
203.0
226.0
271.0
295.0
283.0
242.0
209.0
200.0
199.0
195.0
206.0
245.0
288.0
294.0
265.0
228.0
203.0
198.0
195.0
196.0
219.0
267.0
296.0
286.0
247.0
214.0
198.0
188.0
190.0
204.0
234.0
275.0
291.0
280.0
234.0
197.0
193.0
185.0
195.0
200.0
245.0
284.0
287.0
262.0
224.0
202.0
188.0
192.0
199.0
212.0
263.0
288.0
288.0
250.0
206.0
197.0
187.0
198.0
203.0
234.0
278.0
292.0
279.0
239.0
205.0
193.0
189.0
197.0
200.0
240.0
279.0
293.0
256.0
217.0
196.0
190.0
185.0
198.0
220.0
271.0
292.0
279.0
240.0
207.0
190.0
188.0
184.0
199.0
230.0
271.0
283.0
271.0
223.0
198.0
193.0
188.0
187.0
210.0
249.0
280.0
290.0
258.0
215.0
198.0
193.0
188.0
192.0
214.0
270.0
290.0
284.0
244.0
198.0
193.0
189.0
183.0
197.0
243.0
286.0
281.0
257.0
217.0
199.0
183.0
183.0
194.0
220.0
266.0
286.0
279.0
243.0
205.0
186.0
179.0
185.0
191.0
227.0
275.0
290.0
273.0
228.0
197.0
193.0
186.0
192.0
203.0
239.0
280.0
291.0
259.0
216.0
190.0
201.0
193.0
197.0
207.0
260.0
286.0
280.0
238.0
194.0
189.0
184.0
185.0
192.0
219.0
271.0
287.0
267.0
230.0
200.0
188.0
185.0
187.0
193.0
233.0
279.0
284.0
264.0
221.0
196.0
183.0
184.0
190.0
202.0
249.0
290.0
288.0
247.0
210.0
188.0
184.0
180.0
184.0
216.0
266.0
278.0
268.0
236.0
196.0
190.0
183.0
181.0
193.0
227.0
267.0
290.0
264.0
229.0
194.0
186.0
187.0
191.0
200.0
249.0
285.0
287.0
256.0
219.0
196.0
187.0
189.0
187.0
218.0
266.0
295.0
278.0
246.0
209.0
195.0
190.0
190.0
202.0
236.0
285.0
298.0
272.0
238.0
210.0
201.0
198.0
200.0
213.0
262.0
292.0
298.0
266.0
221.0
207.0
197.0
202.0
198.0
220.0
269.0
296.0
291.0
259.0
224.0
207.0
195.0
202.0
206.0
234.0
286.0
304.0
288.0
244.0
211.0
208.0
200.0
198.0
207.0
249.0
298.0
300.0
279.0
237.0
206.0
203.0
200.0
205.0
217.0
270.0
305.0
305.0
276.0
239.0
208.0
208.0
203.0
211.0
229.0
290.0
308.0
305.0
265.0
224.0
207.0
199.0
202.0
212.0
238.0
298.0
320.0
310.0
265.0
236.0
216.0
210.0
207.0
218.0
251.0
299.0
308.0
296.0
266.0
225.0
211.0
206.0
206.0
223.0
260.0
306.0
316.0
292.0
257.0
221.0
215.0
215.0
208.0
220.0
258.0
302.0
322.0
299.0
253.0
228.0
211.0
211.0
212.0
223.0
274.0
315.0
311.0
281.0
242.0
220.0
222.0
216.0
221.0
241.0
290.0
320.0
319.0
281.0
240.0
220.0
216.0
214.0
226.0
239.0
286.0
311.0
316.0
268.0
229.0
224.0
214.0
212.0
214.0
256.0
303.0
322.0
301.0
257.0
223.0
216.0
218.0
217.0
238.0
274.0
315.0
321.0
285.0
249.0
225.0
219.0
216.0
225.0
241.0
283.0
315.0
319.0
284.0
246.0
224.0
217.0
217.0
223.0
234.0
288.0
313.0
320.0
280.0
247.0
223.0
219.0
212.0
222.0
230.0
289.0
316.0
314.0
283.0
245.0
223.0
215.0
217.0
221.0
236.0
290.0
319.0
315.0
270.0
234.0
215.0
217.0
215.0
224.0
256.0
304.0
316.0
299.0
256.0
223.0
217.0
216.0
215.0
229.0
269.0
307.0
312.0
291.0
252.0
267.0
224.0
215.0
222.0
235.0
279.0
312.0
309.0
274.0
232.0
225.0
215.0
215.0
216.0
247.0
293.0
311.0
312.0
260.0
231.0
212.0
214.0
219.0
223.0
259.0
306.0
320.0
294.0
244.0
222.0
217.0
210.0
218.0
235.0
276.0
310.0
315.0
280.0
232.0
214.0
206.0
211.0
221.0
248.0
298.0
318.0
303.0
261.0
228.0
209.0
201.0
216.0
218.0
264.0
306.0
316.0
295.0
253.0
222.0
216.0
206.0
215.0
230.0
274.0
307.0
314.0
275.0
242.0
221.0
212.0
213.0
212.0
238.0
292.0
308.0
306.0
263.0
226.0
212.0
213.0
207.0
218.0
267.0
307.0
309.0
290.0
245.0
216.0
209.0
212.0
211.0
240.0
284.0
307.0
303.0
253.0
220.0
213.0
213.0
214.0
227.0
276.0
307.0
305.0
274.0
231.0
216.0
211.0
213.0
218.0
251.0
301.0
307.0
296.0
251.0
217.0
207.0
208.0
213.0
226.0
266.0
305.0
310.0
284.0
239.0
211.0
210.0
208.0
214.0
231.0
279.0
311.0
301.0
267.0
227.0
210.0
206.0
206.0
216.0
249.0
292.0
306.0
303.0
252.0
220.0
209.0
202.0
205.0
217.0
263.0
300.0
304.0
282.0
242.0
217.0
206.0
203.0
205.0
227.0
277.0
303.0
309.0
262.0
226.0
214.0
201.0
208.0
215.0
251.0
294.0
302.0
284.0
244.0
214.0
207.0
205.0
209.0
226.0
270.0
307.0
304.0
264.0
222.0
204.0
199.0
207.0
216.0
252.0
300.0
312.0
274.0
235.0
215.0
205.0
205.0
211.0
238.0
288.0
309.0
289.0
243.0
214.0
204.0
198.0
206.0
216.0
270.0
302.0
299.0
266.0
220.0
210.0
216.0
205.0
214.0
241.0
290.0
303.0
285.0
243.0
212.0
207.0
202.0
205.0
218.0
267.0
299.0
297.0
265.0
223.0
210.0
206.0
205.0
204.0
231.0
277.0
299.0
297.0
251.0
215.0
206.0
197.0
200.0
210.0
248.0
295.0
306.0
278.0
247.0
215.0
206.0
203.0
197.0
217.0
263.0
303.0
304.0
263.0
228.0
202.0
200.0
203.0
200.0
236.0
280.0
306.0
289.0
245.0
213.0
199.0
198.0
195.0
208.0
256.0
297.0
299.0
271.0
231.0
197.0
199.0
193.0
204.0
215.0
266.0
300.0
298.0
254.0
212.0
198.0
194.0
194.0
199.0
226.0
276.0
291.0
288.0
235.0
204.0
195.0
198.0
202.0
212.0
250.0
293.0
306.0
275.0
230.0
202.0
199.0
198.0
201.0
216.0
272.0
295.0
286.0
254.0
216.0
202.0
196.0
198.0
200.0
236.0
280.0
301.0
277.0
232.0
206.0
195.0
194.0
202.0
222.0
268.0
292.0
296.0
253.0
208.0
199.0
186.0
192.0
207.0
237.0
281.0
300.0
272.0
236.0
204.0
194.0
189.0
194.0
220.0
268.0
293.0
284.0
251.0
210.0
194.0
197.0
200.0
209.0
250.0
290.0
298.0
252.0
214.0
204.0
191.0
194.0
195.0
227.0
279.0
299.0
277.0
236.0
206.0
197.0
193.0
194.0
210.0
259.0
289.0
287.0
243.0
206.0
198.0
194.0
192.0
198.0
242.0
281.0
288.0
264.0
225.0
195.0
190.0
190.0
196.0
214.0
261.0
291.0
282.0
245.0
202.0
189.0
189.0
188.0
202.0
253.0
288.0
288.0
249.0
214.0
192.0
188.0
188.0
200.0
234.0
280.0
295.0
270.0
227.0
203.0
185.0
188.0
200.0
212.0
266.0
290.0
290.0
242.0
204.0
193.0
192.0
192.0
199.0
239.0
278.0
286.0
256.0
222.0
198.0
195.0
190.0
196.0
220.0
274.0
286.0
281.0
232.0
205.0
187.0
191.0
193.0
198.0
247.0
288.0
288.0
247.0
208.0
195.0
187.0
184.0
193.0
226.0
276.0
288.0
276.0
232.0
196.0
191.0
186.0
192.0
202.0
245.0
280.0
290.0
247.0
211.0
193.0
188.0
184.0
190.0
222.0
265.0
282.0
268.0
228.0
198.0
184.0
187.0
187.0
204.0
257.0
286.0
279.0
242.0
202.0
190.0
184.0
189.0
195.0
237.0
282.0
280.0
246.0
208.0
192.0
180.0
185.0
195.0
231.0
274.0
284.0
258.0
222.0
197.0
183.0
180.0
191.0
215.0
266.0
284.0
267.0
225.0
196.0
185.0
183.0
191.0
200.0
253.0
281.0
279.0
236.0
194.0
187.0
184.0
182.0
196.0
242.0
276.0
288.0
250.0
205.0
189.0
183.0
183.0
195.0
230.0
275.0
288.0
264.0
222.0
189.0
182.0
179.0
185.0
205.0
249.0
282.0
283.0
237.0
200.0
186.0
178.0
179.0
189.0
234.0
280.0
288.0
257.0
213.0
187.0
181.0
176.0
182.0
207.0
254.0
279.0
267.0
234.0
190.0
182.0
186.0
178.0
197.0
233.0
276.0
279.0
250.0
206.0
192.0
184.0
178.0
182.0
203.0
256.0
282.0
276.0
242.0
199.0
184.0
183.0
180.0
182.0
220.0
268.0
281.0
265.0
225.0
186.0
185.0
179.0
184.0
190.0
242.0
280.0
272.0
245.0
202.0
183.0
178.0
181.0
183.0
210.0
266.0
279.0
262.0
220.0
190.0
183.0
174.0
185.0
196.0
243.0
277.0
275.0
241.0
206.0
184.0
182.0
179.0
184.0
216.0
266.0
276.0
268.0
221.0
192.0
176.0
179.0
183.0
192.0
229.0
274.0
276.0
243.0
205.0
188.0
174.0
180.0
184.0
198.0
247.0
278.0
272.0
236.0
196.0
184.0
181.0
186.0
192.0
220.0
263.0
282.0
265.0
219.0
180.0
172.0
181.0
180.0
190.0
244.0
278.0
276.0
238.0
193.0
172.0
172.0
172.0
183.0
217.0
265.0
280.0
261.0
221.0
187.0
171.0
172.0
175.0
194.0
245.0
273.0
274.0
230.0
192.0
175.0
168.0
166.0
184.0
225.0
272.0
277.0
254.0
211.0
180.0
174.0
169.0
177.0
199.0
246.0
277.0
275.0
235.0
185.0
180.0
170.0
169.0
177.0
219.0
267.0
273.0
253.0
205.0
178.0
171.0
171.0
179.0
196.0
253.0
271.0
264.0
221.0
189.0
177.0
171.0
173.0
189.0
229.0
270.0
272.0
246.0
203.0
181.0
173.0
175.0
174.0
201.0
251.0
274.0
262.0
220.0
178.0
172.0
173.0
174.0
182.0
228.0
270.0
270.0
243.0
194.0
181.0
170.0
169.0
179.0
203.0
247.0
271.0
257.0
216.0
179.0
174.0
170.0
177.0
183.0
238.0
265.0
259.0
237.0
187.0
177.0
171.0
172.0
178.0
215.0
256.0
272.0
248.0
201.0
179.0
170.0
173.0
172.0
196.0
246.0
274.0
261.0
216.0
179.0
173.0
164.0
177.0
188.0
231.0
269.0
272.0
231.0
184.0
170.0
165.0
169.0
177.0
209.0
259.0
267.0
249.0
205.0
176.0
167.0
167.0
168.0
198.0
252.0
272.0
256.0
222.0
181.0
173.0
164.0
172.0
181.0
222.0
264.0
266.0
233.0
191.0
169.0
164.0
166.0
176.0
211.0
256.0
267.0
245.0
202.0
170.0
172.0
164.0
171.0
198.0
249.0
266.0
252.0
201.0
176.0
173.0
168.0
171.0
190.0
246.0
270.0
264.0
225.0
176.0
171.0
166.0
178.0
176.0
223.0
258.0
270.0
233.0
187.0
171.0
161.0
168.0
178.0
207.0
256.0
266.0
235.0
199.0
173.0
168.0
168.0
173.0
202.0
248.0
256.0
259.0
218.0
175.0
169.0
164.0
168.0
186.0
228.0
260.0
267.0
232.0
184.0
168.0
164.0
168.0
174.0
213.0
263.0
267.0
241.0
195.0
171.0
162.0
162.0
173.0
188.0
243.0
268.0
253.0
218.0
171.0
169.0
161.0
164.0
184.0
217.0
257.0
268.0
229.0
190.0
177.0
164.0
165.0
176.0
210.0
260.0
271.0
248.0
202.0
178.0
165.0
169.0
166.0
187.0
236.0
267.0
264.0
209.0
175.0
170.0
162.0
158.0
174.0
214.0
261.0
270.0
247.0
202.0
176.0
166.0
161.0
160.0
184.0
231.0
264.0
266.0
229.0
181.0
174.0
158.0
169.0
167.0
208.0
250.0
263.0
241.0
200.0
178.0
166.0
167.0
167.0
184.0
232.0
265.0
262.0
226.0
181.0
169.0
157.0
164.0
173.0
212.0
256.0
263.0
237.0
200.0
170.0
159.0
164.0
166.0
183.0
235.0
270.0
261.0
218.0
183.0
164.0
163.0
163.0
179.0
219.0
261.0
265.0
231.0
190.0
170.0
167.0
160.0
169.0
199.0
251.0
264.0
250.0
198.0
170.0
167.0
164.0
165.0
182.0
228.0
259.0
260.0
224.0
180.0
167.0
160.0
166.0
172.0
204.0
249.0
272.0
239.0
200.0
178.0
167.0
155.0
164.0
178.0
223.0
256.0
256.0
222.0
184.0
168.0
158.0
161.0
162.0
204.0
248.0
261.0
250.0
205.0
173.0
159.0
162.0
167.0
181.0
228.0
268.0
254.0
222.0
176.0
164.0
162.0
163.0
170.0
206.0
248.0
259.0
235.0
195.0
169.0
158.0
163.0
161.0
187.0
230.0
261.0
254.0
212.0
174.0
165.0
164.0
165.0
172.0
213.0
259.0
264.0
233.0
189.0
164.0
162.0
162.0
171.0
189.0
241.0
258.0
254.0
215.0
180.0
163.0
164.0
161.0
178.0
212.0
253.0
261.0
238.0
198.0
165.0
161.0
157.0
162.0
181.0
237.0
260.0
258.0
218.0
184.0
168.0
155.0
161.0
171.0
212.0
247.0
268.0
238.0
194.0
172.0
163.0
161.0
161.0
157.0
234.0
261.0
252.0
220.0
182.0
166.0
160.0
157.0
175.0
216.0
249.0
266.0
231.0
188.0
198.0
158.0
158.0
166.0
194.0
241.0
261.0
256.0
206.0
174.0
163.0
163.0
161.0
171.0
211.0
250.0
261.0
242.0
192.0
178.0
162.0
160.0
160.0
175.0
228.0
257.0
256.0
218.0
181.0
165.0
160.0
161.0
171.0
189.0
245.0
267.0
247.0
197.0
171.0
162.0
164.0
163.0
174.0
227.0
261.0
256.0
213.0
177.0
164.0
157.0
162.0
170.0
208.0
253.0
265.0
230.0
193.0
168.0
160.0
155.0
170.0
186.0
228.0
258.0
251.0
208.0
178.0
162.0
153.0
159.0
174.0
216.0
256.0
268.0
235.0
191.0
165.0
153.0
154.0
164.0
186.0
251.0
262.0
250.0
211.0
173.0
160.0
155.0
162.0
171.0
220.0
252.0
260.0
224.0
178.0
162.0
161.0
163.0
163.0
203.0
250.0
264.0
240.0
200.0
166.0
160.0
163.0
156.0
176.0
230.0
256.0
253.0
215.0
175.0
164.0
162.0
165.0
164.0
212.0
256.0
255.0
231.0
190.0
163.0
156.0
157.0
162.0
180.0
237.0
257.0
256.0
216.0
179.0
162.0
156.0
159.0
172.0
212.0
251.0
258.0
225.0
186.0
162.0
156.0
153.0
168.0
193.0
242.0
270.0
244.0
195.0
172.0
154.0
158.0
164.0
174.0
229.0
261.0
253.0
209.0
180.0
160.0
152.0
166.0
167.0
212.0
259.0
258.0
229.0
193.0
161.0
155.0
158.0
165.0
190.0
240.0
269.0
252.0
215.0
167.0
155.0
157.0
160.0
170.0
213.0
256.0
259.0
228.0
191.0
161.0
157.0
156.0
164.0
186.0
248.0
262.0
252.0
208.0
170.0
161.0
152.0
157.0
171.0
217.0
250.0
257.0
227.0
186.0
162.0
160.0
164.0
172.0
193.0
247.0
262.0
247.0
202.0
171.0
161.0
159.0
168.0
177.0
217.0
260.0
253.0
222.0
180.0
168.0
159.0
161.0
157.0
200.0
244.0
260.0
236.0
200.0
162.0
159.0
160.0
167.0
180.0
232.0
255.0
251.0
209.0
172.0
162.0
157.0
154.0
168.0
207.0
249.0
258.0
238.0
192.0
170.0
158.0
161.0
161.0
181.0
230.0
260.0
254.0
209.0
168.0
155.0
152.0
160.0
177.0
212.0
256.0
254.0
229.0
185.0
162.0
155.0
162.0
160.0
185.0
230.0
263.0
245.0
200.0
164.0
158.0
158.0
162.0
165.0
213.0
257.0
259.0
221.0
188.0
160.0
155.0
161.0
165.0
195.0
243.0
251.0
247.0
196.0
162.0
159.0
165.0
157.0
173.0
214.0
254.0
256.0
220.0
177.0
162.0
159.0
153.0
162.0
198.0
243.0
262.0
236.0
193.0
164.0
159.0
158.0
155.0
170.0
221.0
250.0
260.0
226.0
182.0
161.0
151.0
158.0
164.0
192.0
245.0
257.0
237.0
193.0
166.0
153.0
160.0
163.0
173.0
226.0
254.0
253.0
207.0
168.0
160.0
162.0
162.0
168.0
210.0
252.0
261.0
225.0
178.0
162.0
156.0
160.0
157.0
187.0
233.0
254.0
243.0
202.0
169.0
164.0
152.0
156.0
173.0
215.0
245.0
258.0
224.0
182.0
160.0
154.0
154.0
164.0
186.0
230.0
254.0
243.0
194.0
169.0
156.0
156.0
157.0
169.0
216.0
256.0
258.0
219.0
179.0
161.0
154.0
156.0
160.0
198.0
239.0
254.0
244.0
194.0
161.0
158.0
150.0
160.0
169.0
213.0
256.0
249.0
221.0
186.0
161.0
155.0
158.0
162.0
187.0
228.0
256.0
247.0
206.0
170.0
157.0
151.0
160.0
168.0
191.0
245.0
254.0
242.0
197.0
170.0
155.0
156.0
157.0
170.0
219.0
256.0
256.0
220.0
175.0
157.0
152.0
156.0
165.0
194.0
244.0
254.0
239.0
200.0
164.0
160.0
160.0
162.0
172.0
232.0
261.0
253.0
213.0
173.0
158.0
151.0
156.0
167.0
208.0
250.0
253.0
226.0
188.0
163.0
160.0
155.0
162.0
194.0
235.0
259.0
241.0
198.0
155.0
154.0
155.0
158.0
172.0
224.0
251.0
243.0
208.0
169.0
160.0
152.0
160.0
163.0
214.0
253.0
248.0
212.0
174.0
157.0
154.0
156.0
167.0
204.0
249.0
256.0
213.0
182.0
155.0
150.0
157.0
167.0
206.0
249.0
256.0
218.0
180.0
158.0
151.0
155.0
157.0
196.0
243.0
257.0
230.0
187.0
156.0
152.0
153.0
160.0
189.0
235.0
256.0
237.0
189.0
157.0
156.0
149.0
153.0
180.0
231.0
256.0
234.0
200.0
160.0
155.0
156.0
161.0
168.0
230.0
258.0
247.0
204.0
167.0
158.0
152.0
156.0
178.0
227.0
256.0
243.0
200.0
168.0
153.0
153.0
163.0
170.0
227.0
256.0
241.0
197.0
165.0
152.0
154.0
161.0
173.0
233.0
257.0
235.0
198.0
168.0
152.0
150.0
154.0
175.0
231.0
254.0
240.0
200.0
163.0
153.0
154.0
155.0
171.0
214.0
251.0
244.0
213.0
168.0
155.0
157.0
153.0
164.0
209.0
250.0
252.0
219.0
172.0
154.0
150.0
155.0
160.0
204.0
252.0
250.0
222.0
179.0
155.0
146.0
147.0
161.0
198.0
243.0
256.0
225.0
180.0
154.0
153.0
151.0
158.0
193.0
230.0
251.0
229.0
192.0
161.0
146.0
152.0
160.0
184.0
231.0
251.0
235.0
189.0
161.0
151.0
140.0
159.0
178.0
227.0
250.0
240.0
198.0
166.0
155.0
150.0
152.0
174.0
219.0
246.0
249.0
202.0
172.0
152.0
154.0
157.0
166.0
214.0
257.0
252.0
211.0
170.0
155.0
153.0
149.0
161.0
205.0
248.0
251.0
213.0
168.0
158.0
148.0
154.0
164.0
210.0
239.0
254.0
230.0
176.0
159.0
153.0
147.0
164.0
173.0
235.0
251.0
239.0
190.0
165.0
152.0
149.0
160.0
171.0
222.0
247.0
240.0
203.0
165.0
153.0
144.0
152.0
158.0
197.0
246.0
246.0
218.0
175.0
156.0
154.0
149.0
159.0
186.0
233.0
256.0
232.0
195.0
156.0
150.0
147.0
152.0
169.0
220.0
250.0
237.0
198.0
168.0
149.0
149.0
153.0
166.0
221.0
252.0
253.0
207.0
161.0
153.0
144.0
153.0
168.0
218.0
246.0
250.0
204.0
163.0
156.0
150.0
158.0
165.0
210.0
251.0
247.0
203.0
164.0
154.0
151.0
153.0
163.0
208.0
242.0
249.0
210.0
164.0
157.0
149.0
151.0
166.0
200.0
242.0
253.0
211.0
169.0
154.0
145.0
155.0
158.0
198.0
243.0
252.0
219.0
179.0
155.0
144.0
154.0
157.0
190.0
241.0
256.0
228.0
175.0
163.0
151.0
155.0
155.0
185.0
239.0
256.0
233.0
187.0
160.0
152.0
149.0
150.0
178.0
227.0
252.0
231.0
187.0
158.0
155.0
149.0
152.0
173.0
220.0
252.0
245.0
197.0
158.0
150.0
153.0
152.0
163.0
216.0
250.0
245.0
203.0
167.0
152.0
144.0
154.0
158.0
209.0
240.0
248.0
221.0
169.0
152.0
150.0
146.0
157.0
198.0
243.0
251.0
217.0
175.0
144.0
147.0
146.0
157.0
200.0
239.0
249.0
220.0
170.0
150.0
147.0
149.0
155.0
198.0
244.0
251.0
216.0
167.0
152.0
147.0
151.0
155.0
191.0
237.0
254.0
219.0
180.0
154.0
145.0
147.0
152.0
192.0
232.0
252.0
220.0
190.0
157.0
145.0
148.0
153.0
176.0
228.0
253.0
239.0
194.0
154.0
146.0
149.0
153.0
160.0
209.0
249.0
243.0
205.0
166.0
155.0
149.0
146.0
161.0
201.0
243.0
250.0
217.0
184.0
151.0
146.0
149.0
154.0
181.0
229.0
248.0
236.0
196.0
163.0
152.0
142.0
153.0
164.0
219.0
243.0
241.0
201.0
156.0
152.0
142.0
152.0
160.0
198.0
245.0
251.0
222.0
172.0
145.0
143.0
147.0
154.0
191.0
237.0
243.0
220.0
178.0
153.0
146.0
146.0
153.0
173.0
226.0
248.0
234.0
193.0
162.0
147.0
147.0
145.0
170.0
208.0
245.0
249.0
212.0
166.0
153.0
148.0
149.0
152.0
190.0
241.0
255.0
217.0
178.0
152.0
143.0
142.0
153.0
189.0
237.0
245.0
228.0
183.0
157.0
149.0
152.0
150.0
170.0
220.0
251.0
238.0
201.0
157.0
149.0
142.0
149.0
158.0
203.0
238.0
251.0
224.0
170.0
156.0
142.0
146.0
150.0
174.0
227.0
248.0
241.0
200.0
163.0
152.0
146.0
149.0
157.0
194.0
238.0
251.0
227.0
182.0
156.0
147.0
148.0
148.0
172.0
217.0
241.0
247.0
200.0
168.0
155.0
141.0
141.0
157.0
191.0
236.0
245.0
229.0
189.0
161.0
148.0
136.0
150.0
164.0
206.0
248.0
245.0
199.0
168.0
153.0
147.0
152.0
148.0
191.0
241.0
243.0
228.0
184.0
154.0
148.0
143.0
154.0
168.0
223.0
251.0
229.0
191.0
153.0
143.0
140.0
151.0
165.0
210.0
242.0
241.0
204.0
168.0
155.0
142.0
145.0
155.0
185.0
233.0
249.0
228.0
182.0
149.0
143.0
143.0
150.0
171.0
215.0
244.0
238.0
201.0
164.0
148.0
150.0
150.0
153.0
194.0
241.0
247.0
215.0
179.0
149.0
152.0
150.0
153.0
165.0
212.0
244.0
238.0
204.0
160.0
154.0
141.0
151.0
153.0
192.0
234.0
248.0
221.0
185.0
162.0
145.0
147.0
152.0
159.0
215.0
243.0
246.0
208.0
171.0
151.0
140.0
147.0
153.0
184.0
229.0
244.0
235.0
186.0
157.0
148.0
145.0
151.0
155.0
209.0
253.0
245.0
209.0
166.0
147.0
145.0
148.0
158.0
185.0
234.0
245.0
214.0
181.0
154.0
148.0
142.0
147.0
170.0
209.0
249.0
242.0
202.0
161.0
150.0
148.0
147.0
155.0
192.0
237.0
242.0
219.0
180.0
153.0
143.0
152.0
147.0
167.0
218.0
246.0
236.0
196.0
157.0
152.0
150.0
144.0
160.0
201.0
240.0
244.0
203.0
165.0
152.0
146.0
146.0
155.0
187.0
238.0
242.0
227.0
184.0
153.0
145.0
142.0
151.0
168.0
221.0
246.0
236.0
194.0
162.0
149.0
147.0
149.0
162.0
207.0
243.0
244.0
203.0
158.0
149.0
152.0
150.0
160.0
199.0
242.0
247.0
218.0
181.0
155.0
145.0
146.0
154.0
176.0
221.0
241.0
231.0
200.0
163.0
144.0
153.0
152.0
159.0
206.0
243.0
245.0
208.0
168.0
154.0
144.0
146.0
157.0
193.0
236.0
242.0
219.0
176.0
150.0
144.0
141.0
153.0
181.0
231.0
246.0
233.0
179.0
158.0
147.0
148.0
155.0
171.0
210.0
249.0
246.0
199.0
157.0
147.0
141.0
144.0
162.0
196.0
237.0
246.0
218.0
179.0
150.0
150.0
150.0
158.0
176.0
224.0
249.0
237.0
191.0
164.0
154.0
148.0
155.0
159.0
213.0
246.0
248.0
206.0
168.0
155.0
149.0
153.0
157.0
190.0
235.0
247.0
227.0
182.0
159.0
149.0
147.0
155.0
165.0
228.0
248.0
242.0
195.0
157.0
150.0
146.0
150.0
160.0
205.0
226.0
248.0
216.0
178.0
147.0
147.0
146.0
156.0
182.0
233.0
245.0
238.0
192.0
162.0
148.0
145.0
155.0
167.0
205.0
244.0
251.0
209.0
175.0
157.0
150.0
148.0
158.0
184.0
228.0
250.0
235.0
197.0
156.0
154.0
144.0
152.0
162.0
210.0
246.0
241.0
215.0
171.0
148.0
152.0
151.0
154.0
183.0
233.0
247.0
232.0
189.0
155.0
150.0
151.0
145.0
158.0
205.0
237.0
254.0
223.0
179.0
158.0
147.0
145.0
153.0
175.0
216.0
250.0
248.0
202.0
163.0
147.0
148.0
148.0
153.0
199.0
233.0
250.0
226.0
185.0
152.0
150.0
147.0
154.0
164.0
208.0
249.0
247.0
208.0
163.0
153.0
152.0
150.0
152.0
190.0
228.0
245.0
232.0
185.0
161.0
145.0
150.0
154.0
173.0
226.0
249.0
231.0
195.0
158.0
155.0
148.0
152.0
160.0
207.0
245.0
241.0
207.0
165.0
148.0
149.0
151.0
150.0
192.0
239.0
243.0
229.0
182.0
152.0
154.0
144.0
156.0
170.0
218.0
249.0
233.0
199.0
156.0
150.0
144.0
152.0
161.0
201.0
244.0
251.0
218.0
168.0
150.0
145.0
146.0
147.0
185.0
228.0
254.0
227.0
186.0
161.0
148.0
147.0
150.0
159.0
204.0
240.0
248.0
207.0
174.0
150.0
143.0
146.0
151.0
181.0
236.0
246.0
225.0
191.0
156.0
148.0
143.0
151.0
168.0
217.0
248.0
248.0
206.0
163.0
149.0
148.0
150.0
157.0
179.0
230.0
256.0
232.0
188.0
157.0
148.0
142.0
155.0
163.0
194.0
242.0
243.0
218.0
176.0
149.0
151.0
141.0
154.0
174.0
225.0
240.0
231.0
195.0
160.0
152.0
150.0
149.0
155.0
207.0
239.0
248.0
213.0
172.0
153.0
145.0
150.0
152.0
182.0
232.0
250.0
237.0
196.0
159.0
142.0
140.0
146.0
160.0
192.0
240.0
248.0
226.0
182.0
155.0
149.0
138.0
146.0
162.0
204.0
245.0
242.0
217.0
169.0
151.0
147.0
140.0
156.0
180.0
228.0
248.0
234.0
194.0
158.0
144.0
149.0
149.0
162.0
201.0
239.0
246.0
216.0
168.0
153.0
139.0
148.0
148.0
185.0
232.0
246.0
225.0
188.0
153.0
151.0
141.0
150.0
165.0
217.0
241.0
240.0
200.0
160.0
150.0
140.0
142.0
159.0
201.0
245.0
246.0
205.0
161.0
147.0
145.0
147.0
151.0
197.0
236.0
248.0
212.0
167.0
149.0
148.0
151.0
154.0
183.0
233.0
244.0
228.0
177.0
155.0
140.0
143.0
151.0
172.0
222.0
247.0
242.0
194.0
162.0
148.0
149.0
151.0
157.0
189.0
235.0
253.0
232.0
184.0
157.0
147.0
148.0
148.0
162.0
210.0
246.0
245.0
202.0
166.0
152.0
140.0
149.0
159.0
190.0
236.0
256.0
226.0
184.0
158.0
151.0
149.0
152.0
165.0
218.0
247.0
242.0
201.0
163.0
158.0
143.0
148.0
157.0
198.0
243.0
249.0
219.0
179.0
152.0
149.0
148.0
149.0
167.0
223.0
238.0
245.0
206.0
161.0
156.0
147.0
148.0
158.0
195.0
238.0
251.0
230.0
178.0
155.0
144.0
145.0
158.0
164.0
212.0
242.0
244.0
207.0
174.0
144.0
147.0
148.0
150.0
185.0
230.0
251.0
225.0
189.0
153.0
148.0
148.0
150.0
158.0
200.0
239.0
247.0
216.0
177.0
154.0
146.0
140.0
154.0
177.0
224.0
246.0
236.0
207.0
165.0
153.0
143.0
152.0
152.0
197.0
238.0
245.0
223.0
186.0
151.0
145.0
147.0
144.0
167.0
212.0
242.0
240.0
204.0
164.0
158.0
141.0
152.0
150.0
184.0
227.0
246.0
231.0
194.0
157.0
150.0
148.0
145.0
159.0
201.0
239.0
245.0
216.0
181.0
155.0
143.0
140.0
151.0
176.0
223.0
242.0
234.0
200.0
165.0
150.0
144.0
145.0
149.0
192.0
241.0
246.0
227.0
185.0
157.0
148.0
139.0
144.0
154.0
212.0
242.0
243.0
209.0
163.0
148.0
146.0
144.0
149.0
168.0
226.0
245.0
233.0
198.0
156.0
151.0
145.0
145.0
155.0
187.0
235.0
244.0
233.0
192.0
154.0
149.0
143.0
144.0
158.0
198.0
236.0
245.0
221.0
181.0
155.0
147.0
139.0
147.0
160.0
206.0
235.0
236.0
213.0
173.0
153.0
139.0
137.0
148.0
169.0
213.0
245.0
237.0
203.0
167.0
141.0
138.0
149.0
149.0
182.0
226.0
242.0
231.0
190.0
153.0
148.0
146.0
149.0
155.0
194.0
240.0
242.0
215.0
178.0
152.0
142.0
140.0
153.0
163.0
209.0
246.0
239.0
202.0
165.0
149.0
145.0
147.0
156.0
184.0
235.0
240.0
218.0
185.0
151.0
141.0
147.0
150.0
163.0
214.0
238.0
243.0
192.0
166.0
148.0
144.0
152.0
155.0
195.0
234.0
246.0
217.0
176.0
154.0
142.0
149.0
144.0
164.0
223.0
241.0
237.0
192.0
155.0
146.0
145.0
146.0
152.0
200.0
243.0
246.0
213.0
170.0
151.0
140.0
147.0
153.0
183.0
234.0
248.0
233.0
183.0
156.0
149.0
146.0
143.0
158.0
204.0
244.0
236.0
202.0
162.0
148.0
144.0
147.0
154.0
184.0
238.0
247.0
218.0
171.0
152.0
144.0
143.0
149.0
176.0
228.0
247.0
223.0
180.0
157.0
141.0
141.0
147.0
158.0
211.0
250.0
238.0
198.0
154.0
145.0
138.0
148.0
158.0
190.0
238.0
240.0
209.0
163.0
144.0
138.0
136.0
150.0
181.0
229.0
245.0
225.0
185.0
155.0
145.0
142.0
141.0
162.0
210.0
240.0
239.0
195.0
163.0
141.0
138.0
140.0
150.0
191.0
232.0
246.0
224.0
173.0
153.0
142.0
147.0
138.0
162.0
218.0
246.0
237.0
192.0
159.0
145.0
145.0
147.0
158.0
183.0
238.0
242.0
213.0
179.0
156.0
149.0
144.0
145.0
168.0
223.0
247.0
229.0
195.0
159.0
144.0
144.0
144.0
152.0
191.0
233.0
239.0
214.0
176.0
153.0
143.0
146.0
144.0
160.0
215.0
248.0
233.0
199.0
154.0
140.0
142.0
144.0
154.0
190.0
232.0
244.0
219.0
179.0
154.0
140.0
143.0
149.0
167.0
210.0
241.0
238.0
194.0
157.0
148.0
144.0
148.0
155.0
194.0
238.0
242.0
216.0
170.0
151.0
143.0
136.0
145.0
171.0
219.0
244.0
233.0
195.0
152.0
148.0
141.0
146.0
153.0
199.0
233.0
240.0
213.0
172.0
150.0
146.0
148.0
149.0
175.0
225.0
247.0
232.0
190.0
163.0
157.0
142.0
142.0
155.0
192.0
233.0
240.0
208.0
176.0
152.0
143.0
144.0
147.0
172.0
221.0
244.0
235.0
190.0
158.0
139.0
138.0
138.0
153.0
198.0
237.0
244.0
208.0
163.0
139.0
134.0
137.0
144.0
184.0
229.0
251.0
226.0
182.0
146.0
141.0
141.0
145.0
157.0
207.0
240.0
234.0
199.0
154.0
147.0
140.0
148.0
152.0
185.0
236.0
248.0
222.0
179.0
144.0
144.0
140.0
144.0
160.0
213.0
246.0
237.0
200.0
155.0
146.0
142.0
134.0
146.0
185.0
236.0
250.0
223.0
183.0
151.0
136.0
139.0
142.0
156.0
207.0
238.0
238.0
203.0
158.0
148.0
136.0
142.0
147.0
181.0
229.0
252.0
223.0
184.0
149.0
143.0
134.0
147.0
161.0
217.0
246.0
234.0
198.0
156.0
140.0
144.0
142.0
150.0
198.0
244.0
248.0
210.0
163.0
145.0
144.0
142.0
152.0
187.0
233.0
245.0
230.0
181.0
146.0
144.0
140.0
145.0
165.0
226.0
243.0
237.0
195.0
151.0
146.0
142.0
138.0
156.0
206.0
242.0
243.0
206.0
156.0
149.0
142.0
146.0
155.0
192.0
239.0
248.0
218.0
176.0
149.0
141.0
138.0
151.0
176.0
226.0
246.0
238.0
184.0
148.0
143.0
140.0
142.0
161.0
217.0
252.0
241.0
192.0
154.0
150.0
137.0
144.0
155.0
205.0
243.0
243.0
206.0
163.0
149.0
143.0
144.0
150.0
189.0
242.0
247.0
223.0
188.0
148.0
145.0
141.0
146.0
158.0
206.0
244.0
241.0
203.0
169.0
149.0
138.0
138.0
149.0
186.0
237.0
249.0
229.0
190.0
151.0
148.0
146.0
144.0
171.0
218.0
246.0
235.0
203.0
159.0
139.0
134.0
146.0
158.0
205.0
242.0
243.0
207.0
171.0
150.0
138.0
139.0
152.0
180.0
235.0
256.0
232.0
189.0
149.0
147.0
143.0
140.0
155.0
206.0
247.0
248.0
211.0
166.0
143.0
141.0
139.0
152.0
180.0
231.0
252.0
236.0
186.0
154.0
145.0
144.0
145.0
156.0
205.0
246.0
249.0
215.0
175.0
146.0
144.0
135.0
148.0
173.0
219.0
248.0
240.0
201.0
159.0
145.0
140.0
138.0
155.0
195.0
248.0
257.0
222.0
173.0
153.0
148.0
137.0
149.0
166.0
220.0
261.0
240.0
190.0
154.0
149.0
148.0
143.0
158.0
203.0
247.0
253.0
217.0
167.0
153.0
138.0
147.0
153.0
186.0
240.0
245.0
232.0
185.0
157.0
144.0
145.0
149.0
162.0
212.0
245.0
249.0
207.0
165.0
152.0
146.0
142.0
147.0
177.0
229.0
251.0
240.0
196.0
154.0
145.0
146.0
140.0
150.0
192.0
242.0
254.0
230.0
179.0
153.0
154.0
146.0
148.0
164.0
210.0
243.0
247.0
214.0
173.0
152.0
144.0
150.0
158.0
174.0
223.0
244.0
239.0
200.0
157.0
148.0
146.0
151.0
161.0
196.0
242.0
246.0
216.0
179.0
153.0
145.0
142.0
147.0
171.0
219.0
241.0
242.0
205.0
163.0
146.0
142.0
149.0
152.0
188.0
236.0
248.0
234.0
188.0
152.0
151.0
141.0
148.0
163.0
215.0
257.0
249.0
214.0
166.0
145.0
144.0
145.0
147.0
176.0
222.0
247.0
233.0
194.0
160.0
147.0
148.0
148.0
155.0
198.0
234.0
249.0
220.0
179.0
145.0
138.0
147.0
148.0
168.0
210.0
240.0
245.0
210.0
171.0
158.0
154.0
147.0
148.0
174.0
231.0
251.0
246.0
198.0
160.0
146.0
145.0
147.0
154.0
197.0
239.0
254.0
222.0
177.0
146.0
144.0
141.0
144.0
162.0
208.0
253.0
249.0
211.0
172.0
147.0
142.0
142.0
143.0
176.0
219.0
252.0
236.0
199.0
162.0
144.0
144.0
146.0
149.0
190.0
241.0
252.0
223.0
183.0
148.0
143.0
140.0
145.0
163.0
207.0
247.0
248.0
208.0
174.0
149.0
147.0
141.0
149.0
179.0
225.0
251.0
238.0
198.0
158.0
151.0
144.0
144.0
152.0
205.0
248.0
250.0
213.0
170.0
153.0
138.0
146.0
153.0
183.0
228.0
254.0
232.0
187.0
160.0
145.0
138.0
145.0
152.0
200.0
243.0
246.0
225.0
177.0
149.0
140.0
144.0
149.0
160.0
212.0
246.0
250.0
212.0
165.0
146.0
142.0
147.0
148.0
178.0
233.0
252.0
239.0
199.0
160.0
139.0
139.0
144.0
148.0
206.0
242.0
245.0
218.0
170.0
151.0
146.0
136.0
149.0
168.0
226.0
251.0
243.0
194.0
153.0
149.0
136.0
145.0
158.0
206.0
246.0
246.0
214.0
169.0
150.0
142.0
142.0
151.0
184.0
235.0
255.0
226.0
182.0
148.0
148.0
143.0
146.0
173.0
227.0
245.0
239.0
191.0
155.0
147.0
144.0
142.0
154.0
209.0
242.0
245.0
210.0
163.0
146.0
145.0
145.0
159.0
201.0
243.0
253.0
221.0
175.0
152.0
138.0
146.0
154.0
182.0
227.0
245.0
225.0
185.0
152.0
147.0
146.0
151.0
172.0
220.0
244.0
235.0
192.0
155.0
148.0
141.0
149.0
156.0
204.0
246.0
242.0
208.0
166.0
150.0
147.0
141.0
155.0
182.0
232.0
245.0
220.0
171.0
151.0
144.0
141.0
146.0
176.0
225.0
246.0
236.0
186.0
156.0
142.0
139.0
143.0
153.0
206.0
241.0
247.0
212.0
165.0
143.0
147.0
147.0
153.0
188.0
227.0
241.0
214.0
177.0
151.0
144.0
145.0
147.0
166.0
221.0
237.0
237.0
192.0
161.0
149.0
139.0
147.0
150.0
186.0
234.0
244.0
221.0
180.0
159.0
146.0
142.0
148.0
161.0
201.0
244.0
242.0
210.0
164.0
153.0
149.0
143.0
150.0
177.0
226.0
246.0
223.0
187.0
154.0
141.0
140.0
147.0
164.0
208.0
245.0
240.0
200.0
165.0
152.0
145.0
139.0
153.0
182.0
232.0
248.0
218.0
177.0
146.0
146.0
139.0
147.0
168.0
219.0
241.0
234.0
178.0
152.0
150.0
147.0
147.0
151.0
208.0
237.0
246.0
207.0
160.0
145.0
139.0
146.0
153.0
191.0
232.0
244.0
215.0
176.0
152.0
142.0
138.0
145.0
173.0
222.0
241.0
239.0
189.0
154.0
144.0
136.0
139.0
153.0
195.0
237.0
243.0
212.0
169.0
147.0
143.0
141.0
149.0
173.0
226.0
243.0
232.0
186.0
157.0
146.0
137.0
143.0
156.0
197.0
239.0
245.0
212.0
171.0
145.0
142.0
147.0
150.0
170.0
231.0
245.0
226.0
188.0
155.0
146.0
142.0
142.0
154.0
202.0
244.0
235.0
205.0
166.0
143.0
141.0
146.0
149.0
178.0
227.0
243.0
228.0
182.0
153.0
146.0
141.0
151.0
158.0
201.0
234.0
242.0
206.0
164.0
144.0
137.0
139.0
148.0
177.0
223.0
243.0
224.0
180.0
155.0
140.0
142.0
145.0
161.0
204.0
243.0
241.0
198.0
156.0
146.0
136.0
144.0
153.0
184.0
236.0
249.0
217.0
175.0
147.0
139.0
140.0
142.0
162.0
217.0
247.0
236.0
194.0
160.0
140.0
139.0
143.0
154.0
202.0
239.0
243.0
205.0
165.0
147.0
138.0
142.0
146.0
177.0
236.0
241.0
220.0
178.0
148.0
135.0
142.0
141.0
166.0
222.0
242.0
236.0
195.0
156.0
144.0
140.0
145.0
161.0
210.0
244.0
231.0
192.0
153.0
144.0
135.0
140.0
153.0
189.0
233.0
235.0
204.0
162.0
144.0
142.0
144.0
148.0
178.0
221.0
243.0
229.0
181.0
152.0
139.0
138.0
140.0
164.0
216.0
236.0
225.0
193.0
156.0
142.0
139.0
145.0
155.0
205.0
236.0
235.0
196.0
155.0
137.0
134.0
144.0
156.0
201.0
232.0
243.0
201.0
158.0
145.0
141.0
131.0
148.0
193.0
235.0
242.0
208.0
169.0
145.0
143.0
136.0
149.0
172.0
228.0
239.0
224.0
172.0
148.0
140.0
137.0
148.0
171.0
221.0
242.0
229.0
182.0
146.0
141.0
141.0
146.0
167.0
213.0
240.0
222.0
186.0
156.0
140.0
138.0
145.0
161.0
214.0
239.0
231.0
192.0
155.0
139.0
141.0
146.0
154.0
211.0
240.0
232.0
193.0
154.0
142.0
134.0
146.0
151.0
200.0
234.0
241.0
201.0
153.0
144.0
138.0
146.0
153.0
196.0
230.0
235.0
199.0
159.0
141.0
144.0
140.0
153.0
186.0
230.0
239.0
216.0
171.0
144.0
135.0
139.0
144.0
180.0
227.0
237.0
216.0
180.0
150.0
121.0
140.0
141.0
156.0
210.0
240.0
233.0
194.0
150.0
144.0
136.0
134.0
153.0
190.0
231.0
238.0
212.0
167.0
147.0
141.0
138.0
148.0
172.0
222.0
245.0
217.0
179.0
152.0
143.0
135.0
150.0
163.0
218.0
243.0
230.0
182.0
155.0
142.0
139.0
139.0
160.0
216.0
240.0
235.0
189.0
154.0
141.0
139.0
146.0
155.0
197.0
234.0
229.0
197.0
161.0
139.0
138.0
145.0
148.0
194.0
233.0
237.0
199.0
161.0
143.0
136.0
137.0
149.0
184.0
228.0
245.0
203.0
159.0
140.0
133.0
139.0
152.0
181.0
224.0
239.0
214.0
173.0
148.0
139.0
146.0
145.0
177.0
227.0
246.0
222.0
179.0
151.0
134.0
139.0
142.0
173.0
219.0
238.0
222.0
179.0
147.0
142.0
140.0
146.0
169.0
213.0
239.0
218.0
180.0
145.0
140.0
139.0
148.0
172.0
215.0
235.0
222.0
175.0
144.0
136.0
134.0
145.0
162.0
212.0
234.0
227.0
185.0
149.0
136.0
138.0
140.0
152.0
202.0
237.0
238.0
192.0
149.0
143.0
138.0
136.0
146.0
197.0
238.0
241.0
204.0
158.0
144.0
143.0
137.0
148.0
193.0
231.0
242.0
207.0
161.0
141.0
136.0
133.0
151.0
191.0
236.0
237.0
209.0
160.0
143.0
137.0
142.0
146.0
190.0
230.0
239.0
207.0
160.0
143.0
134.0
144.0
152.0
186.0
238.0
237.0
201.0
162.0
139.0
137.0
136.0
145.0
182.0
234.0
234.0
204.0
169.0
140.0
135.0
135.0
145.0
172.0
229.0
237.0
218.0
174.0
143.0
142.0
139.0
136.0
172.0
217.0
244.0
219.0
176.0
147.0
133.0
138.0
137.0
151.0
198.0
231.0
232.0
194.0
161.0
136.0
140.0
133.0
143.0
180.0
235.0
243.0
217.0
173.0
151.0
141.0
139.0
148.0
165.0
215.0
244.0
228.0
184.0
149.0
142.0
140.0
146.0
156.0
206.0
237.0
233.0
187.0
152.0
144.0
135.0
137.0
146.0
183.0
230.0
238.0
214.0
165.0
144.0
138.0
133.0
141.0
162.0
218.0
243.0
226.0
180.0
148.0
134.0
136.0
140.0
152.0
201.0
238.0
242.0
192.0
149.0
144.0
136.0
128.0
157.0
194.0
227.0
238.0
210.0
163.0
141.0
128.0
135.0
138.0
168.0
218.0
231.0
216.0
184.0
147.0
138.0
137.0
139.0
154.0
196.0
237.0
237.0
198.0
152.0
140.0
138.0
132.0
141.0
199.0
246.0
247.0
192.0
157.0
135.0
131.0
128.0
147.0
181.0
230.0
222.0
210.0
166.0
142.0
139.0
137.0
109.0
339.0
500.0
366.0
358.0
303.0
268.0
264.0
259.0
271.0
284.0
340.0
364.0
365.0
316.0
275.0
259.0
265.0
267.0
283.0
336.0
369.0
367.0
320.0
275.0
265.0
154.0
290.0
164.0
206.0
240.0
234.0
185.0
152.0
136.0
138.0
144.0
150.0
189.0
235.0
236.0
192.0
153.0
135.0
139.0
130.0
146.0
189.0
228.0
236.0
200.0
158.0
141.0
139.0
140.0
144.0
188.0
233.0
235.0
203.0
157.0
144.0
134.0
134.0
149.0
181.0
228.0
238.0
201.0
166.0
144.0
133.0
142.0
144.0
162.0
216.0
245.0
233.0
191.0
160.0
138.0
141.0
153.0
166.0
222.0
250.0
242.0
196.0
166.0
155.0
143.0
154.0
175.0
216.0
252.0
247.0
201.0
164.0
158.0
147.0
149.0
158.0
195.0
245.0
250.0
216.0
179.0
161.0
150.0
147.0
160.0
196.0
235.0
242.0
233.0
183.0
140.0
151.0
141.0
153.0
178.0
226.0
246.0
238.0
195.0
156.0
154.0
149.0
155.0
167.0
213.0
241.0
244.0
207.0
166.0
149.0
140.0
152.0
162.0
202.0
243.0
241.0
218.0
168.0
154.0
144.0
152.0
165.0
194.0
240.0
242.0
225.0
180.0
164.0
142.0
146.0
161.0
181.0
233.0
252.0
235.0
197.0
164.0
229.0
236.0
234.0
239.0
275.0
305.0
311.0
264.0
224.0
202.0
196.0
195.0
206.0
236.0
294.0
309.0
273.0
233.0
207.0
192.0
182.0
185.0
202.0
257.0
283.0
281.0
241.0
198.0
184.0
185.0
186.0
195.0
240.0
288.0
286.0
250.0
207.0
189.0
183.0
185.0
189.0
228.0
280.0
294.0
264.0
218.0
186.0
187.0
174.0
188.0
220.0
270.0
291.0
262.0
224.0
192.0
184.0
184.0
193.0
216.0
268.0
283.0
266.0
227.0
191.0
183.0
184.0
182.0
216.0
273.0
291.0
275.0
226.0
188.0
179.0
177.0
182.0
222.0
272.0
292.0
274.0
223.0
196.0
185.0
185.0
188.0
219.0
275.0
292.0
275.0
226.0
190.0
185.0
186.0
191.0
215.0
276.0
290.0
270.0
216.0
186.0
181.0
183.0
191.0
213.0
268.0
284.0
266.0
226.0
192.0
179.0
184.0
182.0
205.0
263.0
298.0
272.0
222.0
192.0
182.0
176.0
181.0
208.0
268.0
286.0
280.0
223.0
187.0
180.0
178.0
184.0
214.0
266.0
285.0
269.0
226.0
188.0
177.0
180.0
188.0
213.0
268.0
291.0
266.0
217.0
182.0
174.0
179.0
180.0
215.0
270.0
286.0
266.0
222.0
188.0
180.0
175.0
184.0
202.0
256.0
283.0
276.0
232.0
194.0
184.0
175.0
178.0
195.0
248.0
285.0
274.0
230.0
192.0
185.0
175.0
180.0
189.0
235.0
277.0
285.0
241.0
205.0
178.0
175.0
181.0
186.0
219.0
271.0
282.0
257.0
214.0
181.0
178.0
174.0
186.0
211.0
272.0
285.0
268.0
226.0
188.0
177.0
180.0
176.0
194.0
239.0
279.0
280.0
246.0
201.0
182.0
175.0
177.0
182.0
221.0
268.0
276.0
257.0
207.0
184.0
179.0
177.0
185.0
204.0
259.0
281.0
269.0
220.0
192.0
182.0
169.0
183.0
197.0
246.0
282.0
279.0
230.0
197.0
170.0
176.0
175.0
194.0
234.0
283.0
279.0
234.0
198.0
176.0
172.0
177.0
186.0
226.0
270.0
283.0
259.0
209.0
185.0
178.0
177.0
181.0
213.0
265.0
281.0
258.0
214.0
187.0
178.0
178.0
179.0
205.0
256.0
282.0
266.0
223.0
186.0
173.0
176.0
182.0
198.0
255.0
279.0
265.0
227.0
183.0
180.0
175.0
179.0
194.0
251.0
284.0
276.0
234.0
188.0
169.0
175.0
180.0
189.0
238.0
277.0
276.0
240.0
189.0
182.0
173.0
176.0
192.0
234.0
275.0
279.0
242.0
198.0
182.0
169.0
179.0
182.0
230.0
275.0
284.0
253.0
210.0
187.0
175.0
174.0
183.0
215.0
262.0
288.0
263.0
218.0
181.0
173.0
171.0
179.0
197.0
250.0
280.0
280.0
231.0
183.0
177.0
179.0
173.0
189.0
242.0
280.0
280.0
236.0
190.0
178.0
173.0
167.0
188.0
238.0
275.0
279.0
246.0
200.0
183.0
178.0
177.0
187.0
223.0
277.0
284.0
244.0
202.0
180.0
173.0
176.0
178.0
224.0
273.0
289.0
244.0
200.0
181.0
170.0
172.0
177.0
226.0
273.0
276.0
242.0
202.0
177.0
175.0
170.0
188.0
221.0
273.0
282.0
238.0
200.0
182.0
170.0
172.0
178.0
225.0
268.0
277.0
237.0
194.0
176.0
172.0
172.0
183.0
226.0
272.0
270.0
246.0
203.0
179.0
172.0
172.0
172.0
212.0
260.0
277.0
249.0
202.0
182.0
176.0
177.0
177.0
217.0
265.0
279.0
246.0
205.0
177.0
170.0
171.0
177.0
217.0
261.0
278.0
249.0
204.0
178.0
168.0
171.0
180.0
212.0
267.0
283.0
248.0
202.0
180.0
169.0
176.0
181.0
213.0
265.0
283.0
256.0
216.0
178.0
173.0
174.0
177.0
210.0
262.0
277.0
256.0
207.0
179.0
168.0
171.0
174.0
215.0
260.0
274.0
245.0
195.0
173.0
169.0
174.0
174.0
218.0
267.0
278.0
238.0
198.0
176.0
169.0
171.0
180.0
218.0
272.0
280.0
246.0
198.0
176.0
164.0
171.0
178.0
212.0
264.0
276.0
248.0
200.0
184.0
164.0
168.0
175.0
203.0
253.0
274.0
260.0
215.0
173.0
169.0
172.0
171.0
194.0
254.0
272.0
256.0
215.0
182.0
173.0
168.0
167.0
192.0
248.0
273.0
263.0
218.0
177.0
171.0
159.0
171.0
182.0
234.0
272.0
275.0
232.0
191.0
174.0
170.0
170.0
180.0
225.0
268.0
273.0
240.0
198.0
172.0
166.0
168.0
174.0
204.0
263.0
275.0
249.0
209.0
184.0
168.0
165.0
169.0
193.0
245.0
272.0
265.0
226.0
178.0
165.0
170.0
167.0
185.0
230.0
272.0
267.0
222.0
184.0
171.0
161.0
172.0
184.0
239.0
269.0
264.0
240.0
187.0
171.0
166.0
170.0
178.0
223.0
270.0
272.0
228.0
190.0
168.0
166.0
177.0
177.0
224.0
265.0
273.0
238.0
197.0
172.0
169.0
164.0
177.0
216.0
264.0
273.0
242.0
194.0
175.0
168.0
168.0
172.0
205.0
255.0
272.0
254.0
204.0
177.0
172.0
170.0
169.0
181.0
242.0
271.0
266.0
225.0
190.0
171.0
166.0
173.0
178.0
215.0
259.0
271.0
253.0
206.0
180.0
168.0
165.0
173.0
186.0
241.0
274.0
263.0
219.0
182.0
167.0
163.0
170.0
181.0
222.0
268.0
272.0
242.0
190.0
169.0
172.0
170.0
174.0
205.0
257.0
283.0
262.0
215.0
177.0
171.0
165.0
171.0
193.0
243.0
266.0
264.0
225.0
186.0
171.0
175.0
176.0
186.0
225.0
264.0
262.0
228.0
191.0
173.0
168.0
165.0
179.0
218.0
261.0
272.0
236.0
193.0
179.0
170.0
168.0
175.0
218.0
262.0
270.0
243.0
201.0
160.0
162.0
155.0
164.0
197.0
258.0
274.0
246.0
194.0
167.0
160.0
162.0
169.0
195.0
250.0
270.0
252.0
213.0
177.0
160.0
158.0
161.0
180.0
238.0
268.0
264.0
220.0
182.0
168.0
164.0
167.0
170.0
232.0
267.0
306.0
281.0
207.0
163.0
161.0
161.0
167.0
213.0
261.0
273.0
211.0
165.0
148.0
132.0
136.0
147.0
175.0
223.0
241.0
228.0
185.0
148.0
142.0
143.0
140.0
157.0
209.0
240.0
247.0
198.0
158.0
142.0
143.0
139.0
148.0
198.0
236.0
246.0
225.0
173.0
153.0
144.0
146.0
146.0
175.0
241.0
256.0
225.0
183.0
147.0
147.0
139.0
151.0
174.0
227.0
252.0
230.0
189.0
157.0
146.0
137.0
144.0
174.0
224.0
254.0
238.0
199.0
162.0
152.0
148.0
155.0
170.0
222.0
254.0
242.0
195.0
159.0
145.0
147.0
153.0
174.0
223.0
258.0
243.0
196.0
156.0
147.0
142.0
146.0
163.0
224.0
249.0
248.0
193.0
166.0
142.0
143.0
152.0
166.0
222.0
248.0
238.0
200.0
164.0
154.0
148.0
157.0
167.0
224.0
256.0
251.0
197.0
162.0
150.0
142.0
152.0
162.0
223.0
248.0
249.0
201.0
157.0
143.0
148.0
152.0
164.0
213.0
252.0
253.0
206.0
163.0
147.0
140.0
150.0
174.0
204.0
253.0
256.0
215.0
180.0
156.0
149.0
154.0
156.0
197.0
242.0
250.0
229.0
185.0
152.0
146.0
144.0
154.0
167.0
224.0
250.0
247.0
194.0
161.0
149.0
141.0
151.0
167.0
214.0
247.0
258.0
207.0
166.0
153.0
145.0
152.0
159.0
198.0
247.0
256.0
226.0
177.0
156.0
144.0
147.0
147.0
179.0
233.0
257.0
231.0
191.0
160.0
149.0
150.0
159.0
175.0
227.0
250.0
249.0
205.0
165.0
152.0
149.0
152.0
163.0
210.0
242.0
247.0
206.0
163.0
156.0
142.0
145.0
160.0
186.0
240.0
245.0
218.0
183.0
153.0
150.0
146.0
153.0
186.0
233.0
247.0
229.0
186.0
154.0
147.0
142.0
159.0
181.0
232.0
251.0
233.0
182.0
160.0
151.0
144.0
150.0
178.0
233.0
245.0
238.0
189.0
152.0
156.0
146.0
152.0
164.0
222.0
251.0
238.0
204.0
155.0
148.0
144.0
154.0
162.0
217.0
252.0
247.0
202.0
158.0
149.0
145.0
147.0
158.0
203.0
246.0
247.0
218.0
175.0
153.0
152.0
143.0
150.0
194.0
241.0
257.0
218.0
174.0
155.0
149.0
144.0
156.0
179.0
238.0
253.0
231.0
181.0
162.0
148.0
149.0
154.0
194.0
233.0
253.0
235.0
190.0
161.0
149.0
149.0
151.0
172.0
226.0
252.0
242.0
189.0
163.0
153.0
143.0
152.0
163.0
222.0
254.0
260.0
198.0
165.0
153.0
151.0
171.0
184.0
231.0
249.0
246.0
199.0
162.0
148.0
148.0
150.0
169.0
234.0
254.0
257.0
207.0
152.0
141.0
135.0
138.0
167.0
229.0
265.0
260.0
227.0
194.0
183.0
190.0
182.0
186.0
241.0
273.0
275.0
249.0
228.0
215.0
206.0
209.0
222.0
323.0
351.0
337.0
303.0
262.0
250.0
246.0
252.0
252.0
299.0
334.0
324.0
285.0
248.0
248.0
240.0
236.0
254.0
294.0
327.0
323.0
292.0
241.0
232.0
231.0
232.0
241.0
290.0
329.0
332.0
297.0
250.0
236.0
231.0
230.0
240.0
287.0
329.0
333.0
307.0
258.0
238.0
230.0
236.0
238.0
273.0
328.0
331.0
317.0
275.0
248.0
234.0
243.0
245.0
266.0
315.0
334.0
319.0
275.0
251.0
234.0
232.0
229.0
268.0
321.0
339.0
327.0
272.0
251.0
243.0
238.0
241.0
268.0
327.0
341.0
320.0
278.0
244.0
236.0
241.0
247.0
270.0
324.0
344.0
325.0
281.0
252.0
226.0
239.0
240.0
272.0
321.0
338.0
315.0
271.0
242.0
238.0
243.0
242.0
283.0
337.0
351.0
320.0
279.0
246.0
239.0
229.0
242.0
277.0
330.0
349.0
331.0
282.0
240.0
233.0
237.0
241.0
268.0
322.0
360.0
343.0
291.0
250.0
235.0
240.0
249.0
258.0
311.0
346.0
336.0
304.0
256.0
243.0
243.0
242.0
256.0
296.0
342.0
347.0
314.0
272.0
252.0
246.0
232.0
249.0
272.0
326.0
345.0
334.0
290.0
257.0
240.0
239.0
239.0
256.0
310.0
345.0
343.0
302.0
256.0
241.0
231.0
241.0
244.0
297.0
345.0
357.0
315.0
266.0
245.0
239.0
243.0
258.0
298.0
349.0
359.0
315.0
268.0
256.0
253.0
242.0
248.0
286.0
333.0
343.0
320.0
282.0
263.0
249.0
246.0
252.0
275.0
327.0
343.0
258.0
236.0
185.0
465.0
310.0
173.0
182.0
242.0
272.0
274.0
237.0
184.0
166.0
164.0
161.0
179.0
213.0
266.0
275.0
245.0
211.0
178.0
175.0
174.0
175.0
216.0
268.0
278.0
250.0
211.0
184.0
171.0
171.0
185.0
208.0
247.0
270.0
264.0
217.0
181.0
176.0
176.0
176.0
207.0
254.0
275.0
268.0
216.0
192.0
179.0
174.0
180.0
195.0
259.0
284.0
271.0
250.0
195.0
193.0
180.0
179.0
187.0
230.0
272.0
275.0
246.0
208.0
181.0
182.0
181.0
185.0
221.0
263.0
272.0
251.0
204.0
180.0
183.0
178.0
193.0
217.0
268.0
282.0
274.0
261.0
230.0
225.0
222.0
223.0
252.0
304.0
322.0
308.0
265.0
228.0
226.0
219.0
217.0
247.0
298.0
321.0
313.0
280.0
240.0
248.0
231.0
207.0
237.0
292.0
324.0
323.0
291.0
241.0
229.0
222.0
227.0
236.0
278.0
322.0
328.0
296.0
265.0
236.0
232.0
232.0
234.0
259.0
307.0
334.0
321.0
275.0
238.0
229.0
226.0
233.0
250.0
305.0
333.0
331.0
296.0
256.0
240.0
226.0
235.0
238.0
283.0
327.0
339.0
311.0
266.0
249.0
232.0
234.0
242.0
265.0
315.0
343.0
330.0
288.0
246.0
242.0
240.0
246.0
254.0
303.0
336.0
334.0
299.0
259.0
244.0
237.0
240.0
248.0
279.0
335.0
342.0
318.0
273.0
248.0
240.0
238.0
252.0
272.0
328.0
350.0
325.0
285.0
249.0
244.0
239.0
246.0
258.0
308.0
343.0
348.0
306.0
265.0
245.0
247.0
251.0
253.0
295.0
337.0
351.0
324.0
284.0
254.0
242.0
247.0
256.0
277.0
331.0
350.0
332.0
290.0
252.0
246.0
242.0
247.0
273.0
324.0
348.0
338.0
287.0
262.0
251.0
240.0
244.0
263.0
304.0
347.0
348.0
314.0
266.0
256.0
247.0
242.0
256.0
301.0
341.0
347.0
320.0
274.0
256.0
247.0
248.0
252.0
276.0
333.0
345.0
332.0
284.0
261.0
250.0
244.0
247.0
272.0
328.0
345.0
344.0
298.0
261.0
246.0
239.0
251.0
254.0
305.0
340.0
349.0
311.0
271.0
256.0
244.0
243.0
251.0
280.0
325.0
356.0
332.0
284.0
258.0
242.0
245.0
244.0
263.0
311.0
344.0
342.0
303.0
269.0
239.0
240.0
245.0
250.0
288.0
335.0
350.0
324.0
276.0
254.0
246.0
239.0
251.0
274.0
322.0
341.0
331.0
289.0
256.0
240.0
250.0
245.0
258.0
304.0
337.0
344.0
311.0
271.0
251.0
249.0
250.0
252.0
288.0
333.0
354.0
326.0
286.0
273.0
258.0
256.0
273.0
288.0
335.0
348.0
343.0
303.0
265.0
252.0
242.0
252.0
263.0
319.0
354.0
354.0
310.0
257.0
256.0
248.0
245.0
251.0
293.0
332.0
343.0
311.0
262.0
236.0
228.0
226.0
245.0
272.0
327.0
343.0
333.0
282.0
234.0
214.0
203.0
209.0
235.0
308.0
347.0
362.0
364.0
275.0
245.0
247.0
246.0
253.0
290.0
344.0
352.0
333.0
282.0
262.0
248.0
251.0
257.0
259.0
326.0
353.0
375.0
342.0
315.0
317.0
306.0
318.0
333.0
380.0
424.0
427.0
391.0
343.0
321.0
317.0
319.0
330.0
356.0
405.0
426.0
405.0
361.0
329.0
319.0
315.0
311.0
323.0
372.0
411.0
413.0
384.0
347.0
317.0
302.0
307.0
312.0
328.0
383.0
407.0
399.0
365.0
323.0
307.0
300.0
302.0
306.0
339.0
386.0
393.0
382.0
339.0
312.0
303.0
299.0
299.0
310.0
352.0
391.0
405.0
371.0
332.0
302.0
298.0
296.0
298.0
320.0
369.0
397.0
393.0
346.0
314.0
303.0
288.0
292.0
302.0
327.0
379.0
398.0
388.0
347.0
311.0
299.0
296.0
294.0
309.0
352.0
395.0
405.0
374.0
334.0
306.0
301.0
294.0
299.0
312.0
357.0
394.0
394.0
363.0
315.0
299.0
292.0
287.0
299.0
329.0
380.0
399.0
389.0
347.0
310.0
293.0
292.0
296.0
305.0
346.0
403.0
401.0
369.0
325.0
299.0
295.0
295.0
297.0
318.0
374.0
395.0
386.0
336.0
305.0
290.0
288.0
288.0
308.0
357.0
392.0
392.0
359.0
319.0
293.0
296.0
279.0
300.0
326.0
381.0
397.0
382.0
339.0
301.0
290.0
285.0
292.0
302.0
341.0
385.0
404.0
365.0
321.0
298.0
294.0
290.0
289.0
314.0
363.0
393.0
393.0
350.0
312.0
293.0
290.0
289.0
300.0
328.0
376.0
389.0
381.0
339.0
307.0
289.0
283.0
305.0
296.0
342.0
383.0
399.0
373.0
331.0
292.0
292.0
292.0
288.0
300.0
352.0
391.0
392.0
357.0
314.0
299.0
287.0
288.0
294.0
321.0
375.0
395.0
375.0
339.0
298.0
285.0
286.0
289.0
301.0
345.0
386.0
393.0
358.0
314.0
292.0
286.0
287.0
293.0
320.0
372.0
394.0
378.0
333.0
296.0
292.0
285.0
294.0
304.0
355.0
398.0
387.0
353.0
306.0
284.0
282.0
282.0
292.0
334.0
378.0
392.0
359.0
320.0
293.0
285.0
285.0
294.0
321.0
370.0
396.0
379.0
336.0
299.0
291.0
286.0
298.0
301.0
351.0
390.0
392.0
362.0
318.0
300.0
289.0
287.0
290.0
316.0
376.0
390.0
380.0
342.0
304.0
290.0
284.0
291.0
304.0
350.0
392.0
396.0
359.0
315.0
297.0
300.0
286.0
295.0
330.0
380.0
395.0
377.0
330.0
299.0
293.0
299.0
288.0
312.0
368.0
393.0
391.0
349.0
314.0
290.0
287.0
288.0
304.0
345.0
390.0
399.0
365.0
323.0
293.0
290.0
288.0
298.0
321.0
367.0
393.0
385.0
336.0
296.0
292.0
290.0
290.0
297.0
345.0
386.0
391.0
363.0
311.0
295.0
284.0
288.0
290.0
311.0
367.0
392.0
378.0
335.0
293.0
288.0
282.0
289.0
304.0
354.0
384.0
389.0
354.0
311.0
292.0
281.0
286.0
292.0
328.0
381.0
393.0
371.0
327.0
299.0
288.0
290.0
288.0
302.0
353.0
388.0
384.0
352.0
311.0
293.0
286.0
285.0
299.0
336.0
389.0
391.0
357.0
315.0
292.0
282.0
288.0
294.0
323.0
382.0
394.0
372.0
327.0
304.0
288.0
288.0
291.0
326.0
366.0
397.0
382.0
337.0
298.0
295.0
287.0
289.0
305.0
357.0
387.0
386.0
352.0
308.0
298.0
287.0
288.0
293.0
331.0
374.0
394.0
375.0
329.0
304.0
297.0
280.0
288.0
303.0
338.0
387.0
392.0
356.0
320.0
294.0
287.0
288.0
291.0
315.0
374.0
388.0
380.0
336.0
301.0
288.0
277.0
289.0
296.0
344.0
386.0
391.0
360.0
322.0
296.0
288.0
282.0
297.0
320.0
368.0
391.0
385.0
342.0
309.0
289.0
288.0
283.0
292.0
335.0
380.0
390.0
367.0
321.0
304.0
283.0
286.0
292.0
313.0
361.0
389.0
383.0
346.0
299.0
289.0
286.0
284.0
299.0
328.0
378.0
392.0
363.0
313.0
290.0
283.0
284.0
292.0
315.0
365.0
386.0
375.0
332.0
294.0
288.0
284.0
286.0
300.0
345.0
386.0
388.0
355.0
314.0
295.0
290.0
281.0
293.0
326.0
379.0
391.0
364.0
316.0
294.0
286.0
281.0
293.0
319.0
367.0
393.0
376.0
339.0
300.0
290.0
281.0
289.0
296.0
341.0
382.0
394.0
357.0
315.0
293.0
280.0
287.0
290.0
322.0
377.0
390.0
373.0
330.0
296.0
286.0
285.0
280.0
303.0
340.0
384.0
386.0
352.0
313.0
289.0
284.0
286.0
290.0
326.0
369.0
386.0
373.0
329.0
297.0
280.0
279.0
286.0
296.0
352.0
391.0
389.0
351.0
310.0
293.0
286.0
288.0
296.0
333.0
381.0
387.0
364.0
327.0
301.0
279.0
285.0
293.0
309.0
359.0
385.0
381.0
346.0
305.0
290.0
283.0
289.0
288.0
325.0
374.0
396.0
375.0
328.0
293.0
288.0
289.0
293.0
306.0
358.0
391.0
392.0
355.0
314.0
290.0
290.0
292.0
294.0
325.0
387.0
399.0
375.0
335.0
303.0
292.0
294.0
296.0
312.0
368.0
395.0
394.0
350.0
310.0
295.0
291.0
298.0
309.0
358.0
398.0
405.0
369.0
324.0
294.0
300.0
293.0
305.0
337.0
388.0
405.0
382.0
338.0
310.0
304.0
298.0
306.0
319.0
378.0
403.0
390.0
351.0
325.0
301.0
293.0
301.0
316.0
357.0
403.0
403.0
359.0
319.0
302.0
300.0
303.0
312.0
355.0
402.0
405.0
358.0
324.0
305.0
302.0
302.0
312.0
350.0
399.0
410.0
375.0
329.0
304.0
299.0
300.0
304.0
335.0
390.0
407.0
388.0
340.0
317.0
301.0
293.0
307.0
336.0
384.0
406.0
387.0
349.0
309.0
300.0
297.0
300.0
315.0
370.0
406.0
403.0
361.0
317.0
300.0
293.0
296.0
310.0
362.0
399.0
399.0
367.0
317.0
304.0
295.0
294.0
307.0
347.0
399.0
402.0
374.0
322.0
310.0
298.0
296.0
306.0
335.0
391.0
401.0
381.0
335.0
309.0
294.0
294.0
302.0
331.0
381.0
401.0
386.0
342.0
310.0
297.0
292.0
301.0
326.0
381.0
402.0
390.0
349.0
312.0
300.0
294.0
298.0
314.0
364.0
397.0
390.0
356.0
318.0
308.0
301.0
298.0
312.0
365.0
399.0
408.0
368.0
323.0
307.0
304.0
298.0
309.0
343.0
395.0
408.0
378.0
337.0
309.0
309.0
304.0
304.0
332.0
385.0
407.0
400.0
361.0
321.0
313.0
309.0
308.0
332.0
371.0
413.0
419.0
382.0
348.0
321.0
315.0
315.0
322.0
344.0
398.0
421.0
403.0
360.0
329.0
316.0
307.0
311.0
329.0
372.0
410.0
421.0
368.0
342.0
316.0
312.0
308.0
314.0
349.0
395.0
421.0
405.0
358.0
319.0
312.0
313.0
312.0
331.0
382.0
418.0
407.0
368.0
329.0
312.0
311.0
310.0
323.0
363.0
404.0
412.0
380.0
338.0
316.0
311.0
305.0
316.0
349.0
400.0
419.0
383.0
353.0
320.0
323.0
309.0
312.0
329.0
384.0
418.0
413.0
368.0
329.0
313.0
309.0
307.0
322.0
354.0
405.0
415.0
395.0
355.0
329.0
312.0
317.0
312.0
334.0
386.0
415.0
411.0
369.0
336.0
317.0
312.0
312.0
322.0
355.0
403.0
418.0
398.0
354.0
324.0
316.0
312.0
323.0
331.0
387.0
416.0
416.0
376.0
335.0
316.0
314.0
313.0
320.0
344.0
396.0
417.0
407.0
363.0
327.0
317.0
309.0
310.0
330.0
374.0
412.0
415.0
382.0
338.0
320.0
310.0
313.0
318.0
352.0
402.0
419.0
397.0
355.0
327.0
309.0
310.0
317.0
334.0
382.0
414.0
408.0
378.0
328.0
314.0
311.0
311.0
328.0
375.0
416.0
416.0
376.0
332.0
319.0
313.0
315.0
318.0
367.0
410.0
412.0
381.0
334.0
315.0
308.0
313.0
318.0
363.0
402.0
417.0
384.0
344.0
315.0
308.0
310.0
317.0
354.0
409.0
419.0
389.0
340.0
315.0
311.0
312.0
318.0
349.0
399.0
415.0
394.0
356.0
323.0
309.0
306.0
317.0
332.0
389.0
416.0
408.0
359.0
332.0
321.0
307.0
309.0
321.0
372.0
410.0
411.0
380.0
346.0
317.0
315.0
310.0
319.0
345.0
394.0
420.0
399.0
354.0
322.0
314.0
303.0
326.0
328.0
379.0
415.0
403.0
367.0
333.0
309.0
305.0
311.0
318.0
360.0
398.0
415.0
388.0
348.0
318.0
315.0
312.0
310.0
327.0
382.0
415.0
407.0
369.0
332.0
314.0
305.0
310.0
320.0
349.0
393.0
409.0
394.0
351.0
320.0
310.0
309.0
314.0
332.0
378.0
412.0
407.0
365.0
326.0
315.0
304.0
313.0
316.0
363.0
404.0
414.0
391.0
345.0
318.0
308.0
310.0
321.0
338.0
391.0
419.0
403.0
362.0
327.0
311.0
313.0
309.0
322.0
373.0
404.0
421.0
375.0
334.0
319.0
310.0
306.0
318.0
352.0
396.0
413.0
396.0
354.0
321.0
312.0
301.0
314.0
324.0
381.0
410.0
410.0
376.0
330.0
315.0
311.0
308.0
314.0
346.0
396.0
420.0
400.0
358.0
322.0
316.0
308.0
306.0
320.0
366.0
410.0
417.0
384.0
340.0
325.0
319.0
311.0
315.0
335.0
390.0
414.0
408.0
367.0
329.0
321.0
307.0
309.0
326.0
356.0
399.0
416.0
397.0
348.0
322.0
305.0
304.0
319.0
330.0
380.0
412.0
414.0
377.0
334.0
315.0
307.0
305.0
313.0
347.0
390.0
411.0
398.0
355.0
321.0
307.0
308.0
310.0
324.0
362.0
411.0
410.0
381.0
338.0
317.0
306.0
313.0
310.0
342.0
397.0
417.0
396.0
356.0
321.0
311.0
302.0
308.0
317.0
362.0
408.0
413.0
383.0
336.0
314.0
310.0
314.0
310.0
333.0
389.0
412.0
405.0
363.0
324.0
320.0
306.0
305.0
320.0
362.0
402.0
416.0
382.0
341.0
316.0
311.0
304.0
307.0
322.0
375.0
422.0
405.0
371.0
336.0
313.0
304.0
302.0
308.0
342.0
391.0
410.0
395.0
362.0
322.0
309.0
305.0
306.0
314.0
355.0
398.0
413.0
381.0
344.0
317.0
308.0
303.0
311.0
333.0
385.0
411.0
406.0
360.0
320.0
308.0
302.0
309.0
315.0
353.0
398.0
404.0
384.0
344.0
313.0
304.0
305.0
312.0
329.0
388.0
412.0
400.0
357.0
321.0
310.0
304.0
303.0
316.0
353.0
398.0
406.0
369.0
337.0
314.0
303.0
308.0
310.0
333.0
392.0
406.0
400.0
358.0
318.0
312.0
301.0
302.0
318.0
359.0
397.0
410.0
377.0
334.0
312.0
299.0
300.0
309.0
335.0
375.0
408.0
400.0
361.0
320.0
308.0
298.0
303.0
310.0
350.0
394.0
408.0
384.0
349.0
315.0
307.0
304.0
303.0
316.0
365.0
403.0
414.0
379.0
331.0
310.0
295.0
302.0
308.0
335.0
386.0
407.0
394.0
356.0
316.0
310.0
299.0
304.0
313.0
352.0
394.0
407.0
383.0
338.0
313.0
300.0
297.0
302.0
316.0
367.0
401.0
403.0
369.0
325.0
309.0
298.0
308.0
304.0
333.0
382.0
410.0
393.0
351.0
311.0
308.0
296.0
301.0
312.0
359.0
393.0
402.0
376.0
332.0
307.0
305.0
298.0
305.0
327.0
374.0
406.0
401.0
357.0
316.0
304.0
302.0
303.0
315.0
343.0
397.0
410.0
393.0
342.0
318.0
296.0
307.0
307.0
324.0
369.0
413.0
413.0
379.0
337.0
315.0
302.0
304.0
308.0
339.0
392.0
411.0
404.0
349.0
322.0
310.0
301.0
299.0
318.0
360.0
402.0
408.0
388.0
338.0
313.0
322.0
302.0
310.0
335.0
382.0
416.0
408.0
370.0
327.0
318.0
315.0
315.0
320.0
370.0
412.0
419.0
389.0
352.0
320.0
311.0
305.0
314.0
335.0
389.0
413.0
412.0
383.0
337.0
315.0
315.0
316.0
315.0
343.0
389.0
416.0
421.0
378.0
342.0
321.0
316.0
314.0
321.0
345.0
388.0
419.0
416.0
383.0
346.0
330.0
319.0
315.0
318.0
338.0
388.0
429.0
419.0
389.0
341.0
322.0
316.0
314.0
318.0
342.0
392.0
421.0
420.0
377.0
336.0
318.0
316.0
316.0
322.0
355.0
395.0
420.0
409.0
369.0
334.0
317.0
314.0
313.0
319.0
346.0
397.0
420.0
403.0
370.0
331.0
318.0
316.0
315.0
321.0
362.0
409.0
424.0
396.0
351.0
323.0
310.0
308.0
304.0
330.0
379.0
419.0
416.0
378.0
333.0
319.0
310.0
307.0
317.0
350.0
396.0
419.0
403.0
365.0
327.0
319.0
306.0
311.0
322.0
365.0
409.0
419.0
390.0
347.0
321.0
322.0
313.0
317.0
338.0
385.0
420.0
410.0
371.0
332.0
311.0
309.0
310.0
321.0
359.0
402.0
417.0
394.0
358.0
324.0
310.0
309.0
308.0
324.0
362.0
412.0
417.0
395.0
358.0
318.0
314.0
307.0
312.0
327.0
373.0
412.0
416.0
388.0
344.0
319.0
316.0
308.0
313.0
328.0
379.0
412.0
420.0
381.0
341.0
320.0
308.0
306.0
317.0
333.0
384.0
421.0
421.0
384.0
340.0
318.0
308.0
311.0
318.0
347.0
393.0
421.0
415.0
379.0
334.0
316.0
317.0
315.0
318.0
343.0
391.0
418.0
412.0
370.0
330.0
312.0
312.0
311.0
318.0
351.0
402.0
419.0
401.0
361.0
325.0
315.0
308.0
307.0
321.0
362.0
412.0
422.0
397.0
352.0
323.0
312.0
309.0
311.0
336.0
379.0
413.0
414.0
375.0
320.0
319.0
310.0
311.0
318.0
352.0
404.0
416.0
401.0
356.0
323.0
314.0
314.0
306.0
325.0
367.0
404.0
422.0
400.0
351.0
323.0
310.0
307.0
309.0
326.0
380.0
417.0
415.0
376.0
337.0
318.0
312.0
307.0
313.0
343.0
390.0
413.0
402.0
361.0
323.0
320.0
309.0
310.0
317.0
363.0
405.0
412.0
391.0
361.0
317.0
