386.0
386.0
354.0
308.0
288.0
278.0
281.0
288.0
314.0
374.0
393.0
384.0
338.0
299.0
284.0
277.0
286.0
294.0
340.0
387.0
390.0
355.0
317.0
291.0
283.0
278.0
282.0
309.0
365.0
389.0
383.0
339.0
300.0
284.0
278.0
279.0
288.0
334.0
377.0
390.0
369.0
324.0
300.0
287.0
285.0
284.0
302.0
349.0
384.0
387.0
350.0
306.0
290.0
280.0
280.0
291.0
326.0
368.0
383.0
374.0
325.0
296.0
288.0
286.0
288.0
298.0
350.0
381.0
380.0
346.0
302.0
295.0
280.0
284.0
295.0
320.0
369.0
386.0
366.0
329.0
298.0
293.0
286.0
289.0
301.0
345.0
378.0
384.0
356.0
312.0
291.0
284.0
288.0
290.0
320.0
371.0
391.0
374.0
336.0
301.0
284.0
290.0
290.0
302.0
350.0
382.0
392.0
365.0
324.0
301.0
288.0
294.0
300.0
317.0
373.0
400.0
395.0
353.0
318.0
302.0
296.0
295.0
314.0
340.0
382.0
405.0
383.0
342.0
311.0
300.0
303.0
302.0
316.0
366.0
402.0
404.0
369.0
333.0
312.0
301.0
310.0
314.0
351.0
399.0
414.0
396.0
351.0
322.0
307.0
313.0
310.0
338.0
385.0
415.0
415.0
371.0
334.0
327.0
315.0
320.0
331.0
379.0
422.0
430.0
392.0
352.0
332.0
320.0
319.0
327.0
363.0
409.0
432.0
419.0
378.0
345.0
335.0
327.0
332.0
344.0
391.0
426.0
435.0
394.0
357.0
338.0
330.0
330.0
336.0
371.0
419.0
435.0
414.0
373.0
348.0
335.0
333.0
334.0
356.0
403.0
440.0
430.0
397.0
362.0
344.0
343.0
343.0
352.0
385.0
435.0
451.0
428.0
384.0
360.0
347.0
344.0
348.0
362.0
416.0
447.0
448.0
406.0
362.0
352.0
345.0
346.0
354.0
394.0
439.0
451.0
424.0
385.0
351.0
349.0
345.0
347.0
371.0
425.0
449.0
441.0
400.0
360.0
351.0
346.0
346.0
357.0
403.0
444.0
448.0
419.0
378.0
352.0
344.0
344.0
348.0
380.0
428.0
450.0
436.0
393.0
360.0
350.0
345.0
343.0
357.0
400.0
439.0
451.0
419.0
377.0
352.0
343.0
346.0
350.0
370.0
419.0
448.0
438.0
400.0
358.0
345.0
338.0
341.0
352.0
386.0
435.0
446.0
424.0
379.0
355.0
345.0
340.0
344.0
361.0
409.0
441.0
442.0
404.0
362.0
351.0
339.0
339.0
344.0
377.0
424.0
448.0
426.0
383.0
355.0
342.0
341.0
339.0
350.0
394.0
439.0
444.0
415.0
377.0
353.0
341.0
341.0
347.0
369.0
418.0
445.0
438.0
405.0
373.0
353.0
346.0
348.0
356.0
389.0
441.0
453.0
433.0
390.0
365.0
351.0
345.0
352.0
370.0
418.0
453.0
454.0
418.0
377.0
358.0
355.0
354.0
360.0
388.0
438.0
460.0
450.0
412.0
368.0
355.0
350.0
354.0
367.0
403.0
448.0
463.0
434.0
393.0
366.0
356.0
353.0
352.0
371.0
428.0
458.0
453.0
421.0
381.0
362.0
355.0
352.0
360.0
386.0
434.0
460.0
456.0
411.0
373.0
362.0
352.0
352.0
363.0
396.0
440.0
461.0
448.0
406.0
372.0
358.0
349.0
352.0
361.0
393.0
440.0
457.0
443.0
400.0
366.0
355.0
351.0
352.0
363.0
405.0
443.0
455.0
429.0
386.0
364.0
357.0
348.0
351.0
375.0
420.0
455.0
456.0
420.0
375.0
356.0
354.0
345.0
356.0
387.0
434.0
458.0
446.0
403.0
363.0
353.0
347.0
351.0
354.0
396.0
443.0
454.0
433.0
392.0
357.0
349.0
343.0
349.0
356.0
401.0
443.0
454.0
429.0
386.0
358.0
345.0
339.0
343.0
359.0
398.0
441.0
453.0
423.0
387.0
354.0
346.0
341.0
346.0
354.0
395.0
436.0
445.0
424.0
388.0
353.0
347.0
345.0
345.0
350.0
398.0
440.0
452.0
425.0
380.0
353.0
341.0
343.0
341.0
356.0
409.0
441.0
447.0
411.0
367.0
350.0
338.0
343.0
345.0
368.0
418.0
442.0
438.0
396.0
360.0
348.0
337.0
343.0
345.0
376.0
424.0
444.0
434.0
393.0
356.0
345.0
340.0
336.0
350.0
392.0
438.0
445.0
417.0
378.0
350.0
343.0
342.0
341.0
356.0
408.0
445.0
440.0
407.0
362.0
346.0
339.0
338.0
344.0
367.0
415.0
442.0
440.0
408.0
367.0
345.0
343.0
344.0
343.0
370.0
415.0
447.0
442.0
402.0
367.0
349.0
343.0
341.0
353.0
387.0
439.0
452.0
433.0
397.0
366.0
354.0
347.0
351.0
360.0
391.0
438.0
453.0
436.0
393.0
363.0
354.0
350.0
355.0
369.0
408.0
450.0
450.0
430.0
386.0
368.0
350.0
352.0
356.0
370.0
413.0
451.0
453.0
420.0
382.0
358.0
351.0
348.0
357.0
372.0
421.0
452.0
458.0
422.0
386.0
363.0
350.0
349.0
353.0
368.0
418.0
451.0
456.0
422.0
384.0
363.0
358.0
352.0
358.0
377.0
420.0
456.0
456.0
416.0
378.0
363.0
353.0
354.0
357.0
385.0
431.0
457.0
442.0
401.0
371.0
354.0
351.0
354.0
362.0
412.0
448.0
456.0
429.0
378.0
360.0
356.0
348.0
358.0
387.0
440.0
455.0
443.0
399.0
369.0
359.0
353.0
354.0
368.0
416.0
453.0
449.0
419.0
376.0
362.0
352.0
357.0
369.0
402.0
450.0
459.0
439.0
394.0
367.0
354.0
358.0
368.0
396.0
445.0
462.0
446.0
406.0
377.0
363.0
359.0
367.0
388.0
443.0
469.0
454.0
411.0
379.0
363.0
362.0
367.0
382.0
435.0
463.0
461.0
423.0
385.0
372.0
372.0
373.0
387.0
429.0
468.0
474.0
443.0
396.0
380.0
367.0
374.0
376.0
413.0
461.0
475.0
458.0
414.0
390.0
373.0
369.0
374.0
393.0
445.0
472.0
472.0
435.0
395.0
377.0
374.0
374.0
381.0
413.0
464.0
475.0
457.0
415.0
384.0
378.0
369.0
374.0
385.0
433.0
470.0
475.0
442.0
400.0
378.0
375.0
373.0
374.0
400.0
452.0
474.0
458.0
420.0
389.0
370.0
369.0
367.0
378.0
423.0
467.0
471.0
438.0
395.0
377.0
361.0
360.0
369.0
393.0
450.0
468.0
457.0
421.0
381.0
368.0
366.0
368.0
377.0
419.0
460.0
471.0
440.0
394.0
375.0
370.0
362.0
369.0
389.0
439.0
464.0
461.0
423.0
383.0
369.0
362.0
361.0
371.0
416.0
458.0
472.0
443.0
399.0
372.0
363.0
356.0
370.0
377.0
431.0
463.0
463.0
425.0
386.0
372.0
364.0
362.0
370.0
397.0
452.0
464.0
451.0
408.0
378.0
362.0
359.0
368.0
374.0
421.0
461.0
470.0
436.0
392.0
370.0
361.0
359.0
363.0
389.0
444.0
462.0
449.0
411.0
375.0
362.0
360.0
364.0
376.0
430.0
458.0
463.0
419.0
376.0
364.0
357.0
359.0
369.0
416.0
456.0
457.0
431.0
386.0
368.0
356.0
356.0
366.0
392.0
444.0
461.0
440.0
402.0
369.0
355.0
357.0
358.0
381.0
430.0
458.0
452.0
409.0
370.0
361.0
353.0
354.0
368.0
414.0
457.0
458.0
422.0
383.0
361.0
357.0
352.0
359.0
399.0
446.0
456.0
435.0
394.0
360.0
357.0
356.0
354.0
378.0
435.0
453.0
445.0
405.0
373.0
354.0
355.0
358.0
368.0
412.0
450.0
456.0
418.0
381.0
358.0
354.0
352.0
360.0
388.0
437.0
459.0
438.0
390.0
363.0
356.0
353.0
355.0
377.0
430.0
453.0
445.0
406.0
370.0
358.0
348.0
355.0
374.0
416.0
450.0
454.0
411.0
372.0
361.0
354.0
354.0
363.0
406.0
449.0
455.0
423.0
379.0
362.0
358.0
352.0
359.0
392.0
437.0
451.0
434.0
393.0
361.0
349.0
351.0
356.0
371.0
428.0
454.0
445.0
410.0
369.0
358.0
348.0
352.0
364.0
406.0
444.0
453.0
422.0
382.0
360.0
350.0
348.0
356.0
387.0
436.0
453.0
435.0
400.0
362.0
350.0
350.0
355.0
363.0
408.0
449.0
453.0
423.0
380.0
361.0
352.0
348.0
357.0
384.0
431.0
452.0
440.0
399.0
369.0
355.0
347.0
354.0
362.0
415.0
451.0
453.0
413.0
373.0
354.0
344.0
350.0
358.0
395.0
442.0
456.0
427.0
384.0
358.0
354.0
344.0
353.0
378.0
427.0
451.0
439.0
401.0
364.0
353.0
349.0
350.0
362.0
405.0
446.0
455.0
416.0
377.0
352.0
347.0
344.0
353.0
385.0
430.0
453.0
432.0
390.0
363.0
347.0
348.0
350.0
369.0
410.0
445.0
446.0
409.0
368.0
352.0
348.0
345.0
356.0
396.0
437.0
449.0
422.0
380.0
356.0
349.0
346.0
350.0
378.0
432.0
449.0
433.0
391.0
356.0
344.0
342.0
343.0
371.0
425.0
445.0
435.0
396.0
363.0
349.0
348.0
349.0
360.0
414.0
443.0
444.0
407.0
363.0
349.0
345.0
344.0
350.0
400.0
442.0
442.0
416.0
367.0
354.0
345.0
348.0
349.0
391.0
438.0
445.0
421.0
375.0
354.0
342.0
339.0
352.0
385.0
432.0
444.0
421.0
380.0
355.0
346.0
341.0
351.0
374.0
427.0
443.0
430.0
390.0
357.0
341.0
341.0
350.0
363.0
417.0
448.0
432.0
394.0
362.0
347.0
340.0
343.0
357.0
404.0
441.0
446.0
413.0
369.0
356.0
346.0
340.0
350.0
384.0
431.0
442.0
427.0
388.0
356.0
349.0
341.0
344.0
363.0
411.0
444.0
439.0
402.0
367.0
346.0
343.0
346.0
356.0
392.0
439.0
448.0
416.0
375.0
352.0
347.0
343.0
345.0
374.0
422.0
443.0
438.0
394.0
355.0
350.0
341.0
344.0
355.0
404.0
441.0
444.0
409.0
368.0
352.0
342.0
342.0
348.0
380.0
423.0
443.0
434.0
392.0
357.0
347.0
342.0
342.0
354.0
395.0
433.0
447.0
414.0
376.0
353.0
342.0
342.0
347.0
377.0
425.0
441.0
427.0
391.0
359.0
344.0
342.0
345.0
352.0
399.0
436.0
441.0
415.0
371.0
354.0
344.0
341.0
345.0
374.0
426.0
445.0
432.0
390.0
360.0
345.0
339.0
342.0
352.0
402.0
437.0
438.0
410.0
371.0
351.0
341.0
343.0
347.0
376.0
426.0
444.0
426.0
387.0
356.0
344.0
341.0
347.0
358.0
415.0
439.0
439.0
395.0
358.0
346.0
341.0
345.0
358.0
401.0
439.0
443.0
412.0
375.0
346.0
341.0
341.0
350.0
380.0
429.0
442.0
427.0
386.0
356.0
343.0
339.0
344.0
362.0
413.0
443.0
435.0
400.0
362.0
349.0
339.0
347.0
355.0
400.0
436.0
445.0
411.0
365.0
349.0
339.0
342.0
352.0
384.0
431.0
451.0
425.0
383.0
353.0
343.0
342.0
343.0
364.0
418.0
439.0
437.0
401.0
363.0
347.0
343.0
346.0
354.0
391.0
434.0
449.0
416.0
376.0
350.0
347.0
344.0
351.0
378.0
420.0
442.0
433.0
392.0
359.0
352.0
344.0
342.0
358.0
402.0
444.0
438.0
411.0
371.0
351.0
346.0
340.0
349.0
382.0
431.0
442.0
430.0
389.0
359.0
348.0
343.0
349.0
360.0
405.0
439.0
440.0
405.0
367.0
350.0
344.0
346.0
354.0
395.0
437.0
448.0
424.0
383.0
360.0
342.0
343.0
354.0
373.0
426.0
450.0
435.0
393.0
357.0
347.0
345.0
341.0
357.0
413.0
447.0
449.0
413.0
375.0
352.0
346.0
344.0
354.0
391.0
441.0
454.0
430.0
381.0
355.0
341.0
340.0
347.0
368.0
423.0
449.0
451.0
410.0
364.0
345.0
342.0
346.0
352.0
397.0
447.0
459.0
421.0
377.0
355.0
346.0
350.0
352.0
384.0
436.0
454.0
442.0
389.0
361.0
349.0
342.0
343.0
359.0
405.0
448.0
446.0
399.0
355.0
344.0
339.0
339.0
348.0
410.0
447.0
446.0
407.0
366.0
347.0
341.0
340.0
355.0
407.0
445.0
457.0
414.0
368.0
352.0
362.0
348.0
355.0
396.0
446.0
456.0
421.0
371.0
346.0
339.0
339.0
350.0
387.0
446.0
457.0
430.0
384.0
363.0
343.0
340.0
348.0
369.0
433.0
458.0
443.0
394.0
361.0
346.0
339.0
342.0
357.0
410.0
450.0
452.0
414.0
367.0
349.0
341.0
343.0
354.0
393.0
447.0
461.0
430.0
381.0
356.0
343.0
338.0
351.0
381.0
428.0
450.0
435.0
393.0
358.0
344.0
343.0
345.0
353.0
411.0
445.0
447.0
412.0
372.0
353.0
348.0
342.0
348.0
383.0
437.0
447.0
433.0
387.0
358.0
345.0
342.0
346.0
362.0
417.0
445.0
445.0
407.0
359.0
353.0
340.0
343.0
353.0
389.0
436.0
451.0
430.0
391.0
359.0
348.0
341.0
345.0
361.0
403.0
445.0
449.0
412.0
371.0
350.0
343.0
345.0
357.0
400.0
437.0
452.0
422.0
381.0
361.0
349.0
349.0
353.0
382.0
434.0
450.0
436.0
395.0
365.0
352.0
346.0
354.0
363.0
419.0
448.0
450.0
408.0
371.0
358.0
350.0
352.0
362.0
402.0
445.0
458.0
427.0
387.0
359.0
350.0
351.0
358.0
388.0
434.0
458.0
444.0
400.0
368.0
361.0
359.0
353.0
374.0
420.0
455.0
461.0
424.0
379.0
369.0
359.0
357.0
366.0
406.0
454.0
467.0
444.0
407.0
376.0
365.0
362.0
366.0
376.0
432.0
471.0
470.0
435.0
391.0
372.0
367.0
368.0
373.0
407.0
462.0
482.0
459.0
417.0
383.0
371.0
368.0
370.0
387.0
430.0
471.0
472.0
437.0
398.0
375.0
367.0
364.0
374.0
400.0
451.0
475.0
468.0
426.0
386.0
370.0
366.0
371.0
379.0
414.0
460.0
474.0
448.0
408.0
376.0
373.0
364.0
373.0
390.0
443.0
467.0
467.0
434.0
387.0
370.0
365.0
365.0
374.0
411.0
456.0
471.0
450.0
407.0
376.0
367.0
363.0
366.0
386.0
438.0
469.0
471.0
426.0
389.0
373.0
364.0
364.0
369.0
403.0
455.0
465.0
447.0
408.0
373.0
370.0
365.0
369.0
382.0
434.0
464.0
463.0
425.0
382.0
370.0
364.0
366.0
372.0
408.0
455.0
468.0
445.0
406.0
375.0
371.0
362.0
365.0
385.0
437.0
462.0
464.0
425.0
385.0
371.0
365.0
364.0
372.0
412.0
453.0
469.0
449.0
406.0
375.0
362.0
359.0
369.0
389.0
432.0
467.0
462.0
421.0
385.0
373.0
359.0
366.0
372.0
406.0
456.0
467.0
446.0
404.0
382.0
365.0
361.0
362.0
379.0
428.0
461.0
464.0
427.0
386.0
368.0
365.0
361.0
365.0
409.0
452.0
465.0
449.0
408.0
374.0
369.0
359.0
365.0
375.0
417.0
458.0
465.0
434.0
395.0
372.0
363.0
362.0
370.0
388.0
435.0
465.0
461.0
420.0
380.0
368.0
365.0
362.0
368.0
397.0
447.0
468.0
450.0
414.0
382.0
364.0
359.0
359.0
370.0
404.0
449.0
465.0
443.0
403.0
375.0
368.0
360.0
363.0
373.0
421.0
460.0
463.0
429.0
392.0
375.0
358.0
359.0
362.0
389.0
438.0
461.0
450.0
413.0
378.0
363.0
361.0
362.0
379.0
423.0
461.0
453.0
419.0
382.0
371.0
358.0
362.0
370.0
417.0
453.0
465.0
430.0
390.0
372.0
359.0
358.0
367.0
400.0
451.0
460.0
443.0
403.0
374.0
368.0
360.0
369.0
395.0
444.0
466.0
450.0
403.0
378.0
367.0
362.0
367.0
386.0
441.0
466.0
462.0
421.0
387.0
374.0
368.0
370.0
381.0
429.0
469.0
470.0
434.0
393.0
374.0
371.0
376.0
382.0
427.0
463.0
472.0
445.0
399.0
383.0
371.0
367.0
376.0
409.0
452.0
477.0
463.0
420.0
387.0
376.0
372.0
379.0
388.0
435.0
473.0
472.0
445.0
400.0
381.0
377.0
376.0
382.0
418.0
463.0
476.0
457.0
421.0
389.0
378.0
380.0
380.0
397.0
448.0
474.0
474.0
440.0
401.0
382.0
379.0
379.0
386.0
423.0
469.0
481.0
456.0
419.0
391.0
379.0
378.0
379.0
399.0
445.0
480.0
475.0
438.0
400.0
386.0
379.0
378.0
389.0
429.0
473.0
478.0
445.0
413.0
391.0
375.0
377.0
383.0
411.0
458.0
481.0
465.0
427.0
394.0
382.0
375.0
377.0
395.0
442.0
478.0
477.0
443.0
399.0
387.0
375.0
375.0
381.0
422.0
470.0
480.0
455.0
416.0
388.0
377.0
375.0
376.0
398.0
452.0
473.0
469.0
427.0
395.0
379.0
375.0
381.0
382.0
424.0
462.0
481.0
455.0
412.0
386.0
378.0
375.0
379.0
401.0
445.0
473.0
468.0
431.0
391.0
379.0
374.0
379.0
386.0
426.0
469.0
476.0
452.0
414.0
390.0
375.0
372.0
374.0
392.0
448.0
472.0
475.0
443.0
401.0
385.0
375.0
373.0
379.0
407.0
452.0
474.0
465.0
431.0
395.0
388.0
374.0
378.0
384.0
411.0
457.0
474.0
461.0
420.0
392.0
379.0
376.0
373.0
393.0
422.0
464.0
472.0
451.0
415.0
385.0
377.0
371.0
377.0
395.0
442.0
472.0
469.0
440.0
401.0
381.0
374.0
375.0
379.0
406.0
449.0
470.0
466.0
432.0
395.0
383.0
377.0
379.0
383.0
413.0
466.0
470.0
455.0
416.0
390.0
371.0
371.0
374.0
386.0
434.0
466.0
471.0
437.0
401.0
380.0
377.0
369.0
379.0
406.0
457.0
481.0
461.0
423.0
388.0
376.0
366.0
371.0
378.0
420.0
460.0
472.0
452.0
411.0
385.0
373.0
367.0
374.0
395.0
443.0
465.0
464.0
431.0
395.0
376.0
370.0
372.0
382.0
413.0
454.0
471.0
455.0
416.0
381.0
375.0
369.0
371.0
388.0
434.0
468.0
472.0
437.0
396.0
384.0
375.0
374.0
378.0
405.0
457.0
471.0
463.0
426.0
388.0
390.0
376.0
375.0
384.0
427.0
470.0
481.0
458.0
418.0
398.0
385.0
380.0
386.0
398.0
450.0
484.0
488.0
451.0
413.0
392.0
385.0
385.0
393.0
428.0
480.0
494.0
475.0
435.0
402.0
394.0
388.0
387.0
403.0
452.0
486.0
493.0
458.0
419.0
398.0
388.0
387.0
390.0
419.0
472.0
489.0
480.0
443.0
405.0
392.0
384.0
391.0
398.0
441.0
484.0
497.0
471.0
425.0
399.0
385.0
386.0
391.0
406.0
453.0
488.0
485.0
454.0
409.0
398.0
386.0
386.0
391.0
425.0
469.0
492.0
476.0
446.0
404.0
391.0
382.0
389.0
397.0
434.0
480.0
493.0
465.0
427.0
403.0
389.0
386.0
385.0
412.0
459.0
485.0
484.0
448.0
413.0
395.0
382.0
383.0
391.0
428.0
472.0
487.0
472.0
427.0
400.0
390.0
384.0
390.0
406.0
461.0
486.0
490.0
452.0
410.0
396.0
388.0
389.0
403.0
437.0
483.0
499.0
468.0
426.0
399.0
390.0
392.0
396.0
433.0
479.0
496.0
480.0
437.0
412.0
397.0
393.0
399.0
420.0
466.0
498.0
495.0
452.0
416.0
398.0
393.0
394.0
408.0
453.0
491.0
501.0
469.0
423.0
405.0
401.0
395.0
407.0
438.0
487.0
501.0
482.0
440.0
410.0
402.0
392.0
399.0
417.0
467.0
502.0
486.0
453.0
414.0
398.0
395.0
396.0
407.0
458.0
497.0
491.0
461.0
417.0
405.0
395.0
399.0
405.0
452.0
494.0
502.0
469.0
426.0
407.0
392.0
391.0
403.0
437.0
484.0
492.0
479.0
437.0
407.0
398.0
396.0
399.0
426.0
474.0
496.0
486.0
448.0
411.0
398.0
390.0
398.0
408.0
460.0
489.0
498.0
463.0
422.0
399.0
391.0
400.0
401.0
435.0
480.0
495.0
477.0
439.0
408.0
399.0
393.0
395.0
415.0
466.0
493.0
486.0
449.0
409.0
397.0
391.0
394.0
405.0
445.0
487.0
493.0
458.0
420.0
399.0
392.0
390.0
397.0
430.0
478.0
495.0
476.0
433.0
402.0
391.0
392.0
392.0
414.0
468.0
493.0
483.0
444.0
405.0
397.0
384.0
393.0
401.0
459.0
487.0
485.0
451.0
411.0
395.0
385.0
385.0
398.0
439.0
480.0
490.0
461.0
422.0
399.0
385.0
384.0
391.0
424.0
473.0
491.0
473.0
434.0
406.0
396.0
385.0
386.0
403.0
451.0
486.0
486.0
453.0
414.0
392.0
388.0
387.0
393.0
433.0
473.0
489.0
472.0
433.0
404.0
394.0
390.0
390.0
404.0
458.0
484.0
480.0
448.0
405.0
395.0
386.0
382.0
395.0
431.0
479.0
488.0
458.0
417.0
393.0
389.0
385.0
392.0
413.0
459.0
489.0
475.0
437.0
400.0
390.0
383.0
389.0
394.0
451.0
485.0
483.0
450.0
413.0
395.0
383.0
390.0
393.0
432.0
477.0
489.0
464.0
418.0
396.0
389.0
384.0
385.0
408.0
463.0
489.0
479.0
437.0
401.0
392.0
384.0
383.0
397.0
440.0
480.0
486.0
462.0
415.0
396.0
386.0
383.0
387.0
419.0
467.0
484.0
467.0
425.0
397.0
383.0
388.0
389.0
413.0
462.0
484.0
471.0
431.0
401.0
383.0
382.0
385.0
405.0
454.0
483.0
473.0
429.0
396.0
386.0
382.0
386.0
399.0
451.0
479.0
480.0
440.0
405.0
390.0
378.0
384.0
394.0
441.0
473.0
483.0
449.0
406.0
387.0
383.0
382.0
389.0
427.0
473.0
485.0
454.0
409.0
387.0
380.0
380.0
390.0
421.0
474.0
482.0
450.0
413.0
394.0
381.0
380.0
385.0
420.0
469.0
482.0
457.0
412.0
385.0
379.0
382.0
388.0
422.0
465.0
481.0
455.0
413.0
390.0
378.0
383.0
382.0
418.0
465.0
479.0
463.0
415.0
392.0
380.0
382.0
385.0
409.0
464.0
479.0
465.0
416.0
387.0
380.0
377.0
386.0
415.0
458.0
482.0
470.0
422.0
399.0
385.0
379.0
379.0
399.0
450.0
479.0
469.0
431.0
395.0
380.0
375.0
381.0
396.0
448.0
476.0
472.0
434.0
398.0
386.0
383.0
378.0
393.0
437.0
472.0
482.0
443.0
397.0
386.0
372.0
382.0
387.0
424.0
473.0
482.0
454.0
409.0
388.0
381.0
377.0
384.0
417.0
463.0
481.0
464.0
416.0
389.0
384.0
380.0
386.0
408.0
464.0
483.0
466.0
426.0
391.0
385.0
378.0
383.0
404.0
459.0
482.0
474.0
429.0
397.0
384.0
382.0
382.0
408.0
456.0
477.0
470.0
434.0
400.0
387.0
386.0
384.0
396.0
445.0
480.0
463.0
443.0
405.0
391.0
380.0
385.0
381.0
434.0
477.0
485.0
457.0
412.0
389.0
385.0
381.0
387.0
419.0
471.0
486.0
459.0
421.0
399.0
382.0
386.0
389.0
410.0
461.0
485.0
473.0
426.0
400.0
385.0
383.0
385.0
400.0
454.0
485.0
479.0
443.0
402.0
390.0
381.0
385.0
395.0
440.0
483.0
481.0
447.0
406.0
392.0
383.0
385.0
390.0
421.0
471.0
485.0
460.0
419.0
391.0
385.0
382.0
383.0
412.0
465.0
486.0
470.0
426.0
396.0
383.0
380.0
386.0
410.0
461.0
477.0
471.0
426.0
397.0
384.0
381.0
385.0
400.0
453.0
481.0
478.0
436.0
397.0
384.0
377.0
385.0
398.0
446.0
483.0
477.0
444.0
402.0
386.0
381.0
377.0
393.0
437.0
476.0
480.0
444.0
405.0
387.0
375.0
381.0
393.0
440.0
479.0
483.0
445.0
405.0
383.0
381.0
383.0
391.0
438.0
473.0
480.0
444.0
408.0
388.0
384.0
381.0
391.0
426.0
470.0
484.0
456.0
414.0
393.0
379.0
378.0
386.0
408.0
460.0
480.0
468.0
428.0
398.0
383.0
382.0
382.0
405.0
452.0
480.0
474.0
437.0
395.0
384.0
384.0
382.0
394.0
450.0
477.0
477.0
442.0
400.0
388.0
379.0
379.0
389.0
436.0
473.0
478.0
445.0
410.0
389.0
377.0
378.0
390.0
427.0
466.0
483.0
461.0
419.0
392.0
386.0
377.0
385.0
410.0
456.0
480.0
471.0
430.0
396.0
382.0
379.0
386.0
394.0
444.0
477.0
476.0
445.0
400.0
383.0
380.0
384.0
389.0
428.0
474.0
483.0
456.0
417.0
392.0
383.0
378.0
387.0
409.0
452.0
477.0
469.0
428.0
396.0
381.0
382.0
383.0
398.0
447.0
479.0
474.0
439.0
400.0
387.0
377.0
382.0
387.0
423.0
466.0
482.0
456.0
421.0
392.0
385.0
380.0
386.0
392.0
445.0
478.0
473.0
446.0
405.0
388.0
380.0
377.0
381.0
414.0
458.0
480.0
469.0
429.0
396.0
378.0
378.0
382.0
394.0
437.0
476.0
478.0
451.0
414.0
392.0
378.0
381.0
382.0
406.0
456.0
479.0
472.0
431.0
393.0
384.0
376.0
381.0
393.0
427.0
473.0
477.0
450.0
412.0
389.0
379.0
376.0
386.0
405.0
456.0
477.0
465.0
431.0
396.0
383.0
379.0
375.0
394.0
431.0
473.0
477.0
448.0
406.0
387.0
381.0
379.0
384.0
410.0
459.0
475.0
469.0
429.0
393.0
379.0
376.0
383.0
389.0
432.0
470.0
474.0
448.0
410.0
374.0
375.0
376.0
379.0
405.0
457.0
480.0
474.0
438.0
393.0
379.0
376.0
380.0
394.0
434.0
471.0
486.0
451.0
413.0
384.0
376.0
374.0
380.0
414.0
462.0
484.0
470.0
423.0
392.0
383.0
376.0
373.0
398.0
445.0
479.0
472.0
441.0
394.0
382.0
373.0
372.0
382.0
422.0
469.0
477.0
450.0
405.0
384.0
375.0
371.0
378.0
406.0
458.0
482.0
464.0
418.0
385.0
373.0
371.0
372.0
389.0
446.0
475.0
472.0
442.0
401.0
380.0
369.0
368.0
376.0
411.0
460.0
488.0
466.0
424.0
386.0
371.0
370.0
376.0
391.0
443.0
487.0
493.0
456.0
406.0
382.0
370.0
375.0
377.0
405.0
473.0
489.0
489.0
438.0
392.0
376.0
382.0
375.0
387.0
435.0
482.0
498.0
475.0
423.0
391.0
378.0
373.0
370.0
395.0
449.0
483.0
485.0
451.0
406.0
396.0
393.0
372.0
380.0
411.0
463.0
483.0
475.0
430.0
394.0
388.0
373.0
377.0
391.0
440.0
477.0
487.0
453.0
417.0
387.0
379.0
372.0
381.0
396.0
449.0
479.0
475.0
437.0
403.0
383.0
381.0
381.0
385.0
424.0
470.0
487.0
464.0
429.0
390.0
384.0
378.0
380.0
399.0
452.0
480.0
477.0
441.0
402.0
388.0
382.0
384.0
388.0
430.0
477.0
487.0
459.0
412.0
391.0
382.0
378.0
387.0
416.0
471.0
492.0
471.0
433.0
396.0
382.0
378.0
387.0
400.0
453.0
484.0
483.0
444.0
406.0
390.0
390.0
383.0
393.0
431.0
479.0
491.0
473.0
433.0
403.0
387.0
384.0
390.0
417.0
468.0
492.0
481.0
442.0
409.0
395.0
386.0
387.0
402.0
442.0
485.0
495.0
471.0
429.0
400.0
392.0
391.0
392.0
413.0
459.0
492.0
493.0
464.0
420.0
403.0
396.0
396.0
397.0
427.0
475.0
496.0
490.0
451.0
417.0
402.0
398.0
396.0
407.0
446.0
493.0
500.0
478.0
438.0
416.0
401.0
399.0
400.0
414.0
468.0
496.0
501.0
471.0
430.0
411.0
407.0
407.0
411.0
432.0
482.0
504.0
500.0
462.0
429.0
411.0
403.0
407.0
416.0
457.0
498.0
517.0
493.0
450.0
424.0
416.0
409.0
411.0
420.0
466.0
503.0
515.0
490.0
450.0
417.0
410.0
411.0
412.0
437.0
487.0
516.0
515.0
475.0
436.0
419.0
411.0
413.0
418.0
453.0
500.0
517.0
497.0
459.0
427.0
416.0
412.0
412.0
422.0
467.0
506.0
513.0
480.0
436.0
415.0
408.0
404.0
412.0
443.0
496.0
512.0
497.0
454.0
423.0
410.0
406.0
408.0
416.0
462.0
500.0
513.0
489.0
449.0
420.0
408.0
403.0
410.0
418.0
470.0
506.0
513.0
480.0
437.0
421.0
410.0
410.0
413.0
436.0
481.0
510.0
507.0
473.0
433.0
415.0
413.0
410.0
413.0
450.0
491.0
514.0
502.0
461.0
430.0
418.0
410.0
415.0
421.0
464.0
500.0
516.0
490.0
451.0
428.0
413.0
412.0
413.0
430.0
473.0
511.0
510.0
482.0
442.0
424.0
411.0
409.0
416.0
442.0
493.0
512.0
501.0
466.0
426.0
416.0
410.0
414.0
419.0
463.0
502.0
512.0
484.0
443.0
418.0
410.0
411.0
417.0
437.0
481.0
507.0
505.0
463.0
432.0
415.0
409.0
410.0
422.0
457.0
505.0
512.0
488.0
445.0
420.0
410.0
403.0
410.0
432.0
481.0
508.0
506.0
471.0
429.0
413.0
409.0
405.0
416.0
444.0
491.0
512.0
489.0
451.0
422.0
407.0
404.0
408.0
427.0
473.0
504.0
500.0
462.0
427.0
416.0
404.0
406.0
416.0
456.0
496.0
503.0
482.0
438.0
413.0
405.0
401.0
408.0
432.0
479.0
505.0
494.0
457.0
422.0
408.0
402.0
407.0
416.0
458.0
499.0
507.0
477.0
437.0
413.0
402.0
402.0
407.0
428.0
477.0
512.0
503.0
465.0
409.0
390.0
397.0
392.0
400.0
431.0
465.0
460.0
479.0
438.0
405.0
414.0
390.0
403.0
412.0
458.0
501.0
506.0
480.0
440.0
418.0
411.0
413.0
410.0
436.0
492.0
518.0
512.0
467.0
437.0
411.0
410.0
412.0
417.0
451.0
485.0
509.0
487.0
446.0
419.0
409.0
407.0
413.0
426.0
469.0
505.0
507.0
473.0
434.0
419.0
403.0
402.0
406.0
425.0
472.0
493.0
494.0
459.0
425.0
410.0
401.0
403.0
404.0
435.0
490.0
513.0
507.0
463.0
425.0
413.0
409.0
412.0
421.0
468.0
513.0
521.0
489.0
447.0
425.0
412.0
416.0
412.0
437.0
487.0
520.0
513.0
474.0
432.0
413.0
411.0
406.0
411.0
454.0
502.0
519.0
497.0
454.0
422.0
412.0
403.0
409.0
420.0
468.0
506.0
514.0
488.0
443.0
418.0
409.0
407.0
412.0
432.0
485.0
510.0
515.0
478.0
436.0
420.0
410.0
408.0
420.0
452.0
499.0
518.0
495.0
462.0
427.0
411.0
406.0
408.0
430.0
472.0
513.0
515.0
473.0
435.0
413.0
406.0
412.0
416.0
453.0
501.0
514.0
497.0
450.0
422.0
412.0
407.0
410.0
432.0
483.0
514.0
504.0
469.0
431.0
413.0
407.0
409.0
418.0
464.0
509.0
508.0
480.0
435.0
418.0
408.0
407.0
413.0
445.0
491.0
517.0
499.0
459.0
427.0
408.0
406.0
407.0
415.0
465.0
504.0
505.0
479.0
439.0
415.0
407.0
407.0
413.0
436.0
487.0
508.0
499.0
457.0
423.0
407.0
405.0
399.0
412.0
454.0
499.0
506.0
484.0
443.0
418.0
406.0
404.0
411.0
428.0
473.0
506.0
494.0
452.0
414.0
396.0
392.0
389.0
400.0
435.0
480.0
494.0
480.0
438.0
407.0
390.0
391.0
394.0
414.0
457.0
492.0
488.0
455.0
408.0
391.0
392.0
390.0
400.0
438.0
483.0
492.0
469.0
432.0
400.0
392.0
386.0
392.0
404.0
460.0
487.0
489.0
451.0
413.0
395.0
387.0
390.0
395.0
441.0
487.0
505.0
478.0
431.0
398.0
388.0
383.0
389.0
393.0
441.0
486.0
492.0
467.0
425.0
402.0
395.0
386.0
391.0
406.0
453.0
483.0
491.0
456.0
413.0
398.0
392.0
387.0
393.0
417.0
463.0
486.0
480.0
443.0
405.0
396.0
388.0
384.0
394.0
423.0
472.0
489.0
474.0
435.0
403.0
391.0
388.0
387.0
397.0
432.0
481.0
489.0
470.0
433.0
404.0
388.0
382.0
389.0
400.0
440.0
484.0
487.0
457.0
417.0
395.0
388.0
386.0
387.0
411.0
459.0
488.0
483.0
450.0
409.0
390.0
382.0
387.0
393.0
430.0
471.0
485.0
483.0
439.0
401.0
391.0
386.0
385.0
396.0
432.0
471.0
490.0
469.0
427.0
398.0
384.0
381.0
386.0
395.0
437.0
475.0
489.0
465.0
430.0
400.0
389.0
380.0
382.0
400.0
447.0
484.0
490.0
457.0
414.0
397.0
384.0
377.0
385.0
407.0
455.0
482.0
486.0
449.0
407.0
389.0
385.0
385.0
388.0
417.0
466.0
488.0
476.0
439.0
406.0
390.0
384.0
381.0
391.0
427.0
471.0
489.0
474.0
433.0
399.0
386.0
381.0
386.0
390.0
433.0
486.0
499.0
465.0
424.0
391.0
385.0
384.0
381.0
400.0
445.0
478.0
486.0
451.0
416.0
393.0
385.0
378.0
383.0
407.0
449.0
481.0
479.0
442.0
400.0
386.0
382.0
381.0
389.0
426.0
469.0
486.0
473.0
436.0
393.0
384.0
377.0
386.0
395.0
435.0
480.0
492.0
469.0
424.0
396.0
383.0
382.0
384.0
400.0
450.0
486.0
487.0
458.0
416.0
394.0
387.0
377.0
387.0
424.0
476.0
490.0
470.0
419.0
396.0
387.0
380.0
385.0
410.0
467.0
489.0
481.0
438.0
402.0
389.0
378.0
384.0
395.0
442.0
483.0
486.0
457.0
414.0
390.0
381.0
382.0
382.0
412.0
468.0
485.0
474.0
435.0
398.0
382.0
378.0
381.0
393.0
439.0
479.0
489.0
450.0
411.0
390.0
379.0
390.0
389.0
407.0
456.0
486.0
475.0
436.0
402.0
385.0
381.0
383.0
388.0
435.0
472.0
481.0
457.0
417.0
393.0
384.0
376.0
383.0
404.0
459.0
485.0
468.0
436.0
398.0
384.0
376.0
383.0
393.0
435.0
475.0
483.0
452.0
412.0
388.0
382.0
379.0
386.0
410.0
462.0
485.0
474.0
432.0
395.0
384.0
380.0
379.0
400.0
433.0
480.0
486.0
451.0
409.0
388.0
379.0
378.0
384.0
417.0
464.0
486.0
466.0
423.0
394.0
386.0
376.0
383.0
394.0
445.0
480.0
481.0
444.0
405.0
387.0
379.0
383.0
385.0
417.0
468.0
486.0
467.0
424.0
391.0
379.0
380.0
381.0
396.0
444.0
482.0
481.0
448.0
403.0
387.0
377.0
378.0
384.0
423.0
464.0
486.0
462.0
422.0
393.0
377.0
379.0
382.0
400.0
447.0
480.0
474.0
434.0
394.0
381.0
375.0
376.0
391.0
434.0
476.0
481.0
454.0
410.0
385.0
377.0
376.0
385.0
412.0
460.0
482.0
469.0
426.0
393.0
381.0
377.0
377.0
391.0
434.0
471.0
479.0
451.0
411.0
386.0
377.0
396.0
385.0
407.0
454.0
479.0
472.0
434.0
397.0
384.0
378.0
375.0
386.0
429.0
474.0
483.0
457.0
413.0
385.0
381.0
376.0
377.0
399.0
443.0
477.0
478.0
437.0
399.0
386.0
377.0
374.0
384.0
418.0
465.0
479.0
466.0
425.0
393.0
378.0
374.0
378.0
391.0
435.0
473.0
484.0
455.0
418.0
389.0
382.0
379.0
385.0
407.0
456.0
484.0
478.0
443.0
406.0
384.0
386.0
382.0
391.0
420.0
466.0
487.0
474.0
428.0
400.0
384.0
383.0
383.0
388.0
431.0
479.0
487.0
461.0
420.0
398.0
380.0
381.0
384.0
404.0
454.0
482.0
483.0
449.0
406.0
392.0
386.0
382.0
386.0
420.0
465.0
485.0
475.0
433.0
402.0
383.0
387.0
385.0
395.0
439.0
480.0
486.0
458.0
414.0
391.0
382.0
381.0
388.0
408.0
453.0
480.0
479.0
445.0
411.0
390.0
382.0
383.0
387.0
416.0
464.0
488.0
475.0
436.0
402.0
394.0
380.0
379.0
392.0
431.0
481.0
488.0
466.0
421.0
393.0
386.0
383.0
389.0
398.0
449.0
481.0
487.0
451.0
413.0
391.0
384.0
384.0
392.0
413.0
463.0
487.0
486.0
444.0
405.0
391.0
386.0
389.0
389.0
426.0
469.0
492.0
475.0
439.0
400.0
393.0
385.0
389.0
399.0
445.0
488.0
497.0
460.0
423.0
397.0
392.0
389.0
390.0
409.0
457.0
489.0
485.0
449.0
419.0
406.0
398.0
391.0
396.0
428.0
474.0
496.0
483.0
439.0
406.0
393.0
381.0
394.0
403.0
453.0
486.0
495.0
457.0
423.0
400.0
391.0
389.0
394.0
425.0
472.0
490.0
482.0
449.0
413.0
397.0
390.0
394.0
401.0
441.0
480.0
498.0
475.0
435.0
403.0
398.0
387.0
397.0
417.0
462.0
495.0
490.0
453.0
412.0
402.0
398.0
390.0
405.0
439.0
491.0
496.0
471.0
430.0
408.0
398.0
393.0
404.0
422.0
473.0
499.0
491.0
457.0
418.0
400.0
394.0
398.0
403.0
446.0
494.0
499.0
480.0
437.0
411.0
403.0
398.0
397.0
422.0
472.0
503.0
496.0
463.0
422.0
406.0
403.0
403.0
404.0
444.0
491.0
503.0
485.0
445.0
417.0
406.0
400.0
402.0
413.0
464.0
498.0
503.0
471.0
434.0
409.0
405.0
401.0
406.0
434.0
485.0
506.0
495.0
459.0
421.0
411.0
400.0
399.0
416.0
454.0
498.0
506.0
479.0
439.0
417.0
407.0
407.0
411.0
423.0
478.0
499.0
501.0
467.0
428.0
411.0
407.0
402.0
414.0
451.0
501.0
509.0
494.0
452.0
415.0
404.0
402.0
409.0
419.0
471.0
508.0
506.0
472.0
431.0
413.0
405.0
403.0
408.0
435.0
486.0
506.0
495.0
458.0
424.0
411.0
416.0
410.0
420.0
468.0
505.0
516.0
483.0
441.0
426.0
407.0
409.0
410.0
432.0
480.0
507.0
510.0
473.0
432.0
415.0
410.0
405.0
416.0
450.0
496.0
514.0
500.0
458.0
426.0
414.0
406.0
413.0
422.0
468.0
504.0
519.0
495.0
454.0
427.0
413.0
407.0
413.0
427.0
476.0
512.0
514.0
484.0
438.0
424.0
415.0
409.0
416.0
442.0
493.0
516.0
508.0
469.0
433.0
417.0
418.0
413.0
423.0
458.0
501.0
515.0
501.0
458.0
432.0
418.0
412.0
413.0
428.0
472.0
515.0
521.0
482.0
448.0
427.0
416.0
414.0
414.0
444.0
496.0
520.0
504.0
466.0
431.0
417.0
413.0
411.0
423.0
468.0
512.0
520.0
486.0
445.0
422.0
411.0
414.0
418.0
448.0
499.0
517.0
505.0
457.0
427.0
418.0
413.0
416.0
430.0
478.0
514.0
513.0
478.0
438.0
422.0
408.0
410.0
420.0
453.0
506.0
518.0
498.0
452.0
425.0
414.0
409.0
417.0
434.0
486.0
518.0
502.0
469.0
431.0
418.0
412.0
409.0
420.0
459.0
507.0
515.0
488.0
446.0
421.0
410.0
410.0
413.0
442.0
491.0
515.0
503.0
458.0
428.0
416.0
408.0
410.0
420.0
460.0
510.0
514.0
487.0
438.0
419.0
407.0
408.0
413.0
441.0
489.0
514.0
498.0
457.0
424.0
414.0
408.0
411.0
417.0
464.0
503.0
513.0
490.0
444.0
421.0
410.0
410.0
414.0
425.0
476.0
507.0
510.0
472.0
437.0
417.0
408.0
404.0
414.0
435.0
482.0
510.0
504.0
465.0
428.0
410.0
402.0
407.0
411.0
445.0
488.0
505.0
493.0
455.0
418.0
410.0
405.0
407.0
413.0
464.0
504.0
507.0
476.0
438.0
416.0
406.0
401.0
410.0
433.0
477.0
503.0
504.0
468.0
425.0
407.0
403.0
401.0
413.0
440.0
489.0
506.0
491.0
455.0
420.0
403.0
402.0
404.0
411.0
456.0
501.0
510.0
481.0
439.0
411.0
403.0
401.0
404.0
420.0
470.0
498.0
504.0
467.0
427.0
411.0
400.0
403.0
409.0
442.0
489.0
508.0
491.0
452.0
423.0
399.0
403.0
401.0
409.0
447.0
489.0
505.0
492.0
449.0
417.0
405.0
401.0
399.0
412.0
448.0
490.0
507.0
488.0
446.0
417.0
403.0
401.0
404.0
413.0
451.0
495.0
504.0
483.0
438.0
417.0
403.0
398.0
405.0
421.0
472.0
501.0
496.0
463.0
428.0
408.0
402.0
405.0
411.0
439.0
493.0
509.0
486.0
450.0
418.0
406.0
399.0
403.0
416.0
459.0
501.0
500.0
470.0
430.0
410.0
401.0
397.0
403.0
429.0
484.0
506.0
491.0
459.0
418.0
403.0
401.0
403.0
414.0
451.0
496.0
516.0
488.0
448.0
416.0
409.0
403.0
408.0
424.0
469.0
505.0
512.0
482.0
440.0
418.0
411.0
407.0
410.0
415.0
467.0
502.0
509.0
476.0
436.0
415.0
409.0
405.0
407.0
427.0
474.0
504.0
510.0
477.0
436.0
420.0
410.0
406.0
408.0
429.0
475.0
502.0
508.0
477.0
434.0
418.0
409.0
406.0
408.0
430.0
474.0
504.0
502.0
469.0
429.0
414.0
405.0
404.0
411.0
435.0
484.0
504.0
498.0
464.0
425.0
410.0
404.0
404.0
407.0
439.0
483.0
503.0
491.0
456.0
421.0
405.0
399.0
402.0
409.0
440.0
489.0
501.0
486.0
449.0
414.0
408.0
398.0
400.0
404.0
440.0
484.0
501.0
489.0
446.0
419.0
402.0
394.0
397.0
405.0
438.0
489.0
500.0
484.0
444.0
411.0
403.0
397.0
398.0
406.0
446.0
487.0
499.0
480.0
438.0
414.0
395.0
397.0
398.0
410.0
457.0
491.0
495.0
475.0
434.0
410.0
398.0
395.0
400.0
405.0
448.0
488.0
502.0
482.0
441.0
415.0
400.0
398.0
397.0
410.0
442.0
485.0
499.0
488.0
450.0
417.0
407.0
403.0
399.0
407.0
436.0
481.0
503.0
493.0
454.0
423.0
409.0
398.0
400.0
404.0
435.0
480.0
502.0
487.0
454.0
415.0
405.0
399.0
399.0
408.0
434.0
480.0
497.0
490.0
457.0
418.0
401.0
400.0
402.0
405.0
436.0
480.0
501.0
491.0
450.0
411.0
403.0
399.0
401.0
405.0
442.0
481.0
500.0
482.0
444.0
415.0
399.0
398.0
394.0
409.0
446.0
492.0
499.0
479.0
443.0
416.0
401.0
400.0
403.0
412.0
454.0
492.0
494.0
473.0
431.0
411.0
401.0
395.0
403.0
421.0
467.0
498.0
499.0
461.0
421.0
403.0
396.0
392.0
405.0
428.0
472.0
496.0
492.0
454.0
419.0
406.0
394.0
397.0
403.0
431.0
477.0
497.0
488.0
450.0
415.0
400.0
396.0
393.0
405.0
444.0
486.0
501.0
484.0
447.0
416.0
403.0
397.0
399.0
407.0
455.0
487.0
501.0
482.0
439.0
410.0
405.0
398.0
399.0
407.0
453.0
486.0
499.0
473.0
434.0
408.0
400.0
398.0
401.0
409.0
451.0
496.0
501.0
476.0
432.0
410.0
404.0
396.0
399.0
410.0
454.0
490.0
493.0
473.0
435.0
413.0
397.0
392.0
403.0
414.0
462.0
495.0
498.0
472.0
434.0
409.0
402.0
399.0
399.0
409.0
448.0
494.0
504.0
479.0
438.0
412.0
403.0
397.0
399.0
412.0
451.0
494.0
500.0
481.0
443.0
413.0
404.0
402.0
403.0
413.0
452.0
487.0
495.0
484.0
448.0
412.0
402.0
399.0
394.0
407.0
435.0
481.0
501.0
486.0
446.0
406.0
401.0
402.0
402.0
407.0
441.0
481.0
499.0
490.0
448.0
421.0
406.0
396.0
400.0
405.0
437.0
486.0
498.0
491.0
454.0
417.0
407.0
399.0
401.0
408.0
442.0
490.0
505.0
487.0
444.0
415.0
407.0
399.0
400.0
412.0
457.0
499.0
506.0
481.0
444.0
420.0
412.0
408.0
417.0
425.0
467.0
504.0
512.0
478.0
437.0
415.0
405.0
407.0
406.0
562.0
456.0
450.0
441.0
401.0
361.0
336.0
334.0
335.0
338.0
383.0
438.0
447.0
429.0
387.0
359.0
617.0
981.0
950.0
944.0
987.0
1018.0
1019.0
991.0
952.0
927.0
918.0
916.0
922.0
952.0
1002.0
1022.0
1016.0
986.0
939.0
925.0
919.0
921.0
929.0
965.0
1021.0
1051.0
1040.0
978.0
942.0
929.0
917.0
911.0
931.0
979.0
1025.0
1037.0
1022.0
978.0
946.0
941.0
930.0
940.0
953.0
1008.0
1049.0
1063.0
1030.0
991.0
958.0
947.0
953.0
957.0
979.0
1027.0
1062.0
1066.0
1027.0
989.0
967.0
957.0
951.0
959.0
990.0
1039.0
1065.0
1055.0
1021.0
975.0
963.0
961.0
955.0
966.0
1011.0
1062.0
1071.0
1050.0
1002.0
977.0
965.0
957.0
963.0
981.0
1031.0
1062.0
1066.0
1022.0
985.0
972.0
961.0
955.0
965.0
1005.0
1054.0
1065.0
1046.0
1005.0
967.0
963.0
951.0
957.0
968.0
1033.0
1065.0
1065.0
1035.0
985.0
969.0
963.0
963.0
966.0
1009.0
1056.0
1073.0
1045.0
1002.0
978.0
964.0
962.0
969.0
993.0
1041.0
1070.0
1064.0
1032.0
984.0
974.0
965.0
965.0
971.0
1006.0
1054.0
1069.0
1056.0
1017.0
986.0
974.0
958.0
964.0
973.0
1014.0
1062.0
1069.0
1044.0
1004.0
968.0
964.0
955.0
958.0
974.0
1028.0
1056.0
1063.0
1025.0
977.0
968.0
954.0
953.0
963.0
991.0
1046.0
1064.0
1053.0
1008.0
977.0
959.0
952.0
686.0
701.0
752.0
786.0
801.0
756.0
721.0
689.0
687.0
688.0
689.0
717.0
771.0
794.0
780.0
737.0
698.0
686.0
671.0
679.0
689.0
738.0
796.0
804.0
775.0
729.0
693.0
688.0
676.0
682.0
707.0
762.0
801.0
797.0
751.0
709.0
691.0
683.0
681.0
696.0
749.0
792.0
805.0
765.0
723.0
701.0
691.0
691.0
696.0
723.0
779.0
807.0
795.0
743.0
699.0
683.0
689.0
680.0
698.0
751.0
797.0
797.0
761.0
718.0
695.0
686.0
680.0
690.0
723.0
781.0
801.0
789.0
739.0
703.0
687.0
678.0
680.0
691.0
744.0
786.0
798.0
762.0
719.0
692.0
677.0
683.0
687.0
715.0
772.0
796.0
786.0
744.0
700.0
688.0
672.0
681.0
690.0
729.0
780.0
786.0
762.0
711.0
686.0
675.0
675.0
686.0
704.0
762.0
793.0
785.0
739.0
699.0
678.0
680.0
675.0
690.0
731.0
785.0
800.0
776.0
729.0
693.0
681.0
679.0
687.0
705.0
760.0
798.0
799.0
762.0
717.0
701.0
691.0
691.0
699.0
737.0
784.0
809.0
798.0
747.0
710.0
699.0
695.0
684.0
709.0
754.0
795.0
807.0
770.0
720.0
697.0
688.0
691.0
691.0
719.0
778.0
804.0
790.0
751.0
718.0
691.0
687.0
689.0
696.0
744.0
786.0
798.0
779.0
729.0
699.0
682.0
680.0
688.0
701.0
760.0
796.0
792.0
761.0
713.0
691.0
681.0
684.0
689.0
715.0
767.0
793.0
790.0
750.0
708.0
687.0
676.0
672.0
680.0
718.0
766.0
797.0
784.0
738.0
698.0
682.0
677.0
677.0
688.0
732.0
772.0
788.0
773.0
724.0
693.0
677.0
675.0
678.0
696.0
746.0
781.0
787.0
751.0
701.0
685.0
669.0
668.0
677.0
711.0
764.0
779.0
772.0
733.0
693.0
672.0
676.0
668.0
679.0
719.0
769.0
782.0
755.0
712.0
685.0
672.0
669.0
673.0
685.0
734.0
777.0
781.0
743.0
699.0
674.0
664.0
665.0
669.0
697.0
755.0
776.0
767.0
723.0
684.0
675.0
664.0
662.0
669.0
719.0
769.0
779.0
757.0
714.0
686.0
669.0
671.0
673.0
693.0
745.0
785.0
775.0
736.0
696.0
680.0
673.0
670.0
681.0
722.0
767.0
783.0
749.0
706.0
671.0
671.0
665.0
661.0
683.0
745.0
778.0
768.0
730.0
695.0
670.0
663.0
667.0
674.0
714.0
763.0
774.0
753.0
707.0
674.0
664.0
656.0
663.0
689.0
738.0
770.0
774.0
733.0
685.0
675.0
666.0
666.0
673.0
713.0
758.0
778.0
755.0
713.0
680.0
668.0
663.0
667.0
673.0
723.0
762.0
772.0
745.0
695.0
675.0
663.0
664.0
665.0
686.0
741.0
768.0
774.0
738.0
689.0
670.0
665.0
661.0
667.0
703.0
759.0
777.0
762.0
723.0
685.0
663.0
662.0
664.0
676.0
714.0
761.0
775.0
758.0
710.0
682.0
664.0
658.0
665.0
675.0
718.0
765.0
775.0
744.0
701.0
678.0
668.0
663.0
665.0
689.0
737.0
767.0
773.0
730.0
687.0
670.0
667.0
662.0
669.0
693.0
750.0
766.0
767.0
723.0
692.0
673.0
663.0
663.0
665.0
690.0
745.0
765.0
761.0
720.0
680.0
665.0
659.0
658.0
668.0
699.0
750.0
771.0
755.0
711.0
678.0
661.0
656.0
662.0
670.0
713.0
752.0
768.0
750.0
707.0
669.0
660.0
652.0
655.0
668.0
710.0
756.0
765.0
739.0
697.0
675.0
659.0
654.0
658.0
669.0
715.0
764.0
765.0
729.0
686.0
666.0
654.0
650.0
659.0
678.0
726.0
766.0
757.0
719.0
675.0
659.0
653.0
647.0
654.0
681.0
730.0
757.0
761.0
718.0
675.0
654.0
653.0
651.0
655.0
681.0
735.0
760.0
746.0
717.0
668.0
656.0
655.0
651.0
658.0
693.0
741.0
760.0
742.0
702.0
673.0
656.0
656.0
658.0
666.0
707.0
753.0
765.0
742.0
697.0
670.0
658.0
657.0
657.0
668.0
711.0
1049.0
1046.0
1015.0
977.0
950.0
938.0
946.0
938.0
957.0
999.0
1015.0
999.0
958.0
871.0
842.0
827.0
830.0
825.0
865.0
917.0
941.0
935.0
891.0
847.0
831.0
817.0
822.0
826.0
856.0
918.0
943.0
933.0
882.0
844.0
820.0
822.0
817.0
831.0
867.0
927.0
946.0
926.0
881.0
843.0
825.0
813.0
820.0
835.0
887.0
930.0
939.0
919.0
871.0
857.0
865.0
855.0
847.0
846.0
873.0
920.0
934.0
922.0
879.0
853.0
835.0
829.0
826.0
832.0
862.0
914.0
934.0
907.0
868.0
836.0
811.0
803.0
813.0
824.0
859.0
905.0
921.0
912.0
876.0
826.0
808.0
813.0
814.0
819.0
850.0
895.0
912.0
898.0
860.0
824.0
808.0
806.0
810.0
817.0
857.0
896.0
922.0
899.0
859.0
814.0
805.0
802.0
807.0
828.0
860.0
906.0
926.0
905.0
867.0
830.0
815.0
799.0
803.0
841.0
681.0
728.0
772.0
875.0
845.0
809.0
790.0
788.0
782.0
803.0
848.0
890.0
908.0
878.0
831.0
798.0
782.0
788.0
795.0
820.0
1042.0
1079.0
1089.0
1040.0
994.0
964.0
953.0
943.0
943.0
967.0
1031.0
1063.0
1064.0
901.0
971.0
956.0
941.0
945.0
943.0
855.0
1024.0
535.0
545.0
500.0
458.0
435.0
423.0
448.0
445.0
748.0
887.0
771.0
764.0
730.0
741.0
869.0
833.0
818.0
827.0
850.0
916.0
926.0
945.0
908.0
885.0
875.0
861.0
823.0
843.0
883.0
935.0
959.0
585.0
537.0
950.0
930.0
429.0
476.0
566.0
618.0
659.0
674.0
647.0
597.0
518.0
942.0
938.0
941.0
687.0
669.0
1033.0
1053.0
1014.0
497.0
476.0
926.0
929.0
932.0
970.0
1021.0
1054.0
1032.0
996.0
950.0
938.0
926.0
927.0
937.0
971.0
1032.0
1048.0
1020.0
971.0
948.0
940.0
922.0
935.0
947.0
995.0
1041.0
1055.0
1026.0
983.0
953.0
931.0
935.0
943.0
954.0
994.0
1039.0
1052.0
1025.0
500.0
949.0
932.0
932.0
929.0
938.0
979.0
847.0
568.0
541.0
967.0
938.0
921.0
922.0
919.0
928.0
977.0
1020.0
1027.0
989.0
946.0
919.0
914.0
910.0
923.0
936.0
987.0
1014.0
1024.0
981.0
934.0
920.0
906.0
913.0
919.0
952.0
1010.0
1024.0
1013.0
963.0
921.0
908.0
906.0
911.0
919.0
971.0
1014.0
1026.0
995.0
951.0
916.0
909.0
909.0
906.0
919.0
968.0
1014.0
1016.0
993.0
945.0
918.0
906.0
901.0
910.0
929.0
980.0
1015.0
1013.0
978.0
939.0
917.0
911.0
903.0
913.0
940.0
1005.0
1026.0
1014.0
975.0
932.0
911.0
909.0
912.0
919.0
947.0
1000.0
1029.0
1014.0
976.0
934.0
923.0
921.0
918.0
925.0
963.0
1016.0
1032.0
1019.0
972.0
933.0
927.0
919.0
920.0
935.0
987.0
1024.0
1038.0
1007.0
962.0
937.0
926.0
922.0
924.0
947.0
999.0
1035.0
1036.0
1001.0
955.0
937.0
927.0
920.0
930.0
967.0
1023.0
1042.0
1032.0
991.0
951.0
936.0
926.0
933.0
938.0
982.0
1037.0
1050.0
1022.0
980.0
950.0
938.0
927.0
933.0
951.0
1005.0
1043.0
1048.0
1015.0
970.0
947.0
936.0
939.0
941.0
969.0
1017.0
1046.0
1035.0
994.0
953.0
957.0
931.0
933.0
940.0
970.0
1019.0
1037.0
1019.0
975.0
943.0
931.0
930.0
927.0
939.0
985.0
1038.0
1038.0
1011.0
969.0
940.0
933.0
927.0
935.0
955.0
1010.0
1043.0
1041.0
998.0
958.0
941.0
926.0
927.0
935.0
970.0
1018.0
1034.0
1025.0
979.0
947.0
932.0
930.0
931.0
944.0
983.0
1031.0
1034.0
1006.0
963.0
939.0
931.0
931.0
932.0
949.0
1001.0
1025.0
1015.0
982.0
937.0
927.0
930.0
931.0
938.0
977.0
1025.0
1039.0
1029.0
987.0
955.0
943.0
935.0
933.0
947.0
990.0
1035.0
1043.0
1017.0
976.0
951.0
942.0
941.0
939.0
963.0
1013.0
1043.0
1055.0
1006.0
978.0
955.0
950.0
951.0
952.0
983.0
1030.0
1053.0
1053.0
1013.0
968.0
957.0
953.0
945.0
953.0
991.0
1044.0
1060.0
1038.0
998.0
967.0
957.0
954.0
957.0
962.0
1012.0
1051.0
1063.0
1035.0
987.0
962.0
951.0
948.0
956.0
981.0
1035.0
1051.0
1052.0
1018.0
976.0
959.0
953.0
957.0
961.0
1001.0
1047.0
1069.0
1045.0
1003.0
973.0
954.0
950.0
954.0
966.0
1010.0
1056.0
1064.0
1031.0
987.0
969.0
959.0
956.0
961.0
991.0
1041.0
1049.0
1031.0
983.0
955.0
934.0
927.0
920.0
939.0
984.0
1034.0
1038.0
1010.0
972.0
949.0
943.0
941.0
950.0
975.0
1033.0
1067.0
1058.0
1014.0
974.0
956.0
957.0
950.0
974.0
1007.0
1015.0
1033.0
1011.0
973.0
962.0
943.0
943.0
969.0
1007.0
1047.0
1089.0
1075.0
1030.0
937.0
967.0
961.0
969.0
968.0
1024.0
1059.0
1035.0
1005.0
971.0
957.0
963.0
943.0
948.0
974.0
1024.0
1059.0
1045.0
1003.0
959.0
947.0
952.0
946.0
955.0
970.0
1020.0
1051.0
1026.0
983.0
959.0
934.0
928.0
934.0
963.0
995.0
1035.0
1044.0
1026.0
987.0
946.0
932.0
915.0
910.0
927.0
971.0
1015.0
1021.0
1009.0
961.0
935.0
928.0
921.0
918.0
931.0
975.0
1015.0
1031.0
1004.0
967.0
938.0
924.0
922.0
920.0
936.0
978.0
1018.0
1032.0
997.0
958.0
935.0
923.0
922.0
927.0
942.0
1001.0
1033.0
1032.0
999.0
950.0
938.0
929.0
923.0
928.0
959.0
1001.0
1030.0
1027.0
984.0
945.0
924.0
924.0
919.0
935.0
959.0
1021.0
1046.0
1033.0
994.0
959.0
939.0
931.0
935.0
937.0
976.0
1023.0
1041.0
1022.0
982.0
950.0
939.0
935.0
928.0
941.0
985.0
1025.0
1042.0
1009.0
965.0
931.0
917.0
920.0
923.0
939.0
989.0
1022.0
1017.0
978.0
926.0
919.0
912.0
913.0
920.0
947.0
959.0
972.0
982.0
949.0
908.0
906.0
911.0
880.0
875.0
928.0
994.0
1017.0
990.0
963.0
1127.0
1152.0
535.0
527.0
528.0
573.0
614.0
621.0
593.0
550.0
529.0
517.0
516.0
512.0
524.0
571.0
611.0
613.0
589.0
546.0
520.0
514.0
503.0
507.0
518.0
558.0
599.0
611.0
587.0
551.0
521.0
513.0
505.0
507.0
516.0
551.0
592.0
611.0
595.0
553.0
522.0
510.0
500.0
504.0
516.0
878.0
735.0
742.0
719.0
677.0
651.0
637.0
635.0
637.0
655.0
706.0
739.0
740.0
708.0
663.0
643.0
631.0
629.0
639.0
671.0
719.0
742.0
736.0
691.0
653.0
635.0
635.0
627.0
643.0
680.0
728.0
745.0
718.0
674.0
650.0
634.0
627.0
632.0
647.0
699.0
731.0
741.0
702.0
659.0
643.0
646.0
631.0
637.0
661.0
713.0
738.0
738.0
699.0
659.0
641.0
631.0
634.0
646.0
691.0
731.0
748.0
723.0
680.0
656.0
641.0
639.0
644.0
665.0
717.0
751.0
749.0
710.0
668.0
651.0
644.0
644.0
650.0
687.0
737.0
759.0
738.0
701.0
662.0
647.0
642.0
644.0
654.0
701.0
749.0
753.0
731.0
690.0
662.0
648.0
648.0
650.0
664.0
711.0
749.0
761.0
735.0
688.0
659.0
650.0
640.0
651.0
666.0
721.0
751.0
755.0
712.0
673.0
656.0
644.0
642.0
647.0
677.0
724.0
755.0
747.0
705.0
658.0
647.0
642.0
639.0
648.0
677.0
725.0
746.0
739.0
696.0
657.0
646.0
637.0
636.0
640.0
671.0
720.0
747.0
737.0
699.0
657.0
640.0
635.0
631.0
639.0
669.0
722.0
745.0
728.0
688.0
646.0
635.0
627.0
626.0
638.0
674.0
718.0
739.0
723.0
679.0
644.0
633.0
623.0
625.0
634.0
668.0
719.0
733.0
722.0
680.0
642.0
631.0
624.0
622.0
631.0
674.0
720.0
734.0
716.0
673.0
647.0
629.0
626.0
626.0
635.0
685.0
723.0
734.0
706.0
663.0
635.0
628.0
623.0
623.0
642.0
683.0
725.0
729.0
704.0
659.0
635.0
620.0
620.0
626.0
640.0
692.0
732.0
732.0
694.0
649.0
629.0
624.0
622.0
627.0
656.0
699.0
732.0
724.0
685.0
643.0
626.0
626.0
618.0
624.0
654.0
708.0
724.0
722.0
678.0
643.0
624.0
615.0
618.0
625.0
662.0
715.0
727.0
703.0
661.0
635.0
623.0
617.0
617.0
628.0
669.0
712.0
725.0
706.0
667.0
633.0
617.0
612.0
616.0
625.0
676.0
719.0
722.0
698.0
658.0
629.0
614.0
615.0
616.0
633.0
683.0
723.0
720.0
688.0
642.0
624.0
619.0
615.0
616.0
640.0
697.0
721.0
719.0
674.0
632.0
619.0
615.0
607.0
621.0
662.0
709.0
722.0
699.0
658.0
625.0
614.0
612.0
611.0
627.0
679.0
715.0
720.0
687.0
646.0
619.0
612.0
605.0
613.0
629.0
686.0
715.0
719.0
679.0
635.0
616.0
610.0
603.0
610.0
639.0
686.0
718.0
711.0
675.0
634.0
615.0
610.0
609.0
614.0
640.0
689.0
718.0
709.0
667.0
630.0
611.0
602.0
607.0
613.0
640.0
690.0
715.0
711.0
668.0
623.0
614.0
608.0
605.0
612.0
644.0
698.0
716.0
701.0
659.0
625.0
607.0
603.0
608.0
613.0
651.0
699.0
710.0
698.0
655.0
619.0
607.0
604.0
607.0
613.0
651.0
699.0
712.0
693.0
653.0
622.0
601.0
602.0
602.0
609.0
650.0
696.0
714.0
690.0
649.0
620.0
605.0
599.0
603.0
613.0
662.0
700.0
707.0
684.0
640.0
613.0
598.0
602.0
605.0
613.0
659.0
702.0
705.0
681.0
634.0
605.0
602.0
596.0
609.0
622.0
667.0
701.0
700.0
639.0
612.0
586.0
575.0
573.0
408.0
802.0
836.0
872.0
867.0
748.0
744.0
702.0
691.0
690.0
693.0
712.0
828.0
836.0
830.0
753.0
708.0
691.0
681.0
683.0
695.0
733.0
787.0
803.0
782.0
723.0
678.0
672.0
659.0
665.0
676.0
727.0
771.0
762.0
741.0
704.0
677.0
670.0
662.0
663.0
662.0
707.0
755.0
777.0
750.0
702.0
666.0
657.0
658.0
650.0
670.0
718.0
769.0
773.0
738.0
694.0
663.0
652.0
649.0
645.0
660.0
713.0
760.0
771.0
734.0
690.0
659.0
647.0
643.0
647.0
659.0
711.0
755.0
764.0
732.0
684.0
659.0
647.0
640.0
648.0
659.0
711.0
751.0
764.0
726.0
680.0
655.0
645.0
637.0
641.0
657.0
718.0
758.0
768.0
727.0
687.0
666.0
650.0
642.0
648.0
660.0
721.0
754.0
753.0
723.0
677.0
657.0
642.0
644.0
653.0
680.0
727.0
762.0
757.0
728.0
684.0
662.0
650.0
642.0
640.0
672.0
728.0
762.0
753.0
722.0
674.0
654.0
648.0
647.0
650.0
682.0
742.0
766.0
751.0
705.0
662.0
645.0
650.0
640.0
648.0
677.0
725.0
751.0
745.0
713.0
664.0
650.0
636.0
643.0
656.0
694.0
743.0
768.0
764.0
716.0
669.0
655.0
647.0
643.0
648.0
663.0
722.0
751.0
748.0
711.0
580.0
543.0
533.0
535.0
539.0
561.0
615.0
645.0
650.0
610.0
570.0
546.0
537.0
532.0
537.0
551.0
609.0
650.0
658.0
623.0
576.0
550.0
537.0
530.0
538.0
550.0
598.0
647.0
658.0
632.0
587.0
550.0
542.0
540.0
541.0
548.0
591.0
640.0
653.0
639.0
595.0
550.0
539.0
537.0
533.0
541.0
588.0
639.0
645.0
638.0
587.0
550.0
542.0
530.0
534.0
544.0
585.0
636.0
652.0
635.0
590.0
552.0
542.0
535.0
535.0
544.0
588.0
635.0
650.0
632.0
586.0
555.0
532.0
536.0
536.0
539.0
586.0
632.0
650.0
629.0
587.0
555.0
533.0
528.0
530.0
548.0
598.0
646.0
655.0
628.0
589.0
554.0
540.0
531.0
539.0
546.0
583.0
636.0
654.0
635.0
588.0
554.0
544.0
531.0
537.0
545.0
581.0
637.0
658.0
642.0
598.0
553.0
542.0
526.0
538.0
540.0
578.0
631.0
648.0
641.0
595.0
551.0
534.0
528.0
533.0
542.0
582.0
634.0
648.0
631.0
587.0
549.0
539.0
541.0
540.0
552.0
600.0
653.0
669.0
649.0
605.0
573.0
559.0
550.0
555.0
564.0
603.0
649.0
666.0
659.0
610.0
570.0
558.0
550.0
547.0
559.0
593.0
645.0
662.0
657.0
613.0
573.0
553.0
551.0
552.0
559.0
602.0
650.0
666.0
642.0
595.0
564.0
552.0
545.0
551.0
561.0
614.0
656.0
663.0
633.0
592.0
561.0
547.0
544.0
546.0
570.0
622.0
663.0
664.0
625.0
582.0
562.0
547.0
544.0
550.0
568.0
624.0
662.0
654.0
628.0
584.0
555.0
542.0
546.0
550.0
572.0
616.0
652.0
654.0
627.0
583.0
557.0
546.0
542.0
547.0
564.0
613.0
647.0
657.0
620.0
579.0
554.0
550.0
532.0
553.0
563.0
616.0
656.0
661.0
630.0
585.0
558.0
549.0
548.0
552.0
575.0
626.0
662.0
659.0
617.0
574.0
554.0
551.0
552.0
559.0
592.0
645.0
671.0
656.0
611.0
572.0
576.0
554.0
555.0
566.0
609.0
661.0
672.0
651.0
598.0
574.0
569.0
564.0
567.0
584.0
639.0
677.0
681.0
647.0
605.0
581.0
569.0
572.0
576.0
596.0
647.0
679.0
683.0
651.0
604.0
586.0
582.0
573.0
586.0
610.0
660.0
691.0
684.0
643.0
606.0
588.0
579.0
577.0
588.0
621.0
671.0
692.0
683.0
641.0
607.0
588.0
582.0
587.0
593.0
637.0
687.0
703.0
682.0
643.0
607.0
597.0
595.0
594.0
607.0
649.0
688.0
710.0
677.0
636.0
604.0
596.0
591.0
592.0
602.0
648.0
695.0
711.0
687.0
644.0
607.0
599.0
592.0
592.0
609.0
647.0
690.0
700.0
678.0
634.0
606.0
593.0
589.0
592.0
604.0
650.0
691.0
703.0
677.0
636.0
605.0
590.0
585.0
593.0
602.0
643.0
686.0
707.0
677.0
638.0
603.0
588.0
591.0
583.0
593.0
634.0
677.0
698.0
683.0
639.0
602.0
591.0
579.0
583.0
615.0
658.0
717.0
741.0
727.0
690.0
647.0
634.0
628.0
633.0
647.0
683.0
739.0
769.0
753.0
701.0
661.0
651.0
639.0
640.0
652.0
684.0
741.0
765.0
749.0
702.0
656.0
649.0
639.0
649.0
656.0
698.0
750.0
784.0
760.0
718.0
686.0
672.0
661.0
664.0
672.0
727.0
775.0
787.0
756.0
711.0
686.0
672.0
672.0
672.0
687.0
738.0
780.0
775.0
745.0
700.0
679.0
668.0
674.0
677.0
711.0
771.0
793.0
774.0
729.0
695.0
677.0
669.0
673.0
689.0
743.0
784.0
791.0
747.0
704.0
688.0
675.0
671.0
683.0
720.0
776.0
795.0
775.0
723.0
687.0
678.0
666.0
674.0
694.0
765.0
790.0
792.0
746.0
703.0
682.0
677.0
680.0
688.0
731.0
774.0
801.0
763.0
718.0
687.0
668.0
665.0
670.0
689.0
750.0
788.0
779.0
732.0
697.0
688.0
679.0
685.0
690.0
743.0
791.0
805.0
773.0
728.0
693.0
688.0
682.0
683.0
708.0
770.0
794.0
790.0
744.0
705.0
687.0
679.0
678.0
689.0
731.0
790.0
795.0
767.0
718.0
688.0
674.0
672.0
673.0
704.0
758.0
787.0
781.0
740.0
702.0
688.0
677.0
683.0
689.0
736.0
786.0
802.0
759.0
716.0
689.0
673.0
680.0
682.0
707.0
768.0
795.0
778.0
728.0
693.0
682.0
676.0
674.0
687.0
738.0
786.0
787.0
766.0
714.0
684.0
684.0
675.0
686.0
702.0
766.0
792.0
793.0
749.0
703.0
691.0
680.0
679.0
692.0
734.0
784.0
807.0
796.0
754.0
718.0
703.0
700.0
699.0
710.0
766.0
814.0
820.0
798.0
753.0
720.0
713.0
703.0
711.0
734.0
787.0
832.0
832.0
794.0
746.0
714.0
707.0
709.0
711.0
748.0
808.0
833.0
817.0
771.0
739.0
719.0
717.0
717.0
733.0
785.0
828.0
837.0
803.0
754.0
725.0
720.0
711.0
720.0
747.0
803.0
837.0
830.0
799.0
749.0
727.0
725.0
726.0
730.0
771.0
824.0
846.0
832.0
783.0
736.0
730.0
723.0
719.0
736.0
788.0
835.0
843.0
807.0
757.0
733.0
727.0
722.0
723.0
750.0
811.0
839.0
830.0
786.0
742.0
725.0
713.0
716.0
725.0
770.0
823.0
843.0
822.0
778.0
742.0
719.0
714.0
720.0
728.0
779.0
822.0
836.0
810.0
761.0
731.0
717.0
709.0
717.0
736.0
791.0
830.0
834.0
793.0
746.0
719.0
711.0
709.0
711.0
738.0
796.0
823.0
825.0
777.0
734.0
715.0
709.0
705.0
727.0
755.0
805.0
825.0
806.0
760.0
726.0
707.0
709.0
713.0
718.0
765.0
815.0
812.0
794.0
750.0
720.0
727.0
732.0
747.0
552.0
601.0
630.0
640.0
594.0
556.0
531.0
522.0
518.0
525.0
556.0
612.0
642.0
624.0
583.0
538.0
517.0
514.0
518.0
528.0
577.0
619.0
633.0
609.0
560.0
530.0
517.0
508.0
520.0
534.0
599.0
625.0
631.0
586.0
543.0
519.0
513.0
515.0
522.0
556.0
615.0
641.0
609.0
563.0
531.0
518.0
515.0
516.0
527.0
581.0
616.0
625.0
588.0
548.0
523.0
512.0
506.0
516.0
546.0
602.0
622.0
613.0
574.0
531.0
521.0
509.0
512.0
523.0
571.0
617.0
622.0
602.0
558.0
527.0
514.0
515.0
521.0
550.0
599.0
627.0
617.0
573.0
534.0
521.0
512.0
516.0
530.0
581.0
622.0
628.0
592.0
542.0
520.0
509.0
539.0
542.0
580.0
624.0
649.0
635.0
590.0
547.0
533.0
532.0
531.0
546.0
590.0
629.0
637.0
606.0
561.0
541.0
526.0
522.0
527.0
559.0
609.0
633.0
623.0
588.0
543.0
529.0
521.0
521.0
532.0
584.0
630.0
639.0
603.0
560.0
536.0
526.0
523.0
524.0
549.0
602.0
633.0
621.0
583.0
542.0
528.0
518.0
514.0
523.0
556.0
609.0
630.0
608.0
561.0
534.0
518.0
517.0
522.0
529.0
578.0
618.0
624.0
592.0
555.0
557.0
574.0
584.0
578.0
603.0
648.0
687.0
682.0
646.0
601.0
592.0
580.0
578.0
585.0
614.0
673.0
684.0
676.0
633.0
602.0
584.0
583.0
585.0
589.0
625.0
678.0
695.0
675.0
630.0
601.0
580.0
579.0
578.0
589.0
639.0
681.0
694.0
657.0
610.0
585.0
577.0
572.0
583.0
609.0
660.0
685.0
684.0
636.0
599.0
579.0
576.0
574.0
585.0
622.0
668.0
687.0
671.0
621.0
598.0
577.0
575.0
578.0
588.0
876.0
918.0
928.0
893.0
860.0
835.0
837.0
820.0
830.0
858.0
921.0
947.0
947.0
914.0
863.0
836.0
832.0
831.0
843.0
875.0
937.0
954.0
931.0
885.0
844.0
836.0
827.0
834.0
849.0
911.0
938.0
954.0
917.0
879.0
844.0
847.0
840.0
843.0
867.0
923.0
947.0
940.0
892.0
844.0
839.0
838.0
841.0
842.0
884.0
931.0
957.0
942.0
903.0
863.0
846.0
831.0
839.0
846.0
890.0
937.0
963.0
949.0
895.0
870.0
853.0
837.0
834.0
825.0
847.0
904.0
922.0
910.0
868.0
826.0
811.0
807.0
803.0
813.0
850.0
901.0
917.0
897.0
846.0
818.0
802.0
792.0
798.0
790.0
835.0
895.0
904.0
881.0
829.0
796.0
782.0
784.0
790.0
797.0
847.0
893.0
898.0
879.0
834.0
802.0
784.0
786.0
787.0
807.0
867.0
902.0
907.0
871.0
824.0
795.0
792.0
792.0
793.0
815.0
878.0
906.0
923.0
900.0
851.0
827.0
812.0
794.0
806.0
826.0
879.0
923.0
910.0
887.0
843.0
831.0
833.0
815.0
821.0
836.0
895.0
930.0
947.0
947.0
875.0
851.0
830.0
817.0
823.0
829.0
871.0
930.0
947.0
913.0
889.0
847.0
832.0
826.0
830.0
829.0
850.0
908.0
939.0
942.0
921.0
870.0
840.0
826.0
833.0
832.0
792.0
829.0
881.0
897.0
890.0
855.0
808.0
803.0
779.0
791.0
789.0
802.0
845.0
898.0
905.0
882.0
833.0
802.0
787.0
783.0
783.0
787.0
803.0
861.0
903.0
899.0
874.0
841.0
801.0
794.0
789.0
772.0
801.0
834.0
879.0
902.0
903.0
871.0
827.0
801.0
793.0
785.0
790.0
796.0
842.0
890.0
910.0
897.0
852.0
808.0
789.0
782.0
773.0
786.0
799.0
854.0
885.0
901.0
888.0
849.0
811.0
788.0
782.0
785.0
785.0
802.0
857.0
893.0
911.0
889.0
849.0
813.0
790.0
788.0
783.0
784.0
811.0
853.0
901.0
906.0
879.0
839.0
803.0
786.0
777.0
776.0
780.0
802.0
847.0
889.0
892.0
869.0
829.0
799.0
786.0
781.0
774.0
781.0
806.0
856.0
896.0
901.0
867.0
826.0
795.0
783.0
778.0
769.0
781.0
798.0
844.0
881.0
895.0
873.0
833.0
793.0
777.0
774.0
775.0
777.0
794.0
848.0
887.0
893.0
876.0
836.0
796.0
776.0
778.0
768.0
780.0
790.0
842.0
892.0
895.0
872.0
835.0
812.0
791.0
774.0
777.0
789.0
804.0
857.0
893.0
891.0
866.0
821.0
791.0
782.0
774.0
774.0
787.0
811.0
863.0
891.0
884.0
844.0
803.0
787.0
772.0
772.0
773.0
788.0
830.0
867.0
882.0
866.0
838.0
798.0
782.0
770.0
773.0
768.0
793.0
837.0
877.0
883.0
865.0
830.0
786.0
779.0
768.0
766.0
773.0
802.0
846.0
880.0
882.0
858.0
810.0
780.0
767.0
767.0
767.0
776.0
817.0
867.0
888.0
875.0
831.0
791.0
779.0
765.0
774.0
774.0
799.0
854.0
881.0
885.0
846.0
795.0
777.0
768.0
765.0
775.0
790.0
848.0
878.0
883.0
851.0
813.0
780.0
774.0
771.0
770.0
775.0
823.0
867.0
885.0
871.0
828.0
788.0
773.0
762.0
763.0
773.0
792.0
843.0
879.0
882.0
847.0
809.0
783.0
764.0
765.0
763.0
767.0
810.0
857.0
884.0
867.0
823.0
789.0
767.0
761.0
766.0
767.0
781.0
835.0
866.0
878.0
847.0
816.0
779.0
773.0
762.0
767.0
764.0
791.0
838.0
866.0
869.0
839.0
800.0
777.0
771.0
761.0
760.0
767.0
809.0
855.0
863.0
863.0
827.0
781.0
771.0
761.0
758.0
767.0
785.0
831.0
867.0
870.0
835.0
804.0
774.0
755.0
746.0
761.0
768.0
801.0
852.0
872.0
869.0
829.0
789.0
763.0
757.0
757.0
755.0
770.0
811.0
855.0
864.0
852.0
821.0
778.0
764.0
757.0
760.0
763.0
778.0
823.0
861.0
867.0
847.0
806.0
773.0
769.0
755.0
754.0
760.0
781.0
830.0
861.0
859.0
839.0
794.0
766.0
763.0
758.0
761.0
763.0
809.0
847.0
863.0
851.0
803.0
780.0
762.0
757.0
749.0
768.0
782.0
832.0
870.0
867.0
843.0
800.0
771.0
769.0
747.0
750.0
765.0
795.0
845.0
865.0
869.0
831.0
787.0
763.0
755.0
758.0
755.0
763.0
799.0
842.0
864.0
864.0
829.0
794.0
761.0
759.0
751.0
756.0
763.0
798.0
844.0
873.0
863.0
826.0
788.0
757.0
750.0
750.0
745.0
759.0
800.0
835.0
875.0
868.0
837.0
800.0
770.0
760.0
760.0
762.0
767.0
799.0
847.0
865.0
878.0
841.0
804.0
778.0
773.0
758.0
757.0
763.0
791.0
840.0
872.0
887.0
848.0
810.0
782.0
765.0
762.0
762.0
764.0
795.0
845.0
873.0
876.0
847.0
800.0
775.0
767.0
757.0
757.0
768.0
803.0
850.0
875.0
873.0
834.0
793.0
771.0
761.0
753.0
759.0
770.0
807.0
865.0
875.0
856.0
817.0
777.0
766.0
760.0
762.0
765.0
794.0
838.0
873.0
872.0
843.0
794.0
761.0
755.0
751.0
751.0
766.0
809.0
860.0
882.0
866.0
817.0
783.0
776.0
760.0
755.0
765.0
789.0
833.0
865.0
874.0
843.0
799.0
770.0
763.0
749.0
757.0
769.0
803.0
849.0
872.0
854.0
821.0
778.0
764.0
751.0
759.0
759.0
773.0
826.0
874.0
885.0
862.0
816.0
780.0
764.0
751.0
746.0
769.0
788.0
840.0
878.0
879.0
852.0
810.0
781.0
765.0
756.0
746.0
767.0
803.0
854.0
885.0
890.0
852.0
807.0
781.0
760.0
760.0
761.0
771.0
803.0
863.0
888.0
887.0
846.0
796.0
779.0
764.0
759.0
761.0
769.0
808.0
866.0
887.0
876.0
839.0
793.0
774.0
759.0
762.0
767.0
784.0
839.0
879.0
891.0
865.0
822.0
785.0
765.0
761.0
764.0
776.0
801.0
853.0
887.0
889.0
860.0
824.0
791.0
776.0
768.0
769.0
781.0
815.0
861.0
882.0
881.0
840.0
798.0
777.0
771.0
768.0
769.0
782.0
834.0
874.0
884.0
867.0
822.0
786.0
772.0
765.0
764.0
769.0
799.0
845.0
873.0
880.0
857.0
810.0
784.0
771.0
767.0
772.0
782.0
813.0
857.0
878.0
876.0
839.0
799.0
783.0
772.0
763.0
767.0
785.0
827.0
864.0
881.0
865.0
831.0
794.0
776.0
771.0
771.0
770.0
795.0
844.0
880.0
878.0
854.0
811.0
786.0
774.0
770.0
773.0
773.0
816.0
866.0
882.0
889.0
825.0
801.0
783.0
764.0
769.0
775.0
785.0
833.0
872.0
886.0
868.0
823.0
792.0
765.0
763.0
765.0
773.0
807.0
851.0
886.0
890.0
852.0
805.0
774.0
771.0
762.0
767.0
777.0
816.0
864.0
881.0
874.0
829.0
790.0
777.0
771.0
759.0
766.0
791.0
833.0
874.0
882.0
851.0
812.0
789.0
766.0
762.0
762.0
771.0
801.0
852.0
870.0
881.0
836.0
805.0
778.0
767.0
761.0
763.0
773.0
821.0
867.0
870.0
867.0
822.0
781.0
772.0
765.0
759.0
760.0
785.0
847.0
875.0
875.0
846.0
799.0
765.0
764.0
763.0
765.0
774.0
818.0
862.0
871.0
861.0
819.0
780.0
768.0
763.0
758.0
761.0
791.0
841.0
869.0
869.0
833.0
794.0
774.0
768.0
767.0
765.0
777.0
823.0
866.0
886.0
859.0
819.0
782.0
781.0
766.0
780.0
775.0
810.0
859.0
876.0
877.0
836.0
796.0
777.0
771.0
763.0
775.0
784.0
840.0
877.0
883.0
854.0
818.0
787.0
770.0
769.0
758.0
776.0
813.0
860.0
887.0
878.0
833.0
794.0
774.0
765.0
765.0
768.0
789.0
840.0
878.0
882.0
849.0
807.0
783.0
771.0
772.0
769.0
778.0
825.0
868.0
886.0
862.0
818.0
783.0
770.0
762.0
761.0
774.0
813.0
851.0
879.0
873.0
836.0
789.0
776.0
762.0
763.0
771.0
781.0
839.0
878.0
886.0
849.0
800.0
779.0
763.0
752.0
772.0
779.0
820.0
864.0
887.0
864.0
824.0
782.0
765.0
762.0
766.0
768.0
795.0
847.0
879.0
879.0
842.0
801.0
769.0
762.0
754.0
762.0
770.0
820.0
861.0
879.0
848.0
809.0
779.0
772.0
759.0
759.0
767.0
799.0
846.0
881.0
875.0
843.0
798.0
776.0
765.0
754.0
763.0
768.0
818.0
857.0
883.0
873.0
827.0
787.0
770.0
755.0
764.0
766.0
790.0
843.0
880.0
881.0
846.0
806.0
776.0
765.0
755.0
767.0
766.0
804.0
852.0
881.0
869.0
829.0
790.0
770.0
766.0
759.0
759.0
777.0
824.0
871.0
886.0
868.0
825.0
787.0
777.0
768.0
761.0
774.0
787.0
829.0
872.0
886.0
862.0
818.0
790.0
771.0
764.0
759.0
773.0
798.0
843.0
881.0
889.0
857.0
817.0
783.0
772.0
768.0
772.0
772.0
809.0
857.0
880.0
885.0
844.0
802.0
767.0
765.0
767.0
764.0
774.0
821.0
866.0
890.0
870.0
826.0
788.0
769.0
764.0
761.0
764.0
789.0
840.0
877.0
877.0
859.0
815.0
785.0
762.0
766.0
763.0
770.0
799.0
857.0
877.0
881.0
844.0
797.0
779.0
765.0
755.0
768.0
773.0
818.0
871.0
885.0
866.0
832.0
792.0
776.0
766.0
764.0
767.0
782.0
827.0
869.0
880.0
863.0
822.0
789.0
774.0
768.0
765.0
764.0
784.0
841.0
874.0
889.0
858.0
816.0
784.0
767.0
763.0
769.0
771.0
800.0
847.0
887.0
883.0
860.0
815.0
790.0
770.0
761.0
768.0
778.0
814.0
862.0
893.0
892.0
858.0
823.0
802.0
785.0
781.0
784.0
790.0
820.0
868.0
905.0
903.0
873.0
832.0
801.0
788.0
792.0
785.0
795.0
832.0
877.0
913.0
918.0
890.0
851.0
824.0
808.0
806.0
810.0
811.0
839.0
895.0
929.0
932.0
906.0
867.0
837.0
822.0
817.0
821.0
820.0
851.0
899.0
939.0
951.0
928.0
887.0
845.0
841.0
824.0
827.0
834.0
859.0
914.0
951.0
961.0
941.0
892.0
863.0
842.0
837.0
827.0
841.0
865.0
910.0
951.0
964.0
940.0
899.0
853.0
838.0
843.0
841.0
842.0
865.0
922.0
956.0
965.0
934.0
890.0
861.0
844.0
838.0
832.0
842.0
876.0
927.0
953.0
961.0
933.0
892.0
863.0
845.0
839.0
843.0
846.0
870.0
930.0
963.0
962.0
939.0
895.0
861.0
848.0
842.0
838.0
852.0
885.0
934.0
962.0
967.0
930.0
888.0
860.0
851.0
843.0
847.0
861.0
898.0
939.0
975.0
966.0
924.0
879.0
862.0
852.0
848.0
847.0
866.0
901.0
953.0
969.0
959.0
919.0
874.0
855.0
843.0
843.0
847.0
863.0
912.0
954.0
968.0
943.0
901.0
863.0
854.0
848.0
848.0
855.0
882.0
946.0
974.0
975.0
939.0
902.0
874.0
867.0
857.0
859.0
871.0
906.0
962.0
982.0
983.0
953.0
914.0
888.0
876.0
867.0
875.0
882.0
913.0
975.0
996.0
986.0
951.0
906.0
888.0
881.0
880.0
879.0
890.0
939.0
987.0
1002.0
987.0
955.0
914.0
899.0
889.0
882.0
890.0
902.0
952.0
1002.0
1019.0
1005.0
957.0
922.0
902.0
898.0
900.0
903.0
932.0
977.0
1011.0
1019.0
995.0
955.0
915.0
906.0
894.0
893.0
900.0
912.0
968.0
1013.0
1010.0
991.0
948.0
914.0
896.0
894.0
898.0
890.0
911.0
960.0
1013.0
1013.0
984.0
945.0
909.0
897.0
881.0
893.0
891.0
924.0
969.0
1006.0
1007.0
989.0
939.0
908.0
899.0
892.0
885.0
892.0
923.0
985.0
1003.0
1001.0
963.0
919.0
897.0
898.0
887.0
884.0
900.0
934.0
983.0
999.0
987.0
940.0
906.0
886.0
879.0
877.0
883.0
901.0
947.0
982.0
998.0
973.0
932.0
891.0
878.0
866.0
876.0
874.0
895.0
940.0
977.0
990.0
973.0
927.0
889.0
872.0
866.0
864.0
865.0
897.0
943.0
978.0
979.0
955.0
914.0
879.0
870.0
861.0
862.0
865.0
905.0
946.0
974.0
973.0
939.0
900.0
869.0
861.0
853.0
852.0
864.0
898.0
954.0
978.0
962.0
931.0
891.0
874.0
865.0
859.0
859.0
868.0
909.0
955.0
971.0
957.0
919.0
879.0
862.0
856.0
850.0
855.0
874.0
931.0
964.0
969.0
931.0
889.0
859.0
843.0
849.0
847.0
863.0
910.0
953.0
971.0
943.0
898.0
870.0
851.0
842.0
843.0
850.0
881.0
931.0
962.0
956.0
921.0
878.0
858.0
847.0
839.0
842.0
859.0
911.0
946.0
959.0
940.0
892.0
859.0
848.0
841.0
836.0
848.0
888.0
938.0
958.0
948.0
904.0
862.0
849.0
840.0
839.0
842.0
855.0
911.0
948.0
952.0
929.0
886.0
858.0
843.0
833.0
835.0
845.0
876.0
927.0
950.0
941.0
901.0
864.0
846.0
835.0
831.0
839.0
855.0
905.0
946.0
948.0
924.0
883.0
853.0
837.0
830.0
829.0
835.0
867.0
919.0
949.0
941.0
907.0
864.0
842.0
836.0
826.0
830.0
840.0
889.0
931.0
948.0
926.0
883.0
855.0
831.0
827.0
830.0
834.0
851.0
896.0
936.0
943.0
913.0
870.0
842.0
829.0
826.0
826.0
831.0
864.0
915.0
935.0
935.0
898.0
860.0
838.0
827.0
817.0
823.0
832.0
869.0
925.0
937.0
926.0
886.0
850.0
831.0
823.0
822.0
823.0
839.0
882.0
923.0
941.0
920.0
877.0
844.0
823.0
819.0
818.0
821.0
855.0
900.0
932.0
935.0
899.0
861.0
833.0
819.0
808.0
815.0
821.0
857.0
903.0
931.0
925.0
883.0
842.0
825.0
811.0
811.0
817.0
832.0
881.0
919.0
929.0
904.0
868.0
831.0
818.0
809.0
807.0
812.0
843.0
897.0
924.0
923.0
891.0
850.0
822.0
816.0
805.0
810.0
815.0
852.0
903.0
916.0
