200
8
200
4
200
8
200
4
199
5
200
6
199
7
198
10
198
8
199
5
200
7
200
6
198
9
201
6
202
4
202
5
202
6
202
7
201
6
205
7
205
6
207
4
204
7
205
7
205
6
206
6
208
5
204
6
205
7
205
6
205
6
205
6
205
4
206
8
206
7
206
6
206
7
205
4
204
6
207
4
207
6
206
6
207
6
207
5
207
7
207
6
206
10
205
6
207
6
207
7
212
14
212
8
209
68
11
216
8
208
8
209
6
209
9
209
8
211
8
212
9
207
5
207
8
209
7
206
5
207
6
210
10
211
5
208
5
206
6
206
4
208
4
207
5
208
6
207
6
209
6
214
5
208
5
207
8
208
4
210
6
208
6
207
7
208
5
208
5
208
6
207
6
207
3
205
5
208
6
209
7
206
6
206
6
208
6
208
5
210
5
205
4
207
7
208
755
847
809
794
764
795
789
787
786
803
665
661
694
701
706
749
772
765
765
769
764
763
738
687
521
561
601
637
643
673
692
690
690
688
697
701
696
699
701
705
696
700
713
710
714
713
715
718
717
718
715
713
715
711
711
712
711
708
708
701
700
699
702
699
694
680
684
685
686
682
682
675
676
669
663
661
658
651
647
641
642
643
626
610
615
614
621
615
590
570
555
537
536
542
549
548
551
533
544
545
537
547
573
582
591
634
637
642
652
649
652
643
645
656
661
669
675
676
680
685
691
701
715
712
712
714
716
715
718
718
720
719
719
716
715
704
703
703
705
701
704
699
698
697
697
694
690
692
688
689
693
687
693
692
693
694
694
699
696
698
703
695
697
697
692
693
692
691
689
687
685
682
680
677
677
674
671
668
666
663
652
643
636
641
641
653
648
648
644
643
643
637
634
634
629
628
629
627
625
622
619
614
615
618
617
613
604
606
606
605
602
601
600
597
594
591
590
591
591
585
585
581
586
581
579
577
575
572
569
570
568
568
567
565
563
561
561
559
558
557
553
556
554
549
551
550
547
550
546
547
545
544
544
542
542
541
538
539
535
537
535
534
532
531
531
530
529
528
525
525
523
524
523
522
519
518
516
518
521
516
514
513
512
512
507
507
510
507
504
506
506
501
501
502
501
497
498
498
493
495
495
494
492
492
492
497
489
487
488
485
487
486
486
483
482
483
482
480
481
478
479
479
483
477
478
474
476
475
475
476
474
472
471
471
471
471
469
466
468
464
468
466
466
464
462
464
462
463
461
461
460
458
460
461
458
455
457
457
456
455
453
454
454
453
453
453
453
452
452
450
450
447
449
450
449
448
447
447
445
442
445
443
445
441
441
443
443
442
443
441
440
440
441
436
438
439
442
435
438
442
437
437
435
435
434
436
435
433
429
432
431
430
430
431
429
428
431
429
425
425
426
426
430
425
425
426
425
425
422
423
424
423
423
420
422
420
421
419
420
420
417
414
414
409
408
410
409
409
410
409
409
409
408
409
407
402
406
406
408
407
410
411
413
414
416
417
417
419
420
420
425
424
428
430
432
432
430
433
436
434
439
441
443
443
444
447
446
450
450
454
458
456
459
462
464
465
466
466
464
463
468
472
476
471
470
470
472
470
475
481
491
493
493
493
495
497
497
501
499
505
512
511
516
515
512
516
515
514
515
518
518
519
515
517
520
520
520
519
520
519
519
516
516
514
517
514
515
513
515
513
515
515
514
512
513
514
514
509
513
512
510
510
509
511
512
512
512
510
507
507
507
510
509
509
508
509
507
512
507
508
508
505
508
508
507
508
506
508
505
505
508
506
504
506
506
505
503
504
504
505
505
502
503
501
499
503
501
500
500
499
499
495
498
494
496
494
497
496
497
495
495
493
497
497
495
495
493
494
491
490
492
492
491
488
490
489
490
489
487
487
487
487
485
487
490
485
485
490
486
483
483
486
486
485
484
485
481
482
480
483
482
482
483
482
479
481
482
481
481
481
480
480
480
480
477
479
477
480
477
480
481
482
481
480
477
479
476
478
480
474
478
478
478
478
476
478
476
477
473
474
473
472
474
473
471
473
471
469
473
469
471
471
468
468
469
469
470
470
473
471
471
473
475
475
475
475
474
474
476
475
475
473
475
472
475
474
471
472
472
473
469
471
471
471
470
470
472
475
473
474
473
471
469
472
469
471
468
470
467
469
468
469
468
469
465
466
467
466
469
464
466
469
465
464
463
462
461
462
462
462
463
461
458
458
460
459
456
459
458
457
455
458
457
457
454
456
457
455
456
451
453
454
454
454
451
455
452
452
453
455
449
448
450
449
449
446
446
448
450
448
447
446
449
448
446
448
444
447
446
444
445
445
443
442
442
442
444
440
443
443
440
442
442
441
439
438
438
441
439
439
440
439
438
439
438
438
434
439
437
437
436
434
435
436
435
436
434
432
434
434
431
431
431
431
431
432
431
429
429
431
430
427
431
429
428
427
428
429
428
428
428
426
427
425
425
431
426
425
427
422
425
423
425
424
423
424
422
420
423
420
421
421
419
418
420
418
420
420
419
419
417
420
422
416
419
418
417
418
417
414
416
416
415
416
412
412
416
415
414
415
413
414
413
413
410
413
409
411
410
411
411
410
408
410
407
408
408
409
408
409
406
406
406
407
408
409
407
406
403
406
403
405
404
404
404
405
404
403
403
405
403
403
402
403
400
402
402
402
400
401
401
401
400
400
400
396
396
399
396
398
397
398
396
397
394
397
394
394
396
397
392
393
394
396
398
396
396
400
399
402
404
407
408
407
408
414
412
416
414
419
417
420
421
422
422
424
425
426
425
427
430
429
430
432
432
432
433
433
433
432
431
434
434
433
434
435
436
434
434
436
436
437
436
435
435
435
437
434
438
438
439
437
437
437
438
439
437
438
438
438
437
439
439
438
439
440
439
437
438
438
439
438
437
435
437
437
435
434
437
436
436
432
434
433
433
437
433
435
431
433
432
432
433
433
432
432
432
431
429
432
431
433
435
431
433
432
431
431
432
429
430
430
431
430
430
429
428
431
428
426
429
429
428
426
428
429
428
429
429
427
429
429
434
428
427
430
425
427
429
429
426
429
428
430
426
427
427
426
425
426
425
427
425
425
425
427
426
427
427
425
426
427
424
426
425
425
422
426
423
424
424
424
423
420
423
423
422
423
423
423
422
423
420
420
422
426
422
424
418
421
420
420
420
422
417
419
420
417
420
417
420
417
424
419
416
417
415
417
415
416
417
413
416
416
415
416
415
415
416
414
414
414
415
413
413
414
413
412
410
413
413
410
412
412
411
411
411
411
410
411
410
410
411
408
407
410
410
409
409
409
409
408
404
409
407
407
408
408
407
410
407
403
406
407
405
404
405
404
404
404
404
405
403
405
402
403
403
401
402
402
401
403
401
403
402
403
401
398
401
401
401
399
398
397
400
399
397
399
399
399
397
400
399
396
399
395
398
398
395
394
397
395
394
393
396
393
393
396
396
397
395
397
395
392
394
394
393
392
394
393
393
392
389
392
390
389
392
392
391
389
391
388
391
390
388
390
390
389
387
388
390
387
389
388
388
388
389
388
387
388
386
387
386
386
386
383
386
384
383
385
384
385
385
383
385
384
385
384
383
385
385
384
383
385
381
386
381
379
381
382
382
382
380
381
378
377
380
379
379
379
379
376
384
380
380
379
378
379
378
377
378
376
377
378
378
377
376
375
377
377
373
371
374
372
373
373
373
372
374
373
371
374
373
371
373
373
372
373
372
370
368
368
370
370
371
367
369
369
366
370
369
369
368
367
367
366
368
367
367
364
366
367
368
367
364
366
366
368
366
366
365
365
366
366
366
365
363
364
365
364
365
363
361
361
362
365
360
363
362
363
361
363
359
362
361
362
361
359
361
358
359
357
363
359
358
360
359
362
360
360
361
359
357
360
356
359
358
359
359
358
355
357
359
355
357
357
358
358
358
358
358
359
357
356
355
356
355
356
357
356
353
355
352
354
355
355
352
354
356
355
354
351
354
354
353
355
351
352
350
353
349
350
353
351
350
352
351
350
351
348
350
352
351
350
348
349
351
350
350
350
348
350
351
348
346
353
346
349
348
347
348
349
348
349
348
346
347
346
347
344
346
345
347
347
347
347
343
346
347
346
345
343
346
345
345
345
345
345
345
344
344
344
345
344
344
341
343
343
345
341
343
343
341
342
347
342
341
343
342
342
339
342
341
339
340
339
341
341
341
341
342
339
341
340
342
340
339
341
338
340
341
339
339
340
339
340
339
337
338
339
337
338
339
340
338
336
338
337
337
339
338
335
338
338
337
342
339
335
339
337
334
335
337
337
337
336
334
333
332
335
336
334
339
334
336
335
337
334
338
339
338
336
339
338
338
339
337
338
338
339
336
339
339
339
340
339
338
339
339
338
340
341
339
338
337
336
337
337
338
339
339
338
338
338
336
338
335
334
338
334
336
337
337
337
332
336
337
335
339
336
337
340
337
336
333
336
335
335
335
335
335
336
334
335
336
333
335
333
334
333
335
335
333
335
333
338
335
331
333
330
334
331
330
333
332
333
331
332
334
330
333
332
336
334
331
331
333
332
332
331
332
333
332
332
332
333
331
333
332
331
329
329
332
330
330
332
329
330
332
331
330
331
332
330
332
330
330
330
330
328
330
331
327
328
328
330
331
328
330
329
329
327
329
328
330
328
326
327
329
330
327
330
330
328
327
327
328
329
328
328
327
328
328
328
328
328
328
328
327
329
327
329
330
327
326
327
323
327
323
326
326
328
328
326
326
322
328
324
324
325
326
326
330
325
327
326
328
327
322
322
323
325
325
324
324
324
322
322
325
322
326
327
323
322
323
323
323
325
321
325
323
321
322
323
323
324
322
322
323
322
322
322
322
319
322
321
319
321
319
316
320
320
316
318
319
318
320
320
318
318
321
317
319
318
320
320
318
319
318
318
324
317
318
320
319
321
320
320
319
320
320
321
318
321
322
324
319
320
320
320
319
317
317
317
318
319
315
320
319
316
320
317
318
319
319
317
316
318
318
320
319
318
324
317
320
320
315
320
318
318
318
317
316
319
319
318
316
317
319
317
316
317
317
317
318
317
317
317
317
317
313
317
317
316
316
317
316
316
316
315
316
317
316
317
317
315
316
317
317
316
314
317
315
318
314
316
318
317
317
316
318
318
316
316
316
316
319
314
317
312
315
314
314
315
315
319
313
314
313
315
312
315
312
315
312
311
312
314
313
315
312
314
319
314
312
312
312
315
314
313
314
312
311
313
314
314
313
312
314
313
312
312
312
314
312
313
312
313
313
313
310
314
312
313
310
312
318
310
313
316
312
313
310
312
309
311
312
309
311
309
313
309
309
311
312
311
309
312
312
310
311
311
311
311
310
311
310
312
311
309
308
310
310
307
308
310
311
310
311
308
310
308
310
310
307
311
309
307
308
306
311
309
306
309
307
308
306
307
308
308
308
309
313
308
308
309
306
308
309
307
308
308
308
310
310
307
307
307
305
307
305
307
308
308
306
308
306
309
308
308
307
308
306
308
308
307
308
307
307
308
308
309
306
305
307
307
306
307
305
307
306
305
304
307
306
306
306
309
305
306
309
305
307
306
307
305
306
305
304
307
304
301
305
303
304
303
302
306
302
306
305
303
302
302
303
307
304
305
303
305
304
302
303
304
302
302
303
301
305
302
304
303
307
301
302
304
304
304
304
304
303
303
304
303
300
304
303
302
304
303
303
300
304
303
303
304
303
300
304
301
303
302
302
303
304
302
300
303
302
302
299
302
303
302
300
302
303
300
303
300
301
301
302
300
301
302
300
301
298
302
300
303
301
300
300
302
303
300
301
299
301
300
302
302
298
298
302
301
300
298
302
301
299
301
302
302
298
302
302
300
298
298
302
298
300
300
299
298
299
300
298
297
304
301
298
301
301
300
299
301
300
301
300
300
300
301
301
301
301
302
301
300
299
301
298
301
301
298
298
298
299
297
297
300
300
301
299
298
299
297
298
299
300
297
298
300
298
299
298
300
297
299
299
297
299
297
298
298
299
299
300
300
300
299
299
300
299
298
298
297
298
299
295
297
297
297
296
297
297
297
298
297
298
297
299
297
298
295
296
297
296
299
301
297
298
295
296
295
297
298
298
299
306
303
304
303
304
305
308
305
306
309
307
305
307
307
304
307
306
307
306
309
309
310
310
306
305
306
302
307
306
304
302
304
304
304
306
306
304
370
306
308
306
310
308
309
308
310
312
311
311
313
316
315
318
321
320
320
320
324
324
328
325
326
328
329
330
331
332
329
333
334
334
333
336
335
337
337
337
337
338
340
340
341
341
345
340
342
342
341
342
341
340
341
345
345
345
346
344
346
347
348
351
347
348
347
348
348
345
347
347
347
348
349
346
346
346
343
346
345
344
345
345
342
344
344
341
342
344
346
344
343
347
342
343
342
342
341
340
342
342
340
343
339
342
342
342
343
341
342
342
343
341
343
339
341
340
340
341
340
339
341
340
341
339
340
340
338
339
338
339
339
339
337
340
339
339
338
339
339
336
338
339
338
337
343
337
339
339
340
341
338
340
340
341
340
341
341
341
341
341
340
343
342
340
341
343
342
341
343
342
342
341
343
344
343
344
342
342
345
341
340
342
340
343
342
343
342
343
342
340
340
343
339
341
339
341
338
337
341
340
341
341
340
337
339
338
341
339
339
345
338
338
338
337
337
337
337
340
339
338
340
339
338
337
338
338
339
337
337
337
337
338
336
337
336
335
337
336
336
335
334
336
335
333
338
337
337
335
333
335
332
333
333
335
332
333
334
333
333
334
335
337
334
334
335
332
334
334
335
331
334
334
334
333
334
334
332
333
334
331
333
332
333
335
331
333
332
332
330
333
332
332
328
331
329
332
330
333
329
328
329
329
330
330
330
330
331
330
330
330
330
330
330
328
329
327
329
327
327
329
329
328
329
328
328
328
327
331
327
328
332
327
328
327
328
328
326
326
325
326
324
327
328
324
331
328
324
326
325
328
326
326
325
325
326
326
327
324
327
325
327
328
327
326
326
325
326
327
326
327
324
326
326
327
323
325
323
324
325
327
326
328
327
327
327
326
327
329
327
329
327
330
330
331
329
326
331
330
329
332
333
332
332
333
332
333
332
333
332
334
330
330
333
332
332
332
334
334
334
333
334
334
334
332
333
334
332
334
333
332
333
333
333
332
334
333
332
332
332
330
333
333
332
331
339
334
332
335
331
333
334
340
335
334
340
334
334
333
334
334
336
337
334
334
335
335
335
335
334
333
332
336
335
335
334
335
334
333
335
332
335
332
334
332
333
335
334
335
334
334
332
333
334
335
334
335
334
331
334
335
332
334
333
334
332
333
334
332
333
335
334
333
332
332
333
332
331
331
334
334
333
330
332
331
331
332
333
331
331
331
331
331
333
329
332
332
332
332
330
332
330
332
330
331
334
328
332
329
331
328
329
329
331
332
331
329
331
331
330
329
329
333
330
330
330
331
330
330
330
329
328
329
328
330
327
329
330
330
332
329
330
334
327
328
329
329
328
328
327
328
328
328
328
328
329
326
327
329
327
328
329
328
327
328
328
326
328
327
329
328
329
329
328
327
328
329
329
328
327
327
328
327
326
329
326
329
329
328
328
328
328
328
328
328
328
327
326
327
327
327
328
330
326
328
330
328
328
327
327
326
328
327
328
329
330
328
330
327
330
329
329
334
331
330
330
329
330
329
331
332
332
331
332
335
335
336
338
348
350
351
353
355
355
354
357
359
358
335
322
325
310
322
323
324
325
328
328
329
331
335
339
343
344
349
352
358
358
361
369
367
367
370
375
377
383
384
386
386
387
389
391
392
397
397
400
397
401
400
401
401
402
401
404
407
408
408
408
408
408
408
409
408
408
407
410
409
406
407
406
407
406
406
405
404
405
403
405
403
402
402
402
406
401
401
401
400
400
400
399
398
390
389
391
391
392
392
393
395
397
398
400
402
404
406
409
410
411
413
412
413
414
415
415
417
417
416
418
418
417
420
417
416
416
417
415
417
415
416
416
416
416
417
417
418
418
418
419
416
419
418
417
416
416
415
415
416
416
415
414
420
414
413
418
413
413
412
411
413
411
412
411
411
409
411
413
411
411
412
411
411
412
411
412
409
411
413
412
411
411
411
411
413
412
410
410
411
410
410
411
410
409
409
408
408
408
408
408
407
407
406
406
406
406
405
405
405
405
405
405
405
404
405
404
404
404
403
402
403
404
402
403
402
402
403
402
401
401
401
399
400
400
400
401
401
400
400
399
399
400
399
399
399
400
398
400
398
398
398
398
398
398
397
397
397
398
397
397
397
396
396
395
395
392
395
397
395
394
394
393
394
393
393
393
397
392
393
398
393
392
392
392
396
392
391
391
389
391
390
391
390
391
390
392
391
389
391
390
391
391
391
390
390
390
391
389
390
389
389
390
389
389
388
388
385
387
388
387
388
388
388
387
386
387
387
386
386
386
384
386
386
384
386
387
385
385
385
386
384
384
382
384
384
385
384
382
385
384
383
383
383
383
383
383
382
383
383
382
383
382
383
382
382
381
381
385
380
380
381
380
381
381
380
380
377
380
381
379
382
382
382
381
382
380
381
379
380
379
379
379
379
380
379
379
379
379
379
379
382
381
379
381
378
377
377
377
375
377
376
376
377
376
378
377
375
375
376
376
375
375
377
379
381
384
383
387
385
387
388
389
388
394
395
397
397
399
399
399
400
402
402
403
404
405
407
410
410
410
411
410
411
411
411
411
413
413
416
413
411
415
414
414
414
415
414
419
414
413
413
414
413
413
412
413
411
413
412
414
414
414
414
414
417
413
414
415
416
415
415
414
415
415
415
415
415
414
417
417
417
417
417
416
417
417
417
420
418
418
417
417
417
416
417
416
415
416
416
415
416
419
416
416
419
416
416
415
415
415
415
415
415
415
415
414
413
414
415
413
415
412
413
412
413
413
414
413
413
414
413
414
413
413
412
414
414
413
413
413
412
413
414
412
415
409
412
414
413
413
411
414
413
415
413
413
413
413
413
413
413
412
412
412
413
412
413
411
412
411
411
411
411
411
410
411
410
410
412
410
413
413
412
412
412
412
413
412
412
414
413
412
413
412
412
413
414
413
416
412
415
413
415
412
412
411
411
412
411
410
411
411
409
409
409
410
410
410
407
409
410
409
414
411
407
410
408
408
408
408
407
407
408
407
406
407
407
406
407
405
406
407
406
407
406
407
406
411
404
405
406
406
405
406
405
404
404
407
405
403
404
404
404
404
405
403
403
403
403
401
402
403
402
402
405
405
402
402
403
401
400
398
400
402
404
401
402
400
402
402
402
402
401
401
402
403
403
403
402
404
403
404
401
403
404
401
403
405
405
406
408
408
409
411
413
413
415
417
417
417
419
420
421
423
422
424
423
424
423
424
427
424
424
425
423
426
424
424
423
423
428
425
424
427
424
425
424
429
425
424
424
423
424
424
424
423
425
422
423
422
422
422
422
422
424
422
421
421
420
420
422
421
422
422
423
422
422
421
423
422
423
423
423
423
422
422
423
422
422
422
422
420
423
423
421
420
421
420
422
423
422
422
422
422
423
423
422
422
421
421
422
421
421
421
421
421
421
420
421
420
420
420
421
420
420
419
419
420
418
419
419
418
419
419
419
418
419
418
418
418
417
417
418
417
416
417
416
420
416
416
415
416
414
416
415
414
415
415
413
414
413
416
413
413
418
413
413
412
413
411
411
411
411
411
411
413
411
413
411
411
409
410
411
410
410
409
410
410
410
409
410
409
410
408
409
407
409
409
408
409
407
408
407
408
408
407
407
406
407
407
406
405
405
406
405
405
404
405
405
405
403
405
404
404
404
405
404
404
404
404
403
404
401
403
400
402
401
402
401
401
402
401
400
400
402
400
