735
734
743
740
739
739
737
738
737
734
731
732
741
735
730
725
724
733
726
721
725
726
390
385
384
382
382
386
385
386
388
391
391
393
393
397
400
404
400
407
405
410
413
416
417
420
423
429
429
434
439
442
450
454
461
465
467
470
480
485
490
491
495
497
501
503
505
508
510
512
514
520
521
522
526
528
531
531
529
528
525
524
524
523
520
518
518
518
516
517
514
513
514
512
515
515
518
520
520
524
523
530
522
520
520
524
523
528
526
524
527
524
522
524
523
520
521
521
522
518
519
518
519
519
518
517
514
516
514
513
512
512
510
509
506
507
508
507
506
504
507
504
503
503
499
499
497
500
499
501
500
501
503
501
499
499
495
494
494
497
494
492
497
494
492
491
490
490
487
488
488
482
479
480
488
497
499
507
512
510
516
516
517
514
518
519
521
519
520
520
522
523
521
520
523
523
522
526
525
521
520
524
522
520
520
517
518
517
517
516
513
516
515
513
513
514
516
516
519
516
514
512
514
514
512
513
512
514
514
513
512
512
512
512
509
512
509
512
513
510
512
512
510
510
512
512
512
512
508
510
509
509
509
508
506
505
506
505
505
507
506
507
503
502
503
501
501
501
500
499
499
497
498
499
496
495
495
494
491
492
493
493
490
489
490
489
490
490
487
488
491
486
486
486
486
488
488
486
488
487
491
493
490
489
488
489
486
489
487
486
486
485
483
483
482
481
477
477
477
475
478
479
480
476
478
476
478
479
475
472
472
470
470
469
468
468
467
465
463
465
465
462
463
462
461
461
461
461
461
457
460
459
459
459
458
458
457
458
456
455
455
454
452
449
450
451
451
450
450
449
449
448
448
447
447
445
443
445
445
443
442
442
441
442
441
440
438
437
438
438
437
435
435
435
432
434
431
431
433
431
431
434
429
430
429
429
430
429
427
426
428
426
424
426
423
423
425
428
430
424
424
420
423
423
420
421
423
423
420
423
422
423
419
422
422
420
422
421
418
421
420
420
420
418
420
417
418
417
417
417
416
416
411
416
415
416
411
415
413
413
413
411
411
411
411
409
411
410
409
409
408
407
409
408
407
405
407
406
405
405
405
404
402
402
404
402
401
403
402
402
401
402
401
401
400
401
399
399
399
399
400
401
400
400
397
396
394
396
396
397
394
397
397
396
397
395
397
397
398
398
401
397
402
403
405
405
405
407
410
411
413
414
414
416
419
420
422
423
421
424
425
428
426
425
432
427
425
428
428
426
429
431
433
431
433
434
434
433
433
435
435
433
435
434
433
433
429
433
431
431
430
431
431
429
430
432
433
430
433
433
430
431
430
432
432
432
433
432
429
431
430
429
430
429
431
431
430
429
427
428
431
436
429
431
427
429
428
430
426
429
430
429
431
430
429
429
431
426
432
428
428
426
429
428
428
429
426
427
424
425
424
424
425
424
423
425
425
426
422
425
423
424
420
421
420
422
422
419
420
417
420
420
418
420
418
418
417
416
418
417
417
416
414
414
416
413
415
413
417
415
414
413
412
413
412
412
412
411
411
410
410
412
411
410
410
409
408
409
407
407
408
405
403
407
405
407
406
405
405
404
404
407
405
405
402
404
404
402
404
401
405
405
403
403
401
403
401
400
402
402
400
400
399
401
400
400
399
400
399
400
397
398
398
399
398
397
397
398
397
398
396
394
395
396
396
395
393
395
395
392
395
394
394
393
393
393
393
395
393
390
392
393
392
394
393
393
392
394
394
394
395
394
395
394
392
393
395
396
392
392
394
391
393
391
390
390
389
391
391
394
390
390
390
391
389
390
391
390
390
387
386
391
387
388
387
386
387
386
386
386
383
384
384
383
383
385
383
383
385
383
382
380
381
380
383
381
380
380
380
379
379
379
377
377
376
378
378
377
374
375
375
374
375
375
376
374
374
377
376
376
377
378
379
377
376
375
375
371
372
373
370
375
371
374
373
373
372
373
373
371
369
369
368
369
369
369
369
367
368
367
365
365
365
362
365
364
364
363
365
363
361
362
362
360
361
361
360
360
359
359
359
365
360
357
357
355
357
356
357
356
356
354
352
358
352
353
354
353
355
352
352
352
352
352
348
348
349
349
352
347
349
349
348
347
348
349
347
347
347
346
346
344
346
345
346
345
346
345
344
344
344
344
343
341
342
343
341
343
342
339
342
340
342
340
340
341
342
341
342
339
339
338
340
337
339
338
339
337
339
338
335
338
338
337
337
336
334
334
335
335
335
334
335
334
331
330
334
334
333
332
332
336
331
334
332
331
329
332
330
328
331
330
330
328
328
330
329
328
331
328
326
328
325
327
327
327
326
325
325
326
324
325
325
325
328
321
325
324
322
323
322
324
321
323
323
322
322
320
321
320
321
321
320
319
321
320
320
317
318
318
318
319
318
318
318
318
317
318
317
317
316
316
316
316
316
313
315
315
315
315
315
314
315
314
312
313
312
312
313
313
311
313
313
311
312
312
311
309
309
310
307
313
307
307
307
309
308
308
306
309
308
306
308
308
307
306
307
304
307
303
307
305
307
305
306
305
305
304
304
302
303
303
304
304
304
304
304
301
303
302
302
302
302
301
302
301
301
301
300
300
301
299
302
300
298
303
300
298
299
299
297
295
298
295
297
297
296
295
296
298
296
296
297
297
296
296
296
296
296
297
298
295
294
294
295
295
295
295
294
294
293
294
293
295
294
293
292
293
293
290
290
296
293
291
293
290
294
292
289
290
293
290
291
291
291
290
288
290
294
288
291
290
289
289
290
290
289
288
289
289
289
288
288
288
288
288
288
288
286
287
283
286
285
286
286
285
283
284
285
286
285
285
284
284
284
283
283
285
285
284
282
280
281
283
286
282
283
282
283
283
285
281
279
286
280
282
280
281
281
281
281
278
278
279
276
275
275
277
276
278
278
276
278
277
278
278
277
278
278
278
277
283
276
276
277
274
274
277
276
277
276
277
276
275
276
272
276
273
278
276
275
276
275
273
276
275
273
275
272
274
275
274
272
274
275
273
273
275
274
272
273
273
270
271
269
273
273
272
272
271
272
270
270
272
272
271
270
272
272
272
271
272
272
272
273
275
273
274
275
275
276
279
276
277
279
275
278
279
280
280
281
281
280
281
282
282
282
284
286
288
287
290
288
289
291
291
292
292
293
297
295
301
298
300
302
302
304
302
303
300
304
304
302
303
304
302
305
305
306
307
306
308
308
308
307
308
310
310
309
307
308
309
311
311
310
310
311
310
309
312
311
309
312
311
308
312
312
309
311
311
310
309
312
311
310
311
312
310
312
314
314
313
313
316
314
314
313
314
315
315
313
312
310
313
312
313
313
313
311
314
315
315
313
315
315
312
315
311
313
313
313
313
312
314
315
315
316
315
316
316
317
322
318
320
320
318
320
318
321
320
321
319
323
320
319
323
320
322
326
323
323
323
323
323
322
323
324
322
323
325
324
324
324
326
323
326
324
324
325
324
323
325
323
322
322
324
323
322
323
322
320
322
322
323
322
320
322
320
320
322
319
321
321
321
320
318
319
318
320
318
317
320
317
318
318
319
316
316
318
319
317
315
318
316
314
314
318
317
316
316
316
315
314
314
317
315
312
315
316
315
315
318
317
315
317
314
315
315
313
312
316
315
311
314
314
315
315
314
316
314
314
313
313
314
312
312
313
313
312
313
313
313
312
310
310
310
313
310
310
311
311
310
311
309
309
311
308
310
308
309
308
310
310
306
310
309
307
308
307
309
307
308
307
307
308
306
307
307
304
307
304
307
307
305
307
307
306
306
305
305
305
306
303
306
305
304
306
306
302
305
305
304
302
303
305
304
304
303
303
302
303
306
302
303
301
302
303
302
301
299
301
299
302
300
301
301
301
300
303
297
298
300
298
300
301
300
296
298
301
298
298
299
298
297
300
299
299
299
299
298
296
298
299
298
297
298
299
299
299
299
300
299
300
301
302
300
302
302
302
301
301
302
300
302
301
301
301
300
301
301
300
305
302
299
299
302
302
302
302
301
300
300
299
300
302
301
302
302
299
303
302
301
303
303
302
302
303
302
301
301
302
306
303
302
299
303
301
301
302
301
301
301
300
302
302
301
302
301
306
300
301
302
300
302
301
302
298
300
302
300
302
303
301
301
302
301
302
301
300
303
303
302
304
303
301
304
303
304
302
303
301
302
305
303
303
304
305
304
305
305
306
305
305
305
305
304
305
304
306
307
303
304
306
306
306
305
304
304
307
306
306
307
306
307
306
306
305
306
307
304
306
306
306
307
306
306
306
306
307
306
306
312
306
306
307
307
304
307
306
307
307
306
306
304
306
306
307
305
310
307
308
308
306
305
307
307
304
307
306
307
306
308
306
306
304
307
306
307
307
305
306
306
304
307
307
306
308
305
305
305
305
309
306
307
307
308
308
309
310
309
308
309
308
310
309
307
309
308
309
309
309
310
309
310
309
309
308
308
306
307
306
308
307
309
309
308
309
308
308
309
309
309
309
305
308
308
307
305
308
312
306
311
307
308
305
308
308
309
307
309
309
309
309
306
308
309
308
309
312
310
311
309
310
311
309
307
311
311
311
308
311
311
311
311
310
311
312
312
312
311
311
311
311
312
309
312
309
312
309
310
310
313
312
313
312
314
312
311
312
312
311
310
312
311
311
309
312
312
313
312
311
310
311
311
311
313
311
312
311
311
315
313
312
313
313
313
312
312
315
314
315
315
314
315
316
316
316
316
315
313
315
318
314
316
317
318
318
318
318
320
317
320
318
319
317
317
318
324
320
321
322
321
320
321
319
321
319
321
321
322
322
322
321
321
320
318
321
321
323
320
321
321
320
322
321
320
320
322
320
321
322
322
320
321
322
322
322
323
321
322
322
322
321
321
322
320
322
320
322
321
321
320
321
318
322
320
320
321
318
322
323
324
323
324
324
323
321
324
323
323
322
324
323
322
321
323
320
320
324
323
322
323
321
323
322
322
322
323
321
321
322
320
319
320
320
319
321
321
323
320
318
318
321
318
319
318
319
319
319
319
318
319
319
318
318
320
319
319
316
318
318
317
317
317
315
318
318
322
318
317
317
317
317
317
316
317
316
318
315
315
318
316
317
318
316
317
314
316
314
317
317
315
316
316
312
315
316
314
316
316
313
316
313
315
316
314
315
315
314
314
312
315
314
314
314
313
313
314
312
314
314
317
313
314
312
313
313
313
313
312
314
315
312
313
313
312
313
311
315
312
310
312
312
311
311
310
310
310
311
311
310
310
309
310
308
309
308
310
310
308
310
307
306
309
310
310
309
309
310
309
308
309
309
309
309
308
307
308
308
306
308
306
308
309
308
308
306
307
309
307
307
309
307
306
306
305
306
306
306
306
307
306
307
307
306
306
306
303
303
304
306
304
305
305
306
306
306
307
307
307
306
310
307
307
309
307
307
307
306
305
306
307
305
304
305
303
304
304
308
305
303
308
305
305
306
306
305
304
303
305
303
305
303
306
306
303
303
299
302
302
299
301
302
301
303
303
302
303
302
303
302
303
301
303
301
302
301
299
300
302
303
301
299
302
303
301
298
302
299
299
299
300
299
298
300
300
300
300
301
299
298
297
300
301
299
299
300
298
296
302
300
299
302
300
300
300
297
300
297
298
296
302
300
298
298
299
298
299
296
299
298
295
297
297
295
298
296
299
299
297
298
299
297
297
298
297
298
296
298
296
296
297
295
296
296
297
296
294
296
294
297
295
295
297
297
297
297
296
297
296
297
296
293
295
294
294
296
297
297
297
294
296
296
296
295
295
295
295
296
294
294
294
294
292
294
295
294
295
294
296
295
294
296
294
292
294
294
294
295
292
294
293
293
293
293
294
291
293
294
292
291
296
295
294
294
294
293
292
294
294
297
293
290
294
291
292
292
293
294
292
292
290
292
290
292
292
293
293
293
293
291
291
293
291
290
293
291
292
292
293
291
291
292
293
292
292
291
291
292
291
290
292
289
289
292
293
292
292
289
290
290
291
291
293
290
290
290
290
291
288
289
290
291
291
290
290
289
290
290
290
290
288
289
290
287
289
289
288
288
287
289
288
288
288
288
290
287
288
289
287
288
293
288
291
288
289
289
290
286
287
287
289
288
289
287
286
286
288
292
288
288
288
288
288
288
288
287
288
286
288
286
291
289
287
291
288
288
288
286
288
289
287
288
287
286
285
285
284
288
287
285
285
286
288
288
288
284
287
287
287
288
287
288
285
286
287
285
286
287
287
287
284
287
283
284
286
286
285
286
284
285
287
285
286
283
283
284
285
284
282
286
286
284
286
286
283
285
283
285
285
284
288
285
284
284
286
285
284
285
284
282
282
282
283
281
284
284
285
285
282
283
284
284
283
281
284
282
284
283
284
284
281
284
282
281
283
285
284
282
282
283
282
283
281
281
283
281
283
280
285
283
282
282
281
282
283
282
282
282
281
280
282
281
280
281
281
281
280
281
281
282
280
283
279
278
281
281
282
280
280
280
282
279
282
283
281
281
281
280
280
281
279
280
280
280
280
278
281
279
279
279
281
280
279
279
280
279
279
280
278
280
279
279
280
276
280
278
278
282
277
279
278
278
276
276
278
279
279
277
279
278
277
277
275
276
277
277
278
277
274
277
277
276
277
277
276
275
274
276
278
276
276
277
276
275
277
276
276
274
275
274
276
277
276
276
275
274
278
276
273
275
273
276
275
275
274
275
273
275
272
276
274
273
274
274
275
273
274
275
273
274
273
273
271
273
273
271
273
274
272
274
275
271
272
269
270
272
272
270
272
272
272
272
272
274
270
272
271
276
270
271
271
272
268
271
272
271
271
271
272
269
270
268
271
269
271
269
270
270
269
269
271
269
270
269
270
270
269
266
266
268
268
269
269
267
268
269
270
269
269
269
269
267
270
267
270
267
266
268
269
269
267
268
266
268
268
268
266
268
268
266
265
266
267
264
266
267
266
268
267
266
266
267
266
266
263
267
267
266
266
265
270
265
263
264
265
263
263
264
264
265
262
265
265
264
264
264
265
267
264
265
264
264
261
262
264
264
265
260
263
261
263
262
264
263
263
264
264
263
264
264
262
263
263
264
262
261
262
263
263
263
259
260
263
260
263
261
260
260
259
261
262
262
262
260
261
260
262
259
260
262
260
262
261
261
259
260
260
262
261
261
258
261
262
260
260
259
261
261
260
260
260
261
257
259
261
258
260
258
258
259
261
256
258
260
259
263
260
258
263
259
259
259
259
258
259
259
257
260
259
258
259
259
256
260
259
258
260
260
258
257
256
256
258
259
256
259
258
261
260
260
262
258
262
259
261
260
260
262
260
259
259
259
262
258
257
256
257
256
259
259
258
257
259
258
259
258
259
257
258
256
258
256
256
257
256
256
254
254
256
256
254
254
254
253
251
254
253
254
256
256
256
255
255
256
256
256
252
253
255
254
257
252
256
253
254
254
256
256
254
253
253
254
252
254
254
255
253
258
254
253
254
254
252
255
254
252
257
251
254
256
254
253
253
254
251
254
254
254
254
254
251
253
253
254
254
256
253
254
253
253
254
253
250
251
253
253
254
254
251
253
254
252
253
254
251
253
252
253
253
253
250
253
252
251
249
251
249
252
253
252
251
252
252
254
253
253
252
252
252
251
251
252
250
252
249
252
253
251
251
252
255
249
252
252
252
252
250
251
250
252
250
252
251
249
251
250
251
256
251
250
249
251
251
252
247
252
251
251
251
251
249
250
249
252
252
251
249
248
247
249
250
253
250
248
253
250
248
247
249
250
249
250
248
249
249
246
248
249
249
249
249
249
249
247
249
249
250
250
250
250
247
247
249
249
249
249
248
249
247
248
248
249
246
248
248
250
249
250
247
249
247
247
248
247
249
249
248
249
248
249
252
247
249
247
245
247
248
246
250
249
246
248
246
249
248
248
251
251
249
250
246
250
250
248
247
249
248
248
247
248
246
248
248
249
247
246
248
248
248
248
248
247
248
248
247
247
247
245
248
246
246
245
245
246
247
244
252
246
247
252
247
243
248
247
247
244
246
247
246
246
244
247
245
248
247
247
248
246
247
246
244
246
247
244
246
245
245
248
247
247
247
247
248
246
246
245
247
246
246
247
250
249
247
248
246
247
245
246
245
247
244
246
248
246
247
247
246
250
246
246
245
247
246
247
245
248
247
246
247
247
244
246
246
247
246
247
246
246
247
246
246
246
246
245
246
246
247
244
246
246
246
246
246
246
246
247
247
244
245
247
246
245
246
247
246
245
246
244
246
244
245
246
246
243
250
244
245
248
245
246
247
245
242
245
244
245
245
246
243
245
246
243
242
244
245
243
244
245
245
245
246
244
247
245
245
245
245
245
242
244
244
242
244
245
241
245
244
264
242
245
243
242
241
244
244
245
244
243
242
243
243
245
241
244
243
241
244
244
244
244
244
244
244
243
241
243
241
242
243
243
240
245
242
245
243
243
243
241
240
243
243
242
242
243
243
243
244
243
243
242
243
243
240
241
242
243
243
241
242
240
243
241
243
244
245
242
242
240
240
241
242
243
245
240
243
243
240
243
243
243
246
241
241
242
242
243
240
240
242
243
242
239
241
242
243
243
243
245
239
242
242
240
242
242
242
242
240
243
242
242
242
240
242
242
242
240
240
242
242
241
243
242
242
243
243
239
240
238
239
241
239
242
242
242
241
240
241
240
240
242
240
239
239
241
242
242
242
241
241
241
240
241
240
242
239
239
241
241
241
238
240
240
237
238
240
240
240
239
240
240
240
237
238
239
240
241
239
238
239
237
244
242
241
238
243
239
238
240
240
241
239
239
238
240
236
239
237
243
240
240
240
238
239
239
240
239
238
240
240
239
240
240
238
238
239
239
238
239
240
239
238
240
238
239
240
238
239
237
240
238
239
236
239
239
238
235
238
236
238
238
238
238
236
236
239
239
238
239
238
238
238
238
239
237
237
237
238
238
239
237
238
238
236
239
238
238
238
238
236
237
238
238
239
238
237
238
237
239
237
237
241
237
237
240
238
238
236
237
237
237
237
237
237
238
237
237
239
242
234
236
237
235
238
235
238
235
238
236
237
235
235
237
236
238
237
237
238
238
238
234
234
237
237
237
237
236
238
237
236
236
236
237
237
236
236
237
236
234
237
237
238
237
237
236
237
236
237
234
236
236
236
236
236
236
237
234
236
236
236
237
235
236
237
237
234
236
236
237
234
237
236
235
236
234
236
236
236
236
237
236
240
235
236
236
236
234
239
237
235
234
237
237
237
235
235
233
236
240
237
236
236
237
233
233
235
238
236
235
239
235
237
235
233
236
237
233
236
235
235
234
234
238
237
236
236
235
236
235
235
234
235
233
235
236
236
235
234
236
235
234
235
235
233
235
233
234
235
234
235
234
235
232
236
235
232
234
233
232
235
235
234
234
234
235
234
236
234
234
235
234
235
234
234
234
235
234
235
233
233
234
237
234
234
233
235
234
233
234
232
234
234
234
234
234
233
233
234
236
234
233
231
233
234
232
233
235
234
230
233
233
233
233
233
233
232
234
233
236
234
231
235
233
233
231
233
233
233
231
234
233
234
234
233
231
233
233
233
233
234
233
234
231
233
233
234
232
233
231
231
233
233
233
232
233
232
233
233
231
234
233
232
231
233
233
233
230
232
232
233
232
233
232
232
232
230
233
230
229
232
231
236
232
232
234
232
234
231
231
232
232
234
233
232
229
233
231
232
237
232
233
232
230
232
231
233
230
232
232
231
232
233
233
233
233
232
233
233
232
231
230
232
232
231
232
231
232
232
232
232
229
232
231
234
232
232
234
232
231
232
231
231
231
230
231
232
232
233
232
231
231
230
229
232
232
230
232
233
230
232
233
233
230
230
232
230
232
230
232
230
233
232
232
233
232
233
234
234
232
230
230
232
230
233
228
230
232
231
230
232
233
234
232
232
233
231
230
233
233
233
233
232
231
231
231
230
231
233
232
232
231
233
232
231
232
229
230
230
230
233
232
230
230
231
232
231
230
230
231
232
232
232
231
232
232
231
232
234
234
232
233
233
235
233
234
232
233
232
236
234
231
237
233
233
233
234
230
230
232
232
232
232
231
232
233
229
233
230
231
231
230
232
232
232
231
230
231
232
231
232
233
233
230
233
232
233
230
233
232
230
232
232
233
231
230
230
233
232
234
230
231
230
232
231
232
232
229
231
231
231
228
229
231
232
228
230
232
231
231
231
230
230
230
231
231
231
231
230
231
230
230
229
230
229
229
230
231
230
228
231
231
232
231
232
228
229
231
231
229
229
229
230
231
231
230
230
230
229
230
231
229
231
231
232
229
230
230
230
230
230
231
231
232
228
227
227
228
226
229
229
227
232
229
229
229
231
228
229
227
227
230
229
229
229
227
229
230
230
230
230
229
228
227
229
230
228
229
229
226
232
231
232
232
232
231
232
231
230
231
232
231
232
232
234
229
229
231
229
229
232
231
230
232
232
230
231
232
232
231
231
229
231
231
231
228
230
229
231
230
230
231
231
230
231
231
229
230
229
231
228
231
231
231
232
229
230
230
230
230
231
231
228
231
231
230
231
231
231
234
230
232
232
230
228
231
230
230
231
231
231
228
230
229
230
231
229
229
231
232
231
229
231
228
231
229
229
234
231
230
229
231
230
231
229
229
228
230
230
230
229
231
228
230
229
227
229
231
229
230
230
231
229
230
229
230
231
230
231
230
229
230
228
227
230
230
230
230
229
231
231
230
230
230
230
230
230
227
230
229
229
231
230
230
229
229
226
229
230
227
228
229
226
229
230
230
230
230
228
230
228
229
233
229
230
230
228
229
232
230
229
231
229
229
230
229
229
232
229
230
229
227
229
229
231
229
227
226
229
227
228
230
228
230
228
229
228
228
229
228
227
229
229
229
229
229
228
229
226
230
229
228
229
229
229
228
228
229
228
228
227
229
226
228
227
228
227
228
228
228
227
229
227
229
228
229
226
228
228
229
228
228
228
229
230
227
229
229
228
228
228
228
228
227
229
228
229
228
229
228
229
