369
345
350
347
346
336
331
321
323
325
329
334
348
426
344
332
323
327
330
322
319
322
10
9
16
17
11
10
9
10
10
11
10
9
8
14
9
11
11
11
8
10
10
10
8
16
11
8
18
10
8
11
11
10
9
9
10
10
7
10
9
11
10
11
10
10
10
10
9
9
9
10
9
10
12
10
11
10
10
10
10
8
9
10
11
10
8
9
8
11
9
8
6
10
8
10
10
10
11
7
8
16
11
8
10
10
10
9
10
10
7
9
8
9
17
10
10
8
10
10
7
8
9
10
10
10
8
10
11
8
9
11
10
9
9
10
11
8
10
8
8
10
11
12
10
8
10
11
7
11
10
10
8
10
10
9
8
11
10
10
7
10
10
16
8
10
13
10
8
8
10
11
8
11
9
10
11
10
10
10
11
10
10
8
10
11
11
11
6
11
9
8
10
10
9
9
10
11
10
10
10
18
10
10
10
12
11
7
10
9
10
10
10
17
10
9
8
10
10
9
10
8
9
9
9
10
9
7
9
10
8
9
10
10
10
10
10
9
8
11
10
7
10
8
11
10
10
11
9
10
7
9
11
11
9
10
8
10
9
6
11
11
8
10
9
11
9
10
10
10
9
8
10
10
10
9
10
8
10
11
10
17
12
8
9
11
10
10
10
11
10
10
11
8
11
10
10
11
9
10
10
18
9
524
11
32
26
42
184
351
43
41
9
18
12
11
13
11
12
11
10
10
117
37
163
140
16
308
284
268
268
266
455
499
562
508
321
276
258
252
246
242
234
233
206
504
38
136
48
24
29
11
13
10
8
7
4
8
7
5
8
6
7
8
6
6
7
7
7
6
7
7
4
7
7
6
7
6
5
6
8
5
6
7
4
6
2
6
6
7
7
6
6
6
7
6
8
6
7
4
6
14
11
6
7
13
6
6
7
6
6
8
6
6
6
5
7
5
4
6
6
6
7
6
7
6
6
7
6
8
7
3
7
8
8
6
8
4
7
7
6
2
6
5
5
6
6
8
6
6
6
6
6
6
5
6
5
6
6
7
7
6
6
9
5
6
6
6
8
5
7
6
6
6
6
6
7
6
6
5
6
6
6
7
6
6
6
6
6
6
6
6
6
6
6
4
7
6
8
6
7
29
5
6
7
6
6
6
6
6
5
11
6
6
6
4
6
5
7
5
6
6
6
6
6
6
10
6
6
7
6
6
7
5
6
7
6
7
5
6
8
8
7
6
5
6
6
6
7
5
6
8
6
8
6
6
6
7
9
8
5
6
8
8
7
6
6
6
6
5
4
6
8
6
6
5
6
8
5
6
4
6
5
8
6
4
8
2
6
6
6
4
8
6
6
4
6
6
4
6
6
12
6
5
6
6
8
7
6
7
5
13
6
7
7
6
6
6
8
7
6
6
6
6
8
6
6
4
5
4
7
6
6
6
6
7
6
6
6
6
5
4
6
6
6
5
6
4
6
4
13
5
6
7
6
7
5
7
6
7
5
6
6
6
6
6
6
6
5
5
6
7
7
5
4
6
6
6
6
5
6
4
4
6
3
5
5
6
6
6
7
6
5
7
7
6
6
6
6
6
7
12
7
6
6
5
6
6
5
6
6
12
6
6
7
6
6
7
6
5
6
7
5
6
8
5
5
6
6
6
5
5
6
6
8
7
6
6
7
5
8
6
6
4
6
7
4
7
7
6
7
6
6
6
7
5
8
6
5
6
7
6
6
7
5
6
7
6
6
6
7
11
6
7
8
8
7
6
4
7
7
5
5
5
6
8
7
6
6
7
4
6
6
6
6
6
5
5
6
6
7
11
5
6
7
7
6
6
6
5
5
13
6
6
7
6
8
5
5
4
6
7
6
6
8
6
4
5
7
7
6
6
6
6
6
6
8
5
2
5
7
6
8
6
6
7
8
7
6
5
6
5
6
7
6
6
6
5
6
6
7
6
5
6
5
5
5
6
7
5
5
6
7
7
7
5
6
4
6
6
5
6
6
6
4
4
11
6
6
4
6
6
6
8
3
6
6
4
8
6
5
10
6
6
4
6
6
6
6
6
6
13
6
6
6
6
8
6
6
7
6
6
5
5
6
8
7
6
8
6
5
6
6
5
5
6
6
8
6
6
6
7
6
6
6
8
7
6
8
6
8
6
6
6
6
5
5
7
4
6
6
5
6
6
5
4
6
3
5
8
6
5
6
4
6
6
6
6
4
6
6
6
7
6
8
5
6
8
6
6
5
6
8
7
7
5
7
5
6
6
6
13
5
3
4
3
6
7
6
6
7
10
6
7
5
7
6
5
7
6
4
5
7
6
6
8
7
5
7
6
4
6
6
6
6
4
6
6
6
5
6
7
7
6
7
6
5
6
6
5
6
6
6
6
7
6
7
7
7
6
3
6
6
6
8
6
8
5
7
7
4
6
6
7
5
7
6
8
6
5
6
3
6
5
4
7
6
6
6
6
5
7
7
6
8
5
6
6
7
7
6
13
6
7
6
6
6
7
6
7
5
11
6
7
6
7
12
4
8
11
5
6
13
6
4
6
6
8
4
6
5
6
4
8
7
6
6
6
6
5
5
5
5
6
6
6
6
6
8
6
6
6
5
7
7
6
8
7
6
7
5
6
6
5
7
6
6
7
6
5
6
7
6
6
6
6
7
8
6
6
5
8
6
5
5
6
7
5
6
6
6
6
6
5
5
6
8
6
5
7
8
11
5
3
6
6
6
6
5
5
6
12
5
5
5
6
6
6
6
6
6
6
5
6
6
3
6
7
8
7
6
8
8
6
7
6
6
8
6
6
12
7
6
6
8
8
6
6
7
7
7
7
6
6
4
6
6
7
6
8
6
6
6
6
3
6
6
6
7
6
2
6
6
6
6
7
6
7
7
6
6
7
6
5
5
7
8
7
6
5
6
6
6
5
6
5
6
6
5
6
4
12
6
6
6
6
7
6
5
6
4
8
5
7
6
6
5
6
5
5
2
6
6
8
6
6
7
8
8
6
4
8
7
7
7
6
5
6
8
6
6
6
7
5
6
7
6
5
5
6
8
7
6
3
8
6
6
7
15
3
6
10
4
5
6
6
6
6
6
5
6
6
8
5
6
6
6
6
5
7
6
6
7
5
3
6
7
5
5
6
7
5
5
5
6
5
6
6
6
7
5
13
6
5
3
7
6
6
6
4
5
11
6
6
7
5
5
6
6
5
6
4
6
8
7
161
4
198
6
200
6
194
6
201
6
199
6
199
6
202
7
206
6
186
7
196
6
195
7
201
7
204
6
199
6
199
6
205
6
194
7
194
6
198
16
192
6
181
8
557
399
384
384
382
384
384
393
388
388
397
392
394
395
395
390
393
396
398
399
396
398
398
398
400
399
399
400
401
402
403
405
413
410
410
410
410
413
414
416
415
414
414
416
418
418
419
419
422
422
423
424
424
423
425
425
425
424
423
422
423
421
422
423
423
423
422
422
421
420
419
419
417
418
418
416
417
416
416
411
412
412
411
411
410
410
408
398
395
397
400
398
399
399
396
399
396
397
398
398
402
404
405
406
409
408
412
415
418
421
422
421
426
425
430
434
434
434
435
435
440
441
443
443
443
441
442
442
442
441
442
441
444
438
438
437
437
434
433
434
433
433
432
432
431
430
430
429
428
432
426
426
425
424
424
423
422
424
423
422
421
422
421
420
421
416
416
417
417
415
414
415
416
414
414
414
415
416
416
414
414
414
415
414
413
414
414
412
413
413
413
413
413
412
412
412
411
409
411
411
411
410
410
410
407
410
408
406
408
407
407
407
408
405
403
408
407
405
405
404
404
405
404
404
404
402
403
401
403
403
402
402
405
399
404
398
397
400
396
397
396
396
396
394
393
392
392
392
391
394
391
391
389
390
387
388
388
387
388
387
385
385
384
385
386
384
384
385
383
384
383
384
383
382
382
380
380
380
380
378
380
379
379
377
378
375
378
379
377
377
376
376
374
376
374
374
371
372
373
370
372
370
369
368
369
368
367
365
363
365
365
363
363
363
362
363
360
363
362
361
361
359
359
358
357
357
355
358
357
357
357
356
360
355
353
353
354
351
353
353
351
350
351
351
349
349
354
349
350
355
350
349
348
347
347
347
347
345
347
346
346
345
344
344
343
344
344
344
342
342
342
342
342
342
340
339
340
341
340
341
340
337
337
340
337
337
339
337
337
338
337
336
336
336
336
336
335
334
335
334
336
336
333
335
336
337
335
339
338
338
337
338
340
338
340
340
339
339
340
341
340
341
340
341
339
341
340
341
341
341
339
340
345
340
340
341
340
340
339
338
338
338
338
337
337
337
338
338
337
339
338
336
338
335
336
340
336
335
335
334
336
334
334
333
334
333
334
334
332
334
333
334
332
333
331
333
332
333
332
334
335
333
334
335
333
334
334
334
334
334
335
334
335
333
333
333
334
335
335
335
334
335
336
337
337
337
338
340
340
341
342
341
344
346
347
348
349
349
350
350
350
350
353
353
354
356
358
356
358
359
359
361
369
367
367
368
369
368
370
371
372
371
373
374
372
375
375
373
375
377
373
374
371
375
375
374
373
374
374
375
373
375
372
372
380
372
373
372
371
373
370
370
369
372
371
372
372
372
372
372
371
370
371
372
371
372
370
370
370
372
371
370
369
369
369
370
369
369
368
368
369
370
368
368
368
367
365
367
366
367
367
363
364
366
365
363
365
365
364
364
365
364
363
363
361
361
361
362
361
362
360
359
364
361
361
361
361
361
361
358
359
359
361
358
359
358
356
359
359
364
357
358
358
358
356
356
358
356
356
356
355
356
356
355
355
355
354
353
354
354
359
355
354
356
354
355
354
354
353
356
354
355
353
354
357
358
358
359
359
361
363
365
365
367
368
370
371
372
374
374
373
374
375
374
375
374
378
378
380
381
381
381
379
379
380
379
379
378
377
377
378
375
375
372
373
374
371
372
373
372
373
372
378
373
371
371
373
372
370
371
371
369
368
368
370
369
369
368
367
373
368
368
367
366
366
366
368
367
365
366
367
364
364
365
363
364
363
363
361
363
360
363
362
362
361
361
359
360
358
360
359
360
363
359
359
366
358
359
358
359
356
358
357
355
356
357
354
355
354
357
354
357
357
353
354
354
354
354
353
353
353
352
352
350
349
349
352
350
351
348
351
350
348
349
348
349
349
349
347
346
347
348
352
347
347
346
347
345
346
346
346
344
345
343
343
343
344
342
344
348
344
343
341
342
342
342
340
340
341
339
341
340
340
336
340
340
339
339
338
339
337
338
338
337
338
336
336
336
337
337
335
336
340
335
334
335
333
334
333
334
333
333
332
333
335
332
332
333
332
330
331
330
331
328
332
331
331
330
331
330
329
330
331
329
329
329
328
329
330
328
328
328
328
326
327
326
327
327
326
328
326
327
329
326
327
327
327
327
326
327
327
327
326
325
325
326
325
323
322
330
323
325
322
324
323
323
324
322
323
321
321
323
323
323
322
324
324
323
324
324
322
322
324
324
323
321
321
322
322
321
321
322
321
320
320
320
320
320
320
320
320
319
320
319
319
317
320
319
317
318
318
318
319
317
318
316
317
316
317
322
315
316
320
316
315
313
312
315
315
315
316
316
315
316
312
315
315
315
315
317
316
315
321
316
315
318
317
320
317
318
319
317
321
319
319
318
316
320
318
322
318
320
319
320
320
317
318
319
318
318
320
320
318
318
317
319
318
320
318
319
319
318
320
318
316
319
317
318
319
316
317
318
319
317
320
319
320
316
318
317
319
318
320
318
319
318
319
317
318
318
318
315
318
318
318
317
317
318
318
318
320
317
315
318
319
317
317
318
318
315
318
317
317
318
316
317
317
317
318
317
323
318
321
320
318
317
316
317
317
316
316
316
317
317
314
316
316
316
315
318
314
315
317
315
314
315
314
314
315
313
314
314
314
314
313
313
313
313
310
315
313
314
312
314
312
314
314
312
315
313
315
317
316
323
331
321
320
322
318
324
322
323
322
323
325
326
329
330
332
334
336
336
336
336
337
340
340
340
342
343
344
346
348
351
351
352
356
356
354
357
356
356
358
360
361
361
362
366
367
368
369
370
374
375
376
376
374
377
377
375
379
380
380
380
379
383
377
378
384
384
379
375
376
376
374
375
375
375
373
373
372
372
372
371
371
371
369
370
372
371
371
369
370
371
370
368
369
371
373
372
372
372
372
373
372
372
373
373
372
372
373
371
372
371
372
372
371
370
371
370
368
369
370
369
369
368
367
367
366
365
366
366
365
366
365
367
365
364
364
363
364
364
364
365
365
364
363
361
361
362
362
363
366
360
360
360
361
360
360
360
357
360
359
358
358
357
356
357
358
360
356
356
357
356
355
357
356
355
356
356
355
356
357
360
356
356
362
355
354
354
354
356
356
356
356
355
355
355
355
355
354
356
353
352
353
354
354
354
353
351
351
354
352
352
353
351
351
351
349
350
352
349
350
349
348
348
347
348
348
349
349
347
349
347
347
346
347
345
345
345
345
345
343
345
345
344
345
343
344
343
344
344
348
345
345
345
346
345
346
347
349
350
353
354
355
358
360
362
365
372
373
376
380
383
387
392
399
402
403
406
406
406
411
412
413
413
415
418
420
420
425
426
427
433
427
431
431
431
437
430
431
437
431
432
431
430
430
429
429
428
428
430
434
438
439
438
437
434
434
432
432
433
430
430
430
431
430
429
429
428
428
427
426
425
422
424
422
423
424
424
424
423
423
422
422
419
420
421
419
419
418
417
420
417
418
419
414
416
416
418
414
415
415
415
416
414
414
413
413
416
412
412
411
412
408
408
409
406
408
409
407
407
407
408
406
404
405
405
405
404
401
402
403
404
400
400
399
400
400
400
398
397
397
396
396
395
395
394
395
395
394
394
393
394
392
393
390
392
390
396
390
391
394
388
388
389
387
385
386
386
386
385
386
385
383
381
382
384
384
383
383
381
382
380
378
380
381
379
380
378
379
377
382
379
376
378
377
377
378
377
375
377
378
379
380
382
383
385
386
392
387
390
389
391
390
394
397
397
398
397
396
398
397
400
401
403
406
406
413
426
431
428
430
433
444
446
435
437
437
436
441
433
428
436
441
443
425
395
385
364
374
381
383
395
396
399
395
400
410
414
413
416
418
419
419
418
420
422
424
426
427
427
429
431
431
431
433
434
434
431
430
431
431
435
430
425
423
421
422
421
420
419
423
419
418
420
418
417
415
414
413
411
411
410
409
409
407
404
405
406
403
403
399
398
400
400
400
399
401
400
398
400
398
397
399
400
399
397
397
397
398
394
397
397
398
397
398
397
397
397
396
397
398
397
395
395
397
396
394
392
390
395
393
392
389
392
391
391
390
389
390
388
388
389
388
392
385
388
385
384
387
385
384
385
384
385
384
383
384
382
381
381
381
379
379
381
379
379
379
377
376
375
381
377
376
375
372
374
373
375
374
378
372
372
370
370
370
369
368
373
369
370
372
369
370
369
369
370
370
367
374
369
368
369
367
368
367
368
369
367
368
364
366
364
364
364
365
365
362
363
361
362
364
362
362
363
362
361
362
363
360
362
361
359
360
359
359
359
359
358
359
357
357
357
359
357
356
356
357
356
355
354
355
355
354
355
354
354
354
355
357
354
354
352
353
352
351
352
350
350
351
351
353
351
350
350
350
350
353
350
349
349
348
347
347
346
347
348
348
351
351
346
346
347
347
346
346
346
345
345
346
346
350
347
343
350
344
344
346
344
344
345
345
344
343
345
345
342
344
344
344
348
344
343
342
343
344
346
342
343
347
342
342
346
343
344
343
342
340
342
342
341
342
340
342
341
341
340
341
341
342
339
340
340
340
340
340
340
340
340
339
341
339
344
344
338
339
339
340
341
339
339
343
339
340
339
340
340
337
339
339
338
338
339
338
337
336
338
339
343
338
337
337
336
337
336
337
335
336
336
337
336
335
336
336
336
336
335
338
336
336
333
335
336
333
333
333
341
338
335
338
334
331
337
333
333
331
333
332
332
333
331
331
336
337
332
331
332
330
331
330
329
334
330
331
329
329
330
331
331
330
330
330
330
331
329
329
328
328
328
330
330
329
329
328
330
328
328
328
328
329
327
331
327
328
327
328
327
328
327
327
333
325
324
326
322
323
325
322
323
321
321
320
321
321
321
327
321
321
322
323
322
322
322
322
321
322
323
322
323
321
322
323
323
323
323
322
322
322
322
323
323
321
323
322
322
323
321
322
324
324
321
328
324
321
328
321
322
327
320
324
328
324
321
323
323
322
320
324
322
323
320
322
322
321
320
321
322
323
321
326
319
321
320
318
320
320
321
320
320
321
320
326
321
320
318
318
321
320
321
318
320
321
320
318
320
320
319
320
321
320
317
321
323
326
320
318
318
319
319
317
317
319
319
318
318
318
316
318
318
316
318
317
318
316
317
316
316
316
318
317
317
316
315
314
316
317
314
315
316
316
317
314
316
315
316
315
315
315
317
315
313
315
314
316
315
314
315
313
316
312
315
314
314
315
315
314
314
313
318
315
313
321
313
314
313
313
313
314
314
313
312
317
313
314
313
314
313
313
313
312
313
313
314
314
313
314
314
313
318
313
311
313
312
313
312
312
310
311
313
314
310
313
312
311
310
310
312
311
311
310
311
311
309
309
310
310
308
311
309
309
309
308
312
311
309
310
309
309
309
310
309
310
310
309
310
308
309
310
307
309
307
309
309
307
309
307
307
308
308
309
306
307
307
308
306
308
307
307
306
307
308
308
308
306
306
307
305
307
307
307
308
312
305
306
306
305
306
305
305
311
303
305
311
306
305
304
305
303
309
304
305
305
305
302
305
304
303
305
305
305
305
304
305
305
304
304
304
303
304
302
304
304
306
304
304
304
305
305
305
304
303
304
304
304
304
304
302
301
301
305
303
303
302
301
303
302
302
302
302
302
302
303
300
301
301
302
301
301
302
300
302
302
300
302
301
301
300
300
300
300
301
301
297
301
300
301
300
300
301
298
300
303
299
300
298
299
300
299
297
298
298
299
299
298
300
298
298
298
302
299
297
299
298
296
299
298
298
299
300
298
298
295
297
304
298
295
302
297
297
298
298
297
298
297
298
296
297
296
297
296
296
296
296
296
297
296
295
295
294
295
294
296
296
295
294
295
297
296
297
297
299
297
299
298
296
301
301
300
301
302
303
303
304
304
305
303
304
304
303
304
302
304
302
305
303
304
305
303
304
304
304
306
304
304
304
304
302
303
303
302
303
302
303
302
301
302
300
301
306
301
298
301
302
300
301
301
299
300
300
300
301
298
301
299
299
299
300
300
299
300
298
300
297
300
300
298
298
299
299
300
297
299
300
300
301
301
300
301
300
300
301
299
298
303
299
299
303
299
299
300
297
299
298
299
299
297
303
298
299
299
297
297
297
298
295
297
299
297
298
299
296
297
295
296
293
295
293
291
294
294
294
298
296
298
294
297
298
294
297
294
295
306
293
290
289
290
287
287
290
281
281
282
289
286
284
283
53
10
176
16
161
14
159
13
148
6
195
6
186
5
186
8
189
9
190
8
199
16
194
9
188
8
189
6
189
7
191
7
189
7
188
5
192
7
194
5
195
7
195
7
197
7
199
5
198
6
197
6
198
5
197
6
198
3
199
4
198
7
198
7
199
7
200
8
199
7
199
6
200
7
