863
841
833
825
807
805
802
802
796
795
793
789
792
784
774
797
854
807
787
801
793
416
414
415
407
409
407
407
408
409
408
408
409
409
411
411
413
413
416
417
418
419
419
422
421
423
424
425
425
427
427
428
428
428
429
428
427
426
425
424
424
420
421
420
419
418
417
415
414
413
410
411
408
407
407
405
405
403
402
401
400
399
399
399
396
396
398
396
396
394
396
392
392
393
390
392
390
388
387
389
385
386
383
384
384
386
385
385
385
385
385
385
380
382
382
380
379
376
377
376
375
373
378
374
373
373
374
372
371
371
370
370
370
361
347
353
352
353
353
359
355
354
358
355
352
356
362
362
368
373
370
370
373
375
378
381
387
391
394
401
406
410
414
419
423
430
434
441
447
453
456
462
467
469
474
479
483
486
489
490
493
498
500
501
502
503
505
506
508
508
509
511
513
511
512
512
514
513
512
510
509
510
505
505
504
503
503
501
501
499
499
497
495
495
493
491
491
485
489
485
485
483
485
485
485
482
484
483
480
473
472
452
419
419
423
425
428
431
430
436
455
469
472
481
484
492
495
495
501
502
501
499
502
502
501
501
501
503
504
503
508
506
506
509
509
510
508
509
508
507
510
508
508
505
506
507
507
504
505
504
504
503
502
501
499
501
498
500
498
500
499
499
497
498
498
498
495
496
497
496
494
496
494
491
492
493
491
491
491
491
489
487
483
479
478
478
476
476
479
476
473
474
475
474
475
474
474
476
476
474
475
475
474
473
472
472
471
471
470
467
470
470
469
468
468
466
467
466
466
467
465
465
464
465
463
463
462
461
462
459
460
459
461
458
459
459
458
457
456
455
455
455
457
455
453
456
451
452
454
451
451
450
450
449
450
450
447
445
446
445
445
446
446
448
446
446
445
446
447
445
445
446
445
445
445
443
442
441
440
440
440
439
439
439
439
436
437
438
438
437
436
435
436
436
431
433
434
435
435
434
435
434
432
430
431
430
429
428
427
428
427
426
426
426
426
425
424
424
422
423
422
422
421
420
421
420
419
420
420
418
420
417
419
418
416
418
419
418
416
416
416
415
414
415
415
414
413
415
413
414
412
412
413
414
411
412
412
413
411
413
412
411
413
412
411
411
409
408
410
408
409
410
409
408
408
406
408
407
405
407
405
405
405
404
404
404
404
404
405
402
402
402
402
401
400
400
400
398
399
398
399
398
397
396
395
396
395
397
395
395
394
395
395
393
393
392
393
392
391
392
391
391
391
389
390
390
389
389
389
388
388
389
388
387
386
387
386
387
385
386
386
385
385
384
384
384
383
383
383
383
382
382
383
382
382
381
382
383
379
381
380
380
379
381
379
379
377
378
378
380
378
379
381
377
377
377
376
377
375
375
375
375
373
376
375
374
374
374
375
372
373
372
372
371
372
372
371
371
370
370
370
369
370
369
368
369
368
368
366
368
367
367
368
368
367
368
369
367
368
367
368
369
369
367
365
364
364
364
365
366
368
368
366
366
367
367
367
366
367
366
366
366
366
365
365
365
365
365
365
365
365
364
365
365
366
365
364
364
364
363
363
365
364
364
364
363
363
363
362
364
363
365
363
363
363
362
363
363
365
362
362
364
361
360
360
360
361
361
362
360
360
360
358
361
360
359
359
359
358
360
359
358
358
357
357
356
357
356
355
355
355
355
355
356
355
354
355
355
354
355
353
353
353
353
353
354
353
353
353
354
352
354
354
353
354
354
354
354
355
353
354
354
352
353
353
353
353
352
354
353
353
353
354
354
353
353
353
353
354
353
353
352
352
353
353
351
352
354
353
352
352
352
350
351
351
351
351
350
350
351
349
351
349
350
349
349
349
351
351
348
350
347
349
350
348
349
349
348
347
348
349
347
348
348
347
347
346
346
347
346
345
348
344
345
343
344
345
344
345
344
345
345
343
344
344
341
343
343
342
343
342
341
341
340
343
341
342
340
341
341
340
342
342
342
341
341
340
341
342
342
342
340
340
340
340
340
340
340
339
340
339
339
339
340
339
338
339
339
339
338
339
339
337
337
337
337
337
338
337
335
336
335
336
336
336
336
336
335
337
336
335
335
334
334
334
334
336
334
333
332
333
333
333
333
333
335
333
332
335
333
332
332
333
330
330
329
331
330
330
330
329
330
329
329
328
329
329
329
327
327
327
326
327
328
325
326
327
322
326
325
326
326
324
324
325
323
324
325
325
324
324
323
323
323
324
322
321
323
322
322
322
321
321
321
321
321
320
320
320
321
322
322
320
320
320
321
320
319
319
318
319
318
318
318
320
318
317
317
318
317
317
314
316
316
316
314
314
315
316
316
316
316
318
318
318
319
321
321
321
323
325
329
330
330
332
332
336
337
336
339
340
343
345
346
349
349
351
355
356
359
360
364
366
368
365
366
366
365
365
365
366
366
366
365
365
365
365
364
364
364
363
362
362
361
360
359
361
360
358
359
358
360
359
358
356
358
357
357
357
357
355
358
356
355
356
355
354
354
355
353
355
353
352
353
354
353
354
355
355
353
353
353
353
353
352
353
353
353
352
352
352
353
352
352
351
353
351
352
351
351
351
351
350
349
349
350
349
350
349
349
349
349
349
352
349
347
348
347
347
347
347
347
346
347
346
346
346
345
343
345
344
345
343
344
344
344
345
346
345
343
342
342
343
342
342
342
342
340
341
341
341
340
341
339
341
341
339
339
339
340
339
340
338
340
339
338
338
337
339
336
337
336
337
337
337
337
336
336
338
336
336
334
335
334
335
332
335
334
334
334
334
332
333
333
333
332
331
332
332
333
333
332
332
331
330
331
331
331
330
329
329
329
330
329
330
328
329
329
328
328
328
327
327
327
327
330
327
327
328
327
324
328
327
328
325
326
327
326
325
325
325
325
325
325
324
324
323
322
324
323
323
324
323
323
323
322
323
322
321
322
321
323
320
321
320
321
321
320
321
322
320
320
319
320
320
320
319
320
323
319
320
319
317
319
319
317
318
318
318
318
318
318
316
317
318
316
317
318
317
317
315
317
317
315
316
316
315
314
315
314
314
315
314
315
314
314
315
313
314
314
313
313
312
313
313
312
312
312
312
313
311
312
311
310
311
311
310
309
310
309
308
311
309
311
308
309
310
308
307
310
308
308
308
308
307
308
307
307
308
308
307
311
309
309
309
310
310
310
312
312
312
313
312
313
312
312
313
313
313
312
312
312
313
311
312
311
309
312
311
311
312
311
309
310
308
311
308
310
309
307
306
307
308
308
308
306
307
306
306
305
308
306
307
307
306
305
307
304
306
305
305
305
305
304
304
305
305
304
305
304
305
303
305
305
304
303
301
303
304
302
303
302
303
303
302
303
302
302
301
302
302
300
302
301
299
302
301
300
302
300
301
303
299
300
302
299
300
301
299
299
299
299
299
298
298
299
298
298
301
298
298
298
297
298
298
298
298
300
297
298
298
298
297
297
297
297
298
296
298
297
297
298
297
296
297
297
296
298
296
296
297
297
296
296
297
296
295
295
296
296
296
295
295
296
296
296
295
295
296
294
294
294
294
294
295
294
296
294
294
294
294
294
295
294
294
294
293
293
294
293
292
294
292
293
294
294
293
295
294
293
293
292
294
291
292
291
292
291
291
291
290
291
291
290
291
290
292
290
292
291
288
290
290
290
288
291
289
289
290
288
288
289
289
289
288
289
289
288
289
288
288
288
291
288
288
288
289
288
289
288
289
288
288
288
288
289
288
287
288
288
288
288
285
287
287
286
288
288
286
286
288
285
287
287
285
286
286
286
286
288
286
287
285
286
288
286
286
286
288
286
287
286
286
284
285
284
282
285
283
286
285
285
284
285
284
284
285
284
285
283
285
285
284
284
283
284
282
283
285
283
282
284
284
284
284
284
284
284
283
282
283
284
283
282
285
283
283
285
282
282
285
282
281
281
282
282
281
278
279
278
280
279
280
279
280
280
281
280
282
282
283
282
282
282
283
282
284
284
288
287
288
292
294
296
298
298
299
303
307
310
309
315
317
320
323
326
328
330
333
334
334
338
339
340
345
343
342
341
349
348
329
329
322
327
336
351
359
370
373
375
377
379
379
380
381
385
385
385
390
397
392
395
396
400
403
405
405
409
409
412
413
415
416
416
417
415
414
417
420
421
421
422
421
424
423
424
421
419
419
412
412
412
413
411
414
416
416
417
418
417
417
419
421
422
427
429
430
430
431
438
443
443
444
449
447
449
449
446
447
449
457
459
462
459
458
462
461
459
462
464
463
466
465
467
473
476
478
480
478
480
480
480
478
479
482
489
489
491
488
489
489
488
488
488
486
485
484
482
483
481
481
480
479
478
478
476
476
475
473
473
474
472
473
473
473
473
472
472
473
474
472
473
472
473
472
474
474
474
473
473
475
474
471
473
473
471
472
475
474
472
472
472
473
472
473
468
468
471
469
470
469
464
464
461
462
469
468
472
472
460
444
427
426
424
429
447
464
462
462
466
466
463
472
474
478
480
483
483
488
489
493
501
502
505
509
514
518
520
522
521
527
530
531
530
533
533
533
531
532
528
528
528
527
526
527
525
526
526
526
528
528
526
528
529
529
527
528
525
524
523
523
521
521
520
518
519
518
516
516
517
516
515
512
513
512
512
511
512
510
509
512
512
510
508
508
506
508
509
509
508
507
503
504
506
507
508
512
507
508
506
505
503
508
503
504
506
504
505
504
505
503
503
503
503
503
503
503
502
502
501
501
503
500
500
500
499
498
498
496
497
494
494
496
496
494
494
493
494
495
491
493
491
491
490
489
490
490
488
489
489
486
487
488
488
486
488
486
487
486
485
486
485
483
484
484
484
483
481
483
482
481
480
480
480
479
480
478
479
479
481
479
477
477
475
476
476
473
475
474
474
474
474
473
473
473
471
473
470
472
473
472
472
472
472
472
474
474
474
473
475
475
477
477
477
480
477
477
480
480
477
479
479
478
477
478
478
477
476
476
475
474
475
476
476
476
475
476
477
479
476
478
479
480
482
484
484
484
483
484
483
483
483
482
484
483
482
482
483
482
483
482
484
483
484
483
483
485
484
484
483
482
485
484
484
485
486
486
486
486
487
486
487
488
486
487
486
488
486
486
487
486
486
486
486
485
485
485
485
486
484
484
485
485
485
484
483
483
484
483
482
482
481
482
483
482
482
481
482
482
480
481
482
482
481
482
482
481
480
482
481
482
482
483
480
481
483
482
480
482
481
480
481
481
481
478
480
480
480
480
479
479
478
477
479
478
479
478
477
478
478
477
476
476
477
475
475
476
477
475
477
477
477
477
477
478
477
478
479
478
481
478
480
479
477
478
479
478
479
476
477
477
477
476
476
476
477
476
476
476
475
476
475
475
475
475
474
472
473
475
474
472
473
474
475
473
474
472
474
474
472
473
474
473
472
471
471
472
470
471
472
470
470
470
471
470
470
469
470
471
470
471
469
470
468
471
468
467
470
468
465
468
467
467
466
467
466
467
467
466
466
466
465
464
465
465
465
464
465
463
464
465
464
462
463
464
462
464
464
465
463
462
464
463
460
463
462
463
462
462
463
463
462
463
463
462
462
463
463
462
462
462
462
462
461
461
461
461
461
460
461
461
461
461
460
460
460
460
461
461
459
461
462
461
460
459
460
460
460
459
459
458
459
458
460
460
459
458
460
460
459
458
458
458
458
457
457
458
458
459
458
458
458
458
458
459
457
458
459
458
457
457
456
458
458
456
459
455
457
459
457
457
459
459
461
461
462
463
464
465
467
469
471
472
473
474
474
475
474
474
474
475
475
476
475
477
474
476
474
474
475
473
474
474
473
472
473
472
473
471
471
470
471
471
470
470
471
470
470
470
469
469
470
469
469
467
467
467
466
468
467
466
468
470
467
466
467
467
467
468
466
468
466
467
465
466
466
467
467
465
466
465
465
466
464
465
465
465
463
465
464
464
463
464
463
462
463
462
463
462
462
462
460
463
462
460
461
461
458
460
460
459
460
461
462
458
459
461
459
458
460
458
455
457
458
457
456
455
455
456
456
456
455
453
454
454
452
453
453
453
453
452
453
451
451
452
452
451
451
452
449
450
453
451
451
451
452
451
452
451
451
450
450
450
448
449
450
450
450
450
448
448
449
449
447
447
447
448
446
448
447
448
445
446
446
445
446
445
445
445
443
445
444
445
443
444
445
443
443
444
445
443
444
444
444
443
442
443
443
442
443
442
441
442
442
442
441
441
441
440
440
439
441
439
439
439
439
439
438
438
437
438
437
436
437
439
437
436
437
436
436
438
435
436
434
435
435
435
434
434
434
434
435
434
433
433
432
434
433
433
432
433
434
433
431
431
433
431
432
434
431
432
431
431
431
431
430
430
430
430
430
430
428
430
430
429
429
427
426
428
428
426
427
427
426
426
427
426
426
426
426
426
425
426
424
425
425
426
425
426
426
426
424
426
426
426
425
426
424
424
424
424
424
424
424
422
424
422
422
423
423
422
422
422
422
423
421
421
421
421
421
419
421
420
420
419
419
419
419
419
421
419
420
421
419
417
418
418
419
418
418
418
418
416
419
416
417
417
418
416
416
416
416
416
415
414
416
414
414
414
414
414
413
415
412
413
413
412
412
412
412
412
411
412
411
410
409
409
410
410
410
413
412
410
408
410
408
409
407
407
409
408
408
407
407
407
407
406
409
408
406
406
407
407
407
405
407
405
406
406
405
404
405
405
403
405
404
404
404
403
402
403
403
402
402
403
402
401
403
403
402
402
405
401
401
402
401
401
401
400
401
398
402
401
400
401
399
398
402
400
398
398
399
398
398
398
398
398
398
398
397
397
397
396
397
396
395
396
397
395
395
395
396
394
396
394
396
396
396
396
395
396
395
396
394
394
395
395
395
395
394
394
395
394
394
394
395
394
395
393
394
393
394
394
394
394
393
392
395
393
392
392
393
391
393
392
391
392
392
392
392
390
391
391
390
390
390
391
391
390
390
390
390
390
388
391
389
389
390
390
389
388
389
387
388
389
389
388
389
399
386
388
388
387
389
387
386
388
386
387
387
386
385
387
386
385
385
385
384
384
385
384
385
384
384
383
384
384
383
383
382
383
382
383
382
383
382
383
382
382
382
382
381
381
380
381
381
381
381
382
381
381
380
381
381
381
381
381
379
380
379
379
380
380
380
379
380
381
381
379
381
380
381
380
381
380
381
381
382
382
382
381
384
383
383
384
383
383
384
384
384
384
384
385
384
385
384
385
385
387
385
385
385
385
386
385
384
384
384
384
384
384
383
386
384
383
384
381
384
383
382
383
379
381
382
380
383
382
383
383
384
383
382
383
384
380
381
382
381
381
381
384
381
381
380
381
382
381
380
381
380
379
378
379
379
379
379
380
379
380
380
380
378
380
380
380
378
379
379
379
380
379
378
379
379
378
378
378
377
378
376
378
379
378
378
377
376
378
376
377
376
377
376
375
375
376
376
376
374
376
375
375
375
373
375
375
374
373
375
373
375
373
374
374
373
374
374
374
374
373
373
373
374
370
373
376
374
372
374
372
371
374
373
373
372
372
370
373
372
372
371
371
372
371
371
371
371
370
370
370
370
369
370
370
369
369
369
368
370
369
370
369
369
368
369
369
369
367
369
369
366
368
367
368
365
368
367
367
367
367
366
367
368
367
367
366
367
367
366
366
365
367
365
365
366
364
366
367
366
366
366
367
366
365
365
365
366
365
365
365
364
364
365
364
364
364
362
363
363
363
363
363
363
362
361
362
362
362
363
362
362
362
361
363
363
362
361
364
361
360
363
361
362
361
361
360
361
360
362
361
359
360
359
359
361
359
360
360
360
360
358
360
360
359
358
359
360
359
358
360
357
359
359
359
359
358
359
359
359
358
357
358
359
357
357
358
357
357
358
357
358
357
356
356
357
356
357
355
355
359
357
356
357
357
356
356
357
358
357
355
355
355
356
355
357
356
355
355
355
355
356
356
355
354
355
355
354
354
354
353
352
352
354
352
353
352
353
352
352
352
353
353
354
353
353
352
352
352
352
354
352
353
352
351
351
352
351
350
351
352
351
351
349
349
350
349
348
348
349
349
347
349
348
348
349
348
348
347
348
348
348
348
349
348
348
348
348
346
347
346
346
346
345
345
346
346
346
345
346
348
345
344
346
346
345
344
345
345
344
345
343
344
344
343
343
344
344
343
344
342
343
343
343
343
344
343
343
342
343
341
342
342
343
342
342
342
342
341
341
342
341
340
340
341
341
341
341
341
340
340
340
339
339
340
339
341
338
339
341
339
337
340
340
340
339
339
340
338
339
339
338
338
338
338
339
337
338
338
337
337
337
337
339
336
339
336
337
337
337
337
336
336
336
337
336
336
335
335
334
337
334
335
335
334
335
335
334
332
334
333
334
334
332
333
332
332
334
334
334
333
333
333
333
333
332
332
332
331
331
332
332
331
330
332
332
330
329
331
331
330
330
330
330
330
330
330
329
330
329
329
329
328
328
327
328
328
328
328
329
328
326
328
329
328
329
326
326
328
328
328
330
328
327
327
326
327
327
326
327
326
327
326
327
325
326
325
326
325
324
323
325
325
325
324
326
325
324
325
323
326
325
324
325
325
324
323
325
324
325
324
324
323
323
323
322
322
322
322
322
323
320
323
322
323
322
322
320
322
322
322
321
320
321
321
322
321
321
320
321
321
321
320
321
321
318
321
322
321
320
319
321
317
320
320
318
321
320
320
320
321
320
320
320
319
320
320
318
319
318
318
319
320
320
321
318
320
320
320
318
321
318
318
320
319
320
317
318
318
318
318
317
318
318
317
316
318
316
317
315
318
316
316
315
316
315
316
316
315
316
316
315
314
316
316
315
316
316
314
314
316
315
314
315
314
315
315
314
314
312
314
314
314
312
314
314
314
314
315
313
314
314
313
313
312
311
312
313
312
313
312
313
312
312
311
312
310
312
311
310
312
312
312
312
312
312
311
311
310
310
310
311
308
310
311
310
310
310
310
311
309
310
312
311
310
309
311
310
310
312
309
310
310
310
310
310
309
310
309
309
312
309
309
308
308
310
310
308
307
308
308
309
309
308
308
307
309
308
306
307
307
306
308
306
306
306
308
308
307
307
308
306
307
306
306
308
307
308
306
306
307
306
306
305
304
305
304
306
305
306
305
306
305
305
306
305
304
304
304
305
305
303
302
303
305
304
304
305
304
304
303
304
305
304
303
304
304
303
303
304
305
304
303
305
304
303
303
303
303
302
303
303
303
302
302
302
303
302
304
302
304
303
302
302
304
302
301
301
302
301
299
301
301
301
301
301
301
303
301
301
301
300
301
301
300
300
299
299
300
300
300
299
301
300
300
300
301
299
299
299
300
299
299
298
299
298
298
300
299
298
299
299
299
298
298
298
298
298
299
297
297
299
299
298
298
299
311
348
332
319
317
320
339
310
305
306
303
306
305
302
305
303
300
304
302
303
304
307
305
301
305
306
305
305
306
307
303
305
307
312
315
314
312
314
316
316
316
316
315
316
316
319
317
321
318
320
321
320
321
322
317
321
321
322
320
323
324
323
323
328
329
329
330
328
330
328
327
328
327
328
328
330
332
335
334
332
335
333
336
335
333
334
331
333
332
333
332
333
330
331
332
333
333
331
331
333
332
330
332
330
332
332
332
331
333
331
331
332
331
331
330
331
330
329
330
327
329
329
330
330
329
329
330
329
327
328
329
328
327
329
330
326
324
326
325
324
326
327
327
328
327
324
327
324
326
326
326
327
326
326
323
327
324
326
324
328
323
322
327
324
325
326
323
325
325
323
325
325
323
326
325
326
324
321
325
324
322
324
324
324
325
324
324
324
322
324
324
324
320
323
323
320
324
323
323
322
321
320
323
323
323
322
322
321
321
322
321
322
322
322
322
317
318
322
320
318
318
321
319
318
320
319
320
320
320
319
319
318
320
320
320
319
316
316
315
318
318
318
320
319
320
317
319
318
316
318
316
318
318
318
317
318
317
315
317
317
316
317
317
317
317
317
317
316
314
317
315
317
313
315
314
312
315
315
316
312
313
312
314
311
313
311
314
314
313
314
313
314
312
311
313
311
312
313
313
311
312
314
310
313
311
311
313
312
312
312
312
312
312
312
312
312
311
313
312
312
311
310
312
312
312
310
311
310
308
313
309
310
307
308
314
307
308
307
307
308
308
310
306
307
311
309
309
307
307
309
306
309
310
309
308
310
308
308
308
309
307
308
308
309
305
306
308
305
309
308
305
305
306
306
307
307
305
306
306
304
308
306
308
310
304
307
307
308
305
307
308
305
308
307
304
306
305
307
306
309
307
307
307
307
305
307
307
307
308
309
308
307
309
307
310
309
308
312
308
307
310
310
309
311
307
312
311
310
311
311
310
311
311
310
312
310
312
312
311
312
308
308
310
309
311
310
311
309
310
311
310
313
312
309
312
312
311
312
312
312
314
314
313
311
312
312
313
312
312
309
312
311
312
313
312
313
312
313
312
311
311
309
309
314
312
313
311
314
313
312
312
313
311
313
313
314
312
313
314
314
311
315
313
312
312
311
313
313
312
311
312
312
310
311
312
311
314
317
312
315
311
313
311
311
312
313
313
311
314
310
313
312
313
309
314
312
310
312
313
311
311
315
312
313
312
312
313
312
311
313
311
311
312
310
312
311
312
312
314
312
312
312
312
311
311
310
309
311
311
309
312
310
309
310
310
310
312
310
311
311
311
310
312
309
311
310
309
309
311
311
311
311
309
308
311
310
309
311
310
310
311
311
311
310
311
311
309
312
310
311
310
310
307
310
311
307
310
313
307
310
311
308
310
310
309
307
306
307
310
308
309
308
308
309
307
307
309
307
308
309
309
309
307
307
309
309
307
309
309
308
309
309
306
309
308
309
308
309
309
309
308
306
309
309
307
307
305
308
305
305
306
305
306
306
309
309
305
309
305
308
307
308
307
307
307
306
308
308
307
308
307
307
307
307
306
304
304
307
307
304
307
303
308
308
307
309
307
307
306
307
303
305
307
307
307
306
310
307
308
310
305
307
310
308
304
308
306
307
307
307
307
307
307
307
304
305
307
307
307
307
307
305
306
303
306
304
306
306
307
307
307
304
305
307
305
307
305
306
303
306
303
305
307
306
305
304
306
304
307
305
303
306
306
305
305
306
306
306
306
303
305
305
303
302
304
304
303
301
298
299
300
300
301
297
299
300
299
300
299
299
300
299
298
297
300
300
298
302
302
303
304
305
305
307
306
305
308
310
310
311
310
310
313
316
315
317
320
319
320
321
325
328
330
334
345
337
340
345
344
348
349
347
348
348
345
348
345
349
348
348
348
349
347
346
349
350
347
349
348
349
349
347
350
348
349
348
350
350
351
350
348
349
348
347
348
349
349
348
348
349
349
349
349
349
346
349
347
349
349
350
350
350
347
350
351
350
350
350
349
348
351
350
347
350
349
349
349
349
350
349
346
348
350
351
349
346
351
350
348
351
350
353
350
351
350
349
351
344
345
342
345
345
344
346
347
347
349
350
351
352
350
353
354
354
354
358
355
357
359
360
364
365
369
367
368
370
369
369
369
370
370
367
367
369
369
368
368
368
368
367
367
368
367
367
368
366
368
369
369
369
369
370
371
373
371
370
373
370
370
370
370
372
371
372
371
373
370
369
372
371
369
370
372
371
367
370
370
371
371
367
370
370
368
368
369
370
370
369
366
365
365
366
365
363
364
364
365
364
362
361
361
364
365
363
365
363
366
362
365
366
366
367
367
367
366
367
368
371
371
371
370
372
370
375
375
375
374
374
376
377
375
377
377
378
379
380
380
381
381
380
383
380
380
384
380
382
381
380
383
380
380
381
384
384
384
386
384
383
381
381
380
381
379
382
383
382
380
382
381
378
380
381
378
377
378
379
380
383
383
387
389
390
389
392
393
396
397
397
400
398
402
400
404
403
409
405
407
409
408
411
413
415
412
413
417
415
418
418
419
419
419
419
418
415
417
417
417
417
417
416
416
417
418
417
417
417
418
416
417
417
417
416
414
414
414
413
416
416
414
412
415
415
415
414
415
412
414
410
414
412
412
413
415
413
414
416
414
414
412
414
411
414
415
412
413
414
411
411
414
414
414
414
411
413
414
413
413
414
414
413
411
415
415
413
416
415
418
417
417
415
417
417
414
416
415
415
417
417
417
417
417
417
417
416
417
416
416
414
416
414
416
413
415
415
415
416
416
413
416
416
416
414
415
415
414
414
414
412
412
413
414
413
413
417
416
421
420
423
426
427
426
431
429
433
433
434
434
433
435
434
435
433
435
437
437
439
440
440
439
439
438
435
436
437
435
436
435
435
434
432
433
434
434
437
435
433
435
435
435
435
434
435
432
433
432
434
434
436
434
435
435
433
435
435
435
437
436
434
436
434
434
434
432
435
439
434
434
434
434
435
434
434
434
434
433
433
435
431
431
435
433
433
434
433
433
433
433
433
434
433
434
432
431
433
430
432
433
431
433
433
433
433
432
432
433
433
433
433
433
431
430
432
433
431
433
431
432
431
432
432
433
433
431
429
431
431
431
429
432
430
432
429
430
429
431
432
431
429
433
432
432
430
432
432
431
433
