378
376
376
373
378
378
385
377
383
391
389
387
379
381
381
381
381
380
383
384
382

424

433

440

424

427

407

449

446

462
32

842
463
488
419
389
385
381
384
383
383
384
382
384
382
384
384
382
383
379
379
379
379
381
379
379
375
374
372
371
373
376
377
379
380
381
381
381
385
384
389
387
386
386
389
390
391
393
394
394
395
395
396
395
398
400
401
404
406
409
413
417
417
423
423
426
429
431
432
433
435
436
439
437
439
440
440
440
440
439
440
440
440
441
440
441
443
443
443
444
443
435
433
435
439
439
440
440
438
439
438
435
437
437
437
438
434
431
430
426
431
435
439
443
448
450
456
458
459
460
463
466
464
465
479
484
485
490
491
486
489
490
494
497
496
496
498
498
495
495
497
494
496
497
494
495
493
490
490
490
493
490
490
491
486
488
486
489
487
489
489
491
490
490
492
493
493
494
495
495
495
496
496
495
496
495
495
495
495
493
492
491
491
488
486
488
487
487
484
486
484
485
485
482
485
483
483
481
482
480
481
481
481
479
481
480
480
480
477
480
480
479
479
476
478
478
478
477
475
474
476
475
474
475
474
472
475
474
474
475
474
475
475
473
472
469
471
473
472
469
471
469
469
470
470
469
469
469
469
468
468
468
469
467
466
467
466
466
466
465
464
465
464
462
464
464
464
463
463
463
463
463
462
461
462
460
461
459
463
460
461
459
459
460
461
459
457
457
458
458
458
458
458
459
458
458
457
456
454
454
456
455
453
454
455
455
453
452
454
452
450
452
452
452
451
448
448
449
449
450
449
449
449
448
447
449
448
443
446
446
447
444
447
447
444
443
445
445
445
444
443
445
445
446
446
446
447
444
446
445
446
446
447
447
444
445
445
445
445
445
443
447
445
443
443
443
444
444
442
441
443
442
439
442
441
441
440
438
440
442
438
439
437
439
440
440
438
439
437
438
438
438
438
435
435
436
436
436
436
435
433
434
435
436
434
435
433
437
433
431
435
433
433
434
433
431
433
433
432
431
428
431
431
430
431
430
429
431
430
429
430
430
428
429
426
429
428
427
429
428
426
429
427
427
426
425
426
426
425
424
425
425
423
424
423
424
423
420
423
422
423
422
423
421
420
423
422
421
420
422
419
420
419
420
420
419
420
419
419
419
418
419
418
419
418
419
418
419
416
418
418
416
416
416
416
415
415
415
415
415
414
414
414
415
414
413
413
414
414
414
413
412
412
412
410
412
409
411
409
411
408
411
409
409
409
410
410
409
408
409
409
408
408
407
406
408
405
406
404
405
406
405
406
407
404
407
407
407
403
406
405
402
405
404
403
402
402
403
401
400
401
403
401
402
400
400
401
398
398
400
397
399
398
396
398
398
398
397
399
396
398
397
396
396
395
396
396
394
394
395
395
393
394
394
395
394
394
392
393
392
394
393
393
391
389
391
392
393
391
389
390
389
389
390
390
390
389
390
388
389
390
387
388
388
388
387
386
385
385
385
386
384
383
385
385
384
384
382
383
382
380
383
383
383
382
383
381
383
381
379
378
379
377
380
379
379
378
377
376
378
378
379
378
378
377
377
377
376
376
377
374
375
374
373
372
374
373
374
374
378
373
372
376
373
371
374
373
373
374
372
372
371
370
371
373
370
371
372
372
371
372
372
372
369
371
371
370
369
371
370
371
369
368
368
369
367
370
369
369
368
367
367
369
366
368
368
367
368
366
367
365
366
364
366
364
365
365
366
364
365
363
364
366
364
365
363
364
363
361
363
361
362
362
361
361
359
361
361
362
360
361
361
360
360
360
357
359
360
359
358
357
358
358
360
356
355
357
358
359
357
356
356
356
356
356
355
356
356
355
355
355
353
355
354
353
353
354
353
353
352
354
352
352
352
352
352
351
350
351
352
349
350
349
348
349
350
350
349
350
350
349
347
349
347
348
348
348
347
345
346
346
345
347
347
345
344
343
342
343
343
343
343
343
342
341
341
341
341
340
339
341
341
340
340
339
339
338
340
339
340
340
340
340
340
341
339
340
340
338
339
339
339
339
339
338
339
337
339
341
337
338
337
338
338
336
337
337
337
337
335
334
336
335
335
335
335
335
335
336
336
335
334
334
335
334
333
331
331
333
333
335
331
331
331
332
332
330
330
332
331
331
330
330
328
329
330
328
329
327
328
330
329
327
330
329
327
327
328
328
326
327
327
324
327
326
325
326
326
325
324
325
325
323
323
323
325
324
325
321
324
326
325
325
323
323
322
322
323
321
322
321
320
320
321
321
320
320
321
321
320
320
318
318
319
319
316
321
320
317
319
317
319
315
317
317
318
317
317
317
316
315
316
316
315
315
315
315
315
314
315
314
313
314
314
313
314
313
313
313
309
312
313
313
311
311
312
312
312
311
312
310
312
310
311
310
311
310
309
310
308
310
309
309
308
308
307
308
308
308
307
309
307
307
307
308
307
306
307
306
306
306
304
304
303
306
304
305
303
300
304
302
303
305
302
304
302
303
301
304
302
302
302
302
301
301
300
300
300
301
301
300
298
300
300
300
301
300
297
299
299
297
296
298
296
295
296
297
296
295
296
295
297
294
296
295
296
296
296
295
296
295
292
294
293
292
294
293
293
291
293
292
292
292
290
292
293
291
291
292
289
291
290
290
288
290
290
286
288
288
289
288
288
288
288
288
288
288
289
286
288
288
288
285
284
286
284
285
285
285
285
283
284
285
284
284
286
285
284
283
284
285
285
282
282
283
281
281
281
280
279
279
280
281
280
280
280
280
280
279
280
280
279
278
277
277
278
276
277
278
277
277
277
277
277
276
276
277
277
276
275
276
277
275
275
275
275
275
275
275
273
273
275
272
273
271
274
275
274
273
274
271
273
272
272
272
273
273
271
270
272
272
272
272
272
273
270
271
269
271
268
267
272
270
268
271
268
268
269
267
269
270
269
269
268
268
267
268
268
269
266
268
267
265
265
267
267
266
266
265
266
263
264
265
264
264
266
265
267
265
265
265
264
264
264
263
266
265
264
265
264
264
263
263
264
262
263
263
263
262
264
262
263
263
262
262
262
262
261
263
262
262
262
262
261
260
261
260
260
260
260
258
259
260
260
259
257
259
260
258
259
257
259
259
258
258
258
258
257
257
257
256
260
256
257
256
257
256
256
257
257
256
256
256
256
256
254
256
256
256
253
252
255
254
255
252
254
254
254
253
253
254
254
253
252
253
252
253
251
252
250
250
251
251
250
252
250
251
251
252
249
251
252
251
250
250
249
251
249
248
248
249
248
249
247
249
249
249
249
248
249
249
247
250
250
248
248
246
246
249
246
247
246
246
246
246
246
248
246
248
245
245
245
246
246
246
245
244
245
244
243
245
246
244
245
245
246
246
245
245
245
244
244
244
246
244
244
242
243
243
243
241
240
243
243
242
241
241
242
244
242
241
242
240
241
241
241
241
241
238
239
239
242
238
239
238
239
238
240
237
237
237
235
236
234
236
236
235
235
234
236
233
233
234
235
233
235
234
235
234
235
234
233
235
234
234
233
234
234
232
233
234
232
231
232
233
234
234
233
233
233
233
231
233
233
232
232
232
232
230
232
230
232
234
231
231
232
233
230
232
230
230
230
231
231
231
231
230
230
232
231
229
232
230
229
230
231
233
229
229
231
231
231
228
226
229
229
227
227
228
229
227
228
227
230
228
227
227
228
227
228
226
228
227
226
226
227
227
225
226
225
227
225
226
224
225
226
224
227
226
224
226
226
226
226
225
224
225
222
225
224
224
225
225
226
224
223
224
224
222
223
223
223
223
222
223
222
222
223
221
222
222
224
221
223
223
224
223
221
223
222
222
221
222
221
221
221
221
219
221
222
220
219
219
222
221
220
222
220
218
219
218
220
219
220
219
219
219
219
219
219
218
216
218
218
218
217
218
217
218
218
217
217
217
217
217
216
215
215
217
216
217
215
215
214
215
217
217
216
216
218
217
216
214
215
216
213
217
216
215
217
217
217
216
218
218
217
217
218
218
218
219
219
217
216
217
218
216
218
217
214
216
218
218
217
216
215
217
217
217
216
217
216
217
217
217
216
216
216
219
218
218
218
219
218
217
219
220
220
218
219
219
219
220
221
221
219
222
222
222
222
223
224
224
226
227
229
230
233
232
234
236
234
233
236
235
238
241
243
243
244
245
247
247
249
248
249
249
249
251
252
253
254
258
261
261
266
266
268
271
271
272
277
275
277
278
281
282
284
287
290
289
291
292
291
293
293
292
295
293
295
298
299
299
300
298
301
308
310
311
313
314
313
316
317
318
318
319
320
323
325
328
328
328
329
329
329
331
333
333
333
334
333
335
332
333
332
332
331
333
332
332
330
323
322
320
320
325
328
330
330
331
333
336
339
342
344
343
343
343
342
342
344
346
345
346
349
345
342
343
338
336
338
336
337
338
336
337
339
340
340
341
342
342
341
341
342
342
341
342
342
341
343
340
344
343
344
343
342
341
343
340
342
341
341
340
337
338
340
336
338
338
338
337
338
337
338
340
340
343
343
345
346
346
345
348
348
344
350
347
346
346
348
346
346
345
346
344
345
345
344
345
344
342
342
341
341
340
340
337
338
339
336
339
339
337
341
340
342
342
342
342
343
342
341
341
339
341
339
338
340
338
339
338
339
340
340
340
341
340
337
339
337
341
341
341
341
342
341
339
341
340
342
342
341
341
342
342
342
343
344
345
348
344
344
345
345
345
345
345
346
346
346
343
344
345
346
347
346
347
346
345
343
344
344
343
342
344
342
335
337
338
340
337
338
336
337
337
337
338
338
337
338
338
339
335
337
338
338
338
337
339
339
337
339
339
340
340
341
339
341
342
342
342
342
343
342
341
340
342
341
342
342
343
343
342
342
344
341
341
340
343
344
343
342
344
343
342
344
343
345
342
342
342
342
341
340
343
343
342
341
345
347
346
345
346
346
345
346
347
347
346
346
346
346
346
347
348
346
347
346
348
347
347
346
345
348
347
348
348
347
347
344
345
347
346
347
349
347
349
349
348
348
349
350
349
348
348
349
346
346
348
347
349
348
348
347
346
347
347
346
349
347
349
349
349
350
350
349
346
349
348
345
345
343
346
342
343
346
346
348
347
345
346
345
346
345
345
346
344
344
347
344
346
347
345
347
345
346
348
348
348
347
348
348
348
348
347
348
348
347
347
346
345
346
348
346
344
346
346
346
344
346
346
344
343
344
343
344
343
343
343
342
343
346
346
345
344
345
344
344
346
348
346
345
346
344
346
345
345
346
343
344
345
344
344
343
345
345
346
345
344
345
346
342
345
344
344
345
344
345
345
346
345
344
345
345
346
344
344
343
345
344
344
346
344
345
346
345
344
347
347
348
347
349
352
352
356
356
357
358
357
360
362
364
362
364
363
365
365
364
364
365
364
364
362
363
364
363
364
362
362
362
359
361
358
359
358
358
358
358
359
358
358
359
360
360
361
362
361
360
361
360
360
359
360
360
361
360
359
358
360
358
359
359
359
360
359
358
361
359
358
360
358
357
359
358
358
358
357
357
357
357
358
358
357
357
358
357
356
357
355
357
354
355
356
356
354
353
351
352
351
351
353
349
347
349
349
349
350
351
353
353
351
351
353
352
352
351
349
349
352
351
351
351
352
352
350
352
354
353
353
353
351
352
350
351
350
352
350
350
352
352
351
351
350
352
351
350
352
350
350
351
351
350
347
349
350
351
349
350
351
350
350
349
350
349
348
349
349
350
348
348
349
349
347
346
348
348
346
346
347
345
346
348
348
346
348
348
348
345
349
347
345
346
346
348
346
348
346
348
349
351
350
350
351
349
350
351
350
351
350
351
351
350
351
350
351
351
352
352
354
353
352
353
354
354
354
353
355
355
352
354
354
354
355
356
355
357
358
358
355
357
357
357
358
358
358
359
358
357
358
358
358
357
358
360
358
357
360
360
360
361
360
361
358
360
359
358
359
357
359
358
358
358
358
356
355
356
357
357
358
358
356
357
356
356
356
356
355
355
355
355
353
355
354
355
355
355
354
354
355
352
354
354
353
354
353
354
354
353
353
354
353
353
352
353
353
353
353
355
353
354
356
353
354
356
354
355
354
354
355
352
355
355
354
355
353
353
356
355
353
353
353
355
355
354
354
356
354
355
356
353
355
355
357
354
356
356
357
358
356
357
357
359
359
358
359
357
358
356
357
357
357
357
358
357
357
356
356
357
356
355
356
356
356
355
356
355
353
355
354
354
355
354
355
355
358
356
357
358
358
357
357
357
356
357
357
356
356
354
357
358
356
357
357
356
358
356
357
357
357
356
357
357
358
357
355
355
356
355
355
356
353
355
354
354
355
354
355
352
355
354
355
353
352
353
353
352
354
352
352
352
353
351
349
348
349
348
349
348
348
346
347
349
347
348
348
346
348
347
347
347
348
347
345
349
348
347
347
348
347
348
347
348
350
349
349
350
348
350
349
350
347
350
350
349
351
349
351
352
352
351
349
352
350
351
350
352
351
350
348
353
350
351
352
351
349
348
350
352
348
348
350
349
351
348
349
348
349
348
349
348
350
350
348
347
350
348
349
348
347
347
347
347
345
347
346
346
346
347
346
345
345
344
346
345
344
344
347
345
346
345
343
344
345
343
341
342
341
342
342
342
342
344
344
341
341
342
341
341
340
341
342
341
340
340
339
338
340
341
337
339
339
339
342
339
340
340
340
339
337
337
337
336
338
337
338
338
336
336
338
339
337
338
337
337
334
336
337
336
337
336
337
334
336
337
336
336
337
336
336
333
333
335
332
334
335
334
335
333
334
334
332
334
333
334
331
333
332
332
333
331
329
330
329
329
328
328
330
328
330
330
328
330
329
328
328
328
329
324
329
328
329
328
329
326
328
328
327
328
328
327
328
328
327
326
327
329
328
327
327
326
326
327
329
328
327
327
327
326
328
327
328
326
325
328
329
328
327
328
328
330
331
329
329
330
334
334
335
334
335
334
335
335
334
334
335
335
336
335
335
335
336
336
335
335
335
336
335
334
337
335
335
336
334
336
335
336
335
335
333
332
333
334
334
334
334
332
332
333
331
331
334
330
333
334
332
333
330
330
333
334
333
333
333
332
331
332
331
330
330
331
330
330
331
331
330
329
328
329
329
330
329
329
329
330
329
330
330
328
328
328
329
327
328
326
328
328
328
329
328
330
328
327
327
326
326
326
330
327
324
325
323
324
323
321
324
324
324
323
324
323
323
321
322
322
322
321
320
321
321
321
321
322
322
320
320
319
318
321
322
321
322
320
320
320
321
321
321
320
321
320
322
321
321
320
322
322
321
323
319
321
321
322
322
321
322
320
320
323
322
320
321
320
319
321
322
321
319
323
322
323
322
322
322
323
322
324
323
322
322
322
322
319
321
321
321
320
320
322
320
320
321
321
320
321
320
318
318
316
319
317
318
317
316
317
318
317
318
316
317
318
319
317
318
317
317
317
314
319
317
316
318
316
317
317
315
316
316
316
316
316
316
316
316
315
315
316
313
316
315
314
314
315
314
314
314
314
314
314
312
315
314
313
312
313
314
312
310
313
312
313
312
313
311
312
309
312
311
311
312
311
311
313
312
310
312
311
311
311
311
310
311
310
310
306
307
309
309
309
310
311
311
309
311
310
311
311
308
310
310
309
312
307
309
310
310
309
310
309
309
309
308
307
308
308
308
305
308
306
308
308
308
307
305
306
307
307
307
306
308
309
305
307
308
306
307
307
304
306
308
303
305
307
306
305
305
305
303
303
305
304
304
305
303
306
305
303
304
303
305
305
302
303
304
302
305
305
304
305
303
304
304
303
302
302
303
303
302
303
300
301
302
301
299
302
299
301
301
301
300
300
298
300
300
299
297
298
296
297
297
297
297
298
298
298
298
294
299
298
295
296
296
299
298
297
298
299
299
299
298
299
297
297
299
299
296
298
299
298
299
301
298
298
298
298
298
297
297
297
297
296
296
298
298
299
299
298
299
298
298
300
299
298
300
299
299
299
299
299
298
299
298
298
300
299
299
302
300
300
298
299
298
299
297
298
298
298
298
296
296
294
301
300
299
299
298
306
307
305
