1189
1163
1061
1040
1035
1033
1033
1032
1032
1032
1030
1027
1024
1021
1018
1015
1014
1014
1011
1010
1011
800
818
816
815
813
802
811
815
820
828
841
849
861
870
875
881
887
890
896
901
904
907
911
913
913
912
909
908
906
906
912
917
926
934
944
952
959
966
969
972
971
975
977
978
979
980
983
982
979
977
970
968
964
958
953
952
949
947
946
947
943
941
937
934
932
927
926
926
925
923
924
925
922
919
919
917
911
915
922
919
919
914
915
912
912
909
905
901
898
892
892
891
891
889
889
887
885
883
882
877
875
872
871
869
869
870
873
869
867
865
863
859
856
854
853
853
854
852
851
850
849
847
846
842
839
837
835
835
833
833
832
832
831
828
826
826
822
819
817
819
815
816
816
816
813
812
810
807
804
801
799
800
797
798
798
800
800
800
800
803
801
803
804
808
810
813
817
819
819
821
821
820
821
817
817
818
817
817
816
814
816
811
813
811
813
818
818
824
834
846
857
867
880
889
901
907
911
916
918
923
924
925
931
938
943
942
943
943
942
940
937
936
934
934
936
935
934
932
930
926
924
921
916
913
913
911
909
910
911
909
904
905
901
898
895
892
891
891
889
890
891
893
888
887
884
882
877
877
876
875
874
876
877
877
874
872
870
867
864
860
857
859
858
856
857
859
855
855
853
851
846
844
841
840
839
837
839
839
840
838
836
834
830
827
826
823
824
824
823
823
824
823
821
819
817
814
810
809
807
806
807
804
806
807
803
802
801
797
794
792
789
788
788
788
787
788
787
786
785
781
780
777
774
773
774
771
771
771
770
771
768
768
765
762
759
757
758
757
755
755
756
757
756
754
753
750
748
745
743
740
738
738
738
738
738
737
735
732
731
726
724
722
719
717
718
717
718
719
718
717
715
713
710
706
704
702
704
704
704
703
708
704
704
702
702
699
697
695
692
692
691
691
691
694
691
690
687
684
683
680
679
679
676
676
675
675
675
675
674
673
669
667
662
661
661
660
659
658
662
659
658
660
656
654
649
646
647
644
644
644
645
645
643
644
641
640
639
634
635
633
631
630
631
629
632
631
631
628
628
625
623
619
618
618
616
618
616
618
618
617
615
615
611
610
606
606
605
604
604
605
607
608
606
604
603
598
596
595
597
596
599
596
599
598
599
598
596
593
589
587
586
587
585
586
586
588
586
588
585
583
581
577
576
575
575
574
575
577
576
575
574
573
571
568
564
563
565
562
562
565
566
566
565
562
561
559
556
553
553
554
552
554
556
558
554
553
554
549
546
546
544
543
544
544
545
546
545
544
543
541
537
535
535
533
533
533
535
536
536
536
534
534
531
527
527
526
526
529
529
530
531
530
528
526
525
521
519
518
520
519
522
521
522
523
520
520
519
517
515
515
517
517
519
524
526
526
527
528
528
527
527
528
529
533
535
538
543
544
544
547
546
546
545
545
547
546
549
548
552
555
554
555
555
556
553
552
553
554
556
558
559
563
561
563
562
562
560
559
557
557
556
558
558
559
558
555
557
556
554
551
549
549
549
551
550
552
553
554
552
550
549
545
544
544
544
544
544
547
547
547
546
544
543
541
538
536
537
537
539
540
541
540
540
538
537
534
531
531
529
531
531
532
533
534
531
532
532
531
525
526
525
523
525
527
528
529
528
525
524
524
521
520
519
520
519
521
523
523
523
524
522
520
517
515
514
516
516
517
519
519
520
516
517
516
512
512
509
509
509
509
512
514
514
513
513
510
509
504
504
503
504
504
505
507
508
508
505
503
503
499
496
498
498
497
498
499
502
501
500
499
497
494
491
489
492
493
493
493
497
496
497
494
492
490
489
486
486
486
486
487
489
488
488
487
483
485
481
481
478
477
480
479
481
483
483
480
480
478
475
473
472
471
471
472
474
475
476
475
472
471
470
468
465
464
462
465
465
467
469
468
469
466
465
465
461
459
459
460
461
461
466
468
469
467
466
469
464
463
462
464
463
464
464
467
468
467
465
464
464
458
457
456
458
457
457
459
462
462
463
461
460
460
457
456
455
454
455
456
460
460
463
461
461
459
458
457
456
458
460
460
464
471
471
472
472
472
472
478
468
468
468
468
472
473
473
475
472
468
472
466
463
463
464
465
465
469
468
468
468
466
463
461
459
458
458
459
460
462
463
463
463
462
459
457
455
453
455
453
456
459
457
461
459
457
457
455
451
452
452
451
451
452
454
457
457
456
454
454
450
449
447
448
448
449
452
455
454
454
451
451
447
446
444
445
444
445
448
449
451
451
451
449
449
444
443
443
444
445
445
450
449
449
448
449
447
443
441
441
439
441
442
443
446
446
446
444
442
440
440
438
438
438
437
440
441
442
441
441
440
438
434
436
433
435
432
435
437
439
439
437
438
435
435
433
431
432
433
435
434
434
436
434
436
435
433
430
427
428
428
430
428
431
433
431
432
430
429
428
425
424
424
425
426
428
429
430
430
428
429
425
425
424
424
423
425
425
428
429
430
428
428
427
425
422
422
421
423
420
424
426
425
424
427
424
424
420
419
419
419
420
418
423
423
423
421
423
420
420
416
415
416
415
417
417
419
420
420
419
419
417
413
412
412
412
412
411
415
415
418
417
415
415
414
409
409
407
409
408
409
410
414
413
413
412
411
410
405
405
404
404
406
406
407
409
408
408
410
406
403
404
402
401
403
402
403
406
407
406
404
403
403
399
399
397
399
399
399
401
404
404
403
402
402
399
395
394
395
394
396
397
400
401
399
400
399
397
393
393
391
392
392
394
397
398
398
397
396
393
392
389
389
390
391
390
394
394
395
396
394
392
388
387
387
388
388
388
390
391
391
391
390
389
387
385
386
385
385
382
388
390
390
388
389
385
386
381
382
383
383
384
384
387
388
386
387
386
383
381
381
380
379
383
383
386
387
386
386
385
384
383
381
382
383
383
384
388
390
387
388
386
386
383
381
383
382
382
383
386
386
386
385
384
383
380
378
378
379
379
381
383
384
383
383
381
379
378
376
376
377
378
378
381
381
380
378
380
377
375
373
374
373
374
376
379
379
378
377
376
376
375
371
371
371
373
375
375
377
378
376
374
373
371
369
368
372
370
370
372
375
374
374
373
371
368
367
366
366
368
367
372
371
371
372
369
370
367
364
364
365
365
366
367
370
369
370
368
370
365
363
362
364
365
364
365
370
367
368
369
367
365
363
362
363
364
363
366
367
370
368
370
369
365
363
361
364
361
363
366
366
369
368
366
367
365
363
360
360
359
362
361
364
366
365
365
366
365
362
360
359
358
361
360
363
364
366
365
365
362
364
358
357
358
360
358
358
362
363
366
362
362
360
359
356
355
356
355
357
357
357
360
361
360
359
359
357
355
354
353
355
355
356
359
361
361
359
360
358
354
356
355
356
356
354
358
361
361
361
361
360
360
357
354
353
355
353
356
357
358
362
359
358
357
356
353
352
350
352
353
353
356
357
356
357
355
354
352
352
349
349
350
351
351
353
356
356
356
357
354
357
351
348
352
353
353
355
359
362
361
362
361
361
359
355
356
355
357
356
356
358
360
360
361
360
358
356
354
352
350
352
351
351
356
357
357
357
356
355
350
351
349
349
350
351
352
352
354
355
352
353
353
351
347
347
347
348
348
349
352
353
352
352
353
350
348
346
346
346
347
347
348
349
352
352
351
351
350
347
346
345
343
345
346
347
350
351
350
350
350
348
347
343
343
345
343
344
346
347
349
349
349
346
347
346
342
344
340
342
344
342
344
348
348
348
347
343
346
341
340
340
340
341
342
345
341
346
348
345
344
342
341
338
337
340
339
342
341
342
343
347
347
347
345
343
341
339
339
341
341
341
344
346
346
345
345
343
343
340
337
339
339
338
340
340
343
344
344
344
342
339
340
339
336
338
337
338
337
341
342
344
342
343
340
339
337
335
335
336
337
336
339
342
342
341
342
341
339
337
334
336
337
337
339
340
343
344
342
343
342
342
340
338
337
339
340
340
341
346
346
346
346
347
345
343
341
340
341
340
341
342
344
349
347
346
345
346
343
339
341
339
339
342
340
343
346
344
342
343
344
340
338
338
338
338
338
340
342
344
343
343
341
341
335
337
335
337
337
337
340
341
342
342
341
340
338
336
334
335
335
334
337
339
341
339
339
338
338
336
336
334
334
335
336
339
342
342
343
343
341
339
339
336
336
338
338
343
344
344
342
343
342
342
339
338
337
337
337
336
339
342
344
343
342
340
338
336
335
335
336
334
338
341
341
344
342
343
341
340
338
338
336
338
340
342
345
346
343
343
343
341
341
335
337
339
337
339
340
344
344
345
344
343
344
339
339
339
338
337
340
340
342
343
342
343
343
343
342
338
338
337
337
339
340
342
341
344
343
344
343
342
338
337
338
337
338
339
340
340
343
346
345
344
344
342
341
342
343
344
346
349
352
355
356
359
359
361
361
363
365
368
370
375
379
387
391
395
398
404
406
408
407
407
409
412
413
414
416
419
422
422
422
422
421
421
420
417
416
420
421
419
422
426
425
425
425
426
421
422
420
418
417
419
418
419
422
423
423
423
422
422
420
420
416
417
419
417
418
421
421
422
422
421
418
416
416
414
412
412
413
413
415
417
417
418
420
418
416
415
414
411
411
410
412
413
414
417
418
417
416
415
414
412
409
407
409
409
410
412
414
416
415
414
413
411
411
408
409
407
409
408
410
412
414
414
413
412
412
409
407
406
405
406
406
406
408
412
411
411
409
409
408
405
403
403
402
404
404
406
407
409
406
406
407
406
403
400
401
403
403
403
405
407
409
409
411
407
407
407
405
403
403
405
405
407
409
409
412
412
411
410
410
407
405
405
405
407
405
407
410
410
410
412
410
409
407
406
403
400
405
404
403
407
410
411
408
408
407
407
402
401
402
400
401
402
403
406
407
407
407
407
406
405
400
401
400
402
403
403
404
408
409
410
409
410
409
409
409
408
411
411
412
419
421
422
422
423
422
421
421
420
416
417
419
419
420
423
427
427
424
427
427
426
426
421
424
424
426
424
425
428
431
431
427
433
432
433
434
434
434
433
432
433
436
437
439
438
438
437
435
435
433
430
431
430
432
436
435
437
437
439
438
437
435
437
433
431
433
431
431
434
435
437
437
437
437
436
436
433
431
429
431
431
430
434
437
442
440
439
439
438
436
435
431
434
434
434
434
437
439
440
440
441
438
437
434
433
431
430
432
433
431
434
436
437
439
437
436
436
433
431
431
431
432
430
435
437
439
438
439
436
437
434
432
431
429
431
432
432
434
436
436
435
433
431
433
430
428
429
430
430
431
431
434
436
436
436
435
434
432
430
430
427
430
428
430
433
437
439
438
437
435
434
431
430
430
430
430
432
432
435
436
438
435
435
437
433
431
430
430
429
433
433
436
440
442
444
445
447
447
447
448
451
451
452
454
456
458
459
458
457
457
455
457
455
454
454
454
455
457
456
458
458
457
456
456
456
450
450
450
449
453
452
456
459
459
459
459
458
457
455
452
452
451
451
455
454
457
458
458
457
456
456
453
451
448
450
452
453
454
459
463
463
465
465
464
467
463
465
462
462
464
462
464
466
467
469
467
465
465
462
460
459
460
459
460
459
461
463
465
464
463
461
460
457
454
454
457
454
456
457
459
462
461
459
457
458
454
452
453
452
452
454
454
455
458
457
457
454
456
453
450
449
449
447
450
450
451
454
454
455
452
454
452
450
447
448
448
449
451
450
451
456
456
457
456
454
454
453
450
450
451
452
454
456
458
460
459
459
459
459
456
455
453
454
454
455
456
459
460
459
457
458
457
458
455
453
449
451
452
453
452
456
457
455
455
453
453
450
449
448
448
449
449
449
450
454
453
452
451
451
450
447
445
445
445
445
446
448
450
447
450
449
450
447
446
443
443
441
444
443
446
446
449
450
447
446
447
444
442
443
442
441
443
443
446
448
447
446
447
444
446
442
441
440
441
443
445
446
449
450
451
450
451
448
447
445
445
445
445
446
447
449
450
450
449
449
447
445
443
440
441
440
441
441
444
446
447
447
445
442
445
440
439
437
437
439
439
440
442
445
443
442
442
442
439
436
433
435
436
435
438
441
442
441
441
440
439
440
437
434
435
435
435
435
436
439
441
439
439
439
436
436
433
430
430
433
432
434
435
440
435
437
436
434
434
430
428
429
429
430
430
434
434
435
436
431
434
433
431
427
427
428
427
427
429
432
433
432
431
432
431
429
427
424
425
427
426
426
429
433
432
433
434
434
434
433
431
433
434
437
438
441
443
445
445
444
445
443
442
440
440
441
441
442
442
447
446
447
446
445
445
445
441
441
440
441
441
442
443
445
447
447
446
443
443
440
440
438
439
439
437
441
443
443
444
442
442
440
440
436
434
435
434
435
439
439
441
441
439
439
438
436
432
433
433
433
434
436
439
440
439
440
438
436
436
435
433
435
435
435
437
439
441
441
440
441
440
439
437
433
433
432
435
435
437
437
440
437
440
437
436
436
433
432
432
432
432
432
435
436
437
437
435
435
433
430
429
427
428
429
427
433
433
434
434
434
433
429
430
427
428
426
426
429
428
430
432
432
432
432
430
429
425
425
424
423
423
425
424
428
428
427
429
427
426
424
422
421
421
422
421
423
423
426
423
427
427
427
423
423
420
418
422
421
420
420
424
426
428
426
429
427
430
430
425
428
428
429
431
430
434
436
436
437
432
435
433
431
429
427
429
428
430
433
434
437
438
436
435
433
431
428
427
427
426
431
429
431
433
432
432
432
430
429
425
424
425
424
426
424
427
428
431
429
429
427
427
424
422
420
423
420
422
424
426
428
428
427
424
426
424
422
420
422
420
421
421
424
426
427
426
427
425
423
421
419
419
420
420
422
422
423
425
427
424
425
424
422
418
419
418
419
419
420
422
423
423
424
423
422
420
418
416
414
418
416
419
419
421
423
421
421
419
420
419
416
417
418
418
420
422
424
425
426
426
425
424
423
423
419
422
421
422
424
426
428
430
428
429
428
429
423
423
420
422
422
421
425
428
430
429
427
424
425
420
420
422
418
419
419
420
424
426
425
423
422
422
420
418
418
418
416
418
419
421
424
423
422
421
419
421
417
416
416
416
415
418
419
420
422
421
423
421
419
417
417
415
414
414
415
415
417
420
419
421
421
419
417
412
412
412
412
412
413
414
418
419
419
419
414
416
412
411
410
411
410
411
411
413
416
417
418
415
416
414
413
409
409
411
411
412
410
414
416
414
415
412
411
412
410
407
406
407
409
408
408
412
412
413
413
411
410
408
403
404
405
405
407
407
409
411
411
410
410
408
407
406
404
402
404
404
404
406
407
411
409
407
407
406
404
402
400
401
401
402
404
406
408
408
406
406
406
404
401
400
400
400
400
400
403
404
405
402
403
404
403
401
398
397
396
398
400
400
402
404
404
404
405
403
400
396
397
396
395
398
395
399
402
401
403
403
402
400
400
398
397
399
397
401
400
402
405
405
404
402
404
402
399
400
399
398
400
400
401
402
404
404
402
402
402
400
397
397
396
396
398
398
400
405
400
402
400
399
396
397
394
397
395
396
397
397
400
400
400
400
398
400
397
394
392
393
393
393
393
397
398
399
398
399
397
397
393
392
393
391
392
393
393
396
397
396
398
394
396
393
390
389
389
389
389
