328
339
336
333
335
336
345
349
333
332
330
331
330
328
330
331
332
332
330
332
330
12
362
11
362
11
385
12
368
12
369
12
369
11
366
11
369
12
354
9
352
11
350
11
349
10
346
11
346
2
341
589
647
645
624
632
625
621
611
508
384
359
383
437
468
469
519
388
364
350
440
466
476
497
435
346
296
355
407
431
427
436
416
323
325
383
413
369
258
334
406
418
430
454
512
506
501
502
516
557
534
518
513
506
504
502
505
503
503
492
494
499
495
491
492
489
490
486
484
486
488
493
240
231
188
207
214
220
224
229
220
224
231
235
237
237
236
235
236
235
234
236
233
234
237
241
242
244
244
242
243
240
239
242
244
243
247
251
253
256
253
254
252
249
245
246
247
247
248
251
253
253
256
256
256
253
248
247
247
249
250
253
256
257
258
257
257
256
252
249
249
250
249
250
255
258
256
257
258
256
251
251
246
247
250
248
249
254
256
256
256
253
254
248
244
246
247
246
250
253
253
251
250
249
247
245
240
244
243
246
247
248
245
241
238
239
236
235
232
230
232
236
239
247
248
247
244
240
240
240
238
241
232
228
236
236
239
245
241
253
249
244
236
237
236
239
238
240
239
238
237
238
236
232
236
237
234
231
231
230
228
230
238
237
235
233
232
233
234
236
237
242
242
241
242
239
235
233
233
233
232
235
235
238
238
236
238
235
235
230
230
229
231
233
234
237
241
237
241
239
237
231
232
232
232
231
235
237
239
240
239
238
237
233
232
231
230
226
226
230
233
232
232
229
230
226
225
225
225
226
230
234
235
234
234
231
232
228
224
224
226
228
230
235
234
236
235
233
229
224
225
225
225
228
231
235
236
236
233
233
229
229
224
223
226
227
230
232
236
233
232
233
230
227
225
224
225
228
230
231
235
234
232
233
230
225
223
224
223
222
224
230
231
231
229
229
229
222
221
220
222
225
224
229
231
230
231
229
228
223
220
220
221
221
227
228
231
232
232
231
231
225
222
221
220
223
223
226
232
233
232
231
230
227
219
219
221
219
221
224
231
230
231
231
228
226
221
217
217
218
220
222
226
228
228
225
228
224
217
215
215
216
218
218
221
226
226
226
224
222
216
217
213
213
213
215
218
222
223
224
223
223
218
213
211
212
211
212
215
218
219
221
220
216
220
211
209
208
211
211
211
214
219
219
216
218
215
213
209
208
207
209
210
211
215
218
217
216
214
212
208
205
206
206
208
210
211
214
216
213
212
212
210
205
204
206
206
207
213
214
214
212
211
209
208
200
201
203
203
203
211
213
213
212
209
211
205
202
202
202
201
205
209
212
213
213
210
209
205
203
203
201
201
204
208
212
209
212
211
210
207
206
204
203
203
204
206
209
212
212
211
209
209
206
201
200
202
202
204
207
209
212
209
210
208
207
201
200
200
204
203
204
204
202
201
203
203
203
200
198
199
198
201
201
203
208
206
205
207
204
200
198
197
197
198
198
200
203
206
206
205
203
200
196
195
197
199
198
200
207
208
207
206
207
201
198
197
195
198
200
204
207
209
209
207
204
200
197
195
198
198
199
202
207
207
204
205
205
203
198
198
198
196
196
202
207
208
207
206
204
201
198
197
195
198
199
201
208
208
205
205
206
201
198
197
197
197
200
204
206
206
206
207
205
201
196
197
196
195
199
200
205
207
208
206
205
200
198
196
196
197
198
200
204
205
207
205
205
203
197
195
195
195
198
199
203
208
205
206
204
203
198
194
195
194
197
196
201
205
208
203
203
203
197
192
192
195
192
197
200
205
206
204
204
204
197
195
194
191
193
195
202
203
201
203
203
201
198
196
192
193
193
194
199
202
203
203
202
202
196
193
190
192
194
194
196
201
203
204
202
200
200
192
192
191
192
192
195
198
201
203
201
201
199
196
192
190
189
191
191
196
200
203
201
198
200
196
191
190
188
190
192
192
198
201
202
200
200
198
189
190
187
190
190
192
195
202
202
199
197
198
194
191
188
189
190
189
194
196
198
199
196
196
196
189
189
189
189
189
192
193
197
197
199
196
196
192
189
188
188
186
189
193
196
196
197
196
196
196
190
186
185
186
187
190
194
196
197
198
196
195
188
186
184
186
186
188
194
196
196
195
194
192
189
185
184
187
187
189
192
195
195
197
193
192
188
185
182
183
185
187
189
194
195
194
192
193
189
185
184
182
184
185
190
193
193
193
190
192
188
184
184
184
185
185
188
194
193
192
189
188
186
181
182
183
182
185
188
190
192
191
193
190
185
183
181
181
182
183
184
188
190
190
188
187
183
181
180
182
181
183
188
188
187
189
188
186
182
181
180
179
180
182
183
187
188
185
187
184
182
178
179
176
176
179
184
186
185
185
183
184
182
178
178
176
178
177
181
184
187
186
186
185
181
178
177
176
175
176
179
182
184
185
185
182
181
179
174
175
173
175
176
179
183
183
184
181
180
180
175
171
173
174
175
176
181
183
181
181
182
180
176
173
172
173
172
174
175
181
181
181
181
177
178
174
172
172
170
176
174
177
179
180
180
177
179
176
172
169
171
171
173
173
180
180
178
181
177
176
174
171
169
172
172
173
176
179
178
179
179
177
174
170
170
170
171
174
172
177
176
178
179
177
176
173
170
170
171
171
173
176
179
179
176
177
176
172
170
169
167
168
171
174
175
178
177
177
177
172
169
168
167
169
169
172
174
176
177
176
173
173
171
168
167
168
168
168
173
176
178
174
175
174
172
167
165
164
166
170
173
174
175
174
172
175
170
167
164
165
165
168
169
174
174
173
172
173
171
167
165
165
163
166
166
172
176
175
174
173
170
166
167
164
166
164
168
171
173
174
174
172
172
167
162
162
164
164
167
170
174
170
172
169
168
164
162
164
163
164
164
171
171
173
170
172
168
166
161
160
163
162
163
168
172
173
171
172
169
165
161
162
162
163
163
168
170
171
170
168
169
166
161
161
160
162
163
166
170
174
173
169
170
166
162
159
158
161
164
165
167
170
170
168
168
168
163
160
160
161
162
164
167
170
169
171
167
166
163
160
160
160
161
163
164
171
171
169
168
168
165
160
160
160
161
160
165
169
168
168
168
168
163
159
159
159
160
160
165
168
171
168
170
168
164
161
158
158
159
161
162
166
170
170
169
166
166
162
158
159
158
160
160
165
166
167
167
168
167
164
157
156
157
158
158
163
167
169
166
169
169
165
158
157
154
157
159
161
167
168
169
168
166
163
157
156
155
156
159
162
166
167
166
167
166
164
159
155
154
157
158
161
163
168
168
166
166
163
158
157
155
156
156
160
164
169
167
166
165
164
159
154
155
154
157
160
164
167
165
168
165
164
162
155
154
158
155
159
162
166
167
165
165
164
160
157
153
156
156
155
160
165
170
167
167
163
166
159
153
156
153
155
159
163
166
167
165
162
164
162
154
155
154
153
156
158
163
162
165
165
164
164
155
153
153
154
156
156
162
165
166
164
164
163
160
156
154
154
156
158
160
165
167
166
165
164
160
156
156
154
155
156
159
161
164
166
165
164
162
157
154
152
155
154
158
160
166
163
163
161
163
157
155
152
154
154
156
159
166
166
167
162
163
159
154
153
152
157
156
158
162
165
167
164
163
162
155
153
152
152
156
155
162
164
163
165
164
160
155
156
154
153
154
156
161
165
165
163
164
162
157
154
153
154
155
157
160
164
164
165
165
161
160
154
153
153
154
155
156
162
165
165
163
163
162
158
154
154
152
154
155
157
162
165
166
163
163
161
154
151
152
153
154
156
161
161
165
163
163
161
157
153
150
152
153
154
157
161
163
163
163
162
161
153
152
152
151
155
153
160
163
163
167
160
160
160
155
152
152
154
154
156
162
164
163
162
162
158
156
157
152
151
151
153
157
157
161
161
161
162
161
158
154
152
151
151
152
154
159
162
162
164
162
160
159
154
152
154
153
154
156
161
162
163
163
163
160
155
152
152
153
153
154
158
161
162
162
160
160
157
155
152
151
151
154
154
159
162
163
162
158
160
158
152
152
150
153
152
155
160
163
163
162
161
157
152
152
152
152
153
154
159
163
161
161
158
160
156
149
149
152
151
154
157
160
162
161
160
163
158
153
153
151
153
152
156
160
162
163
161
161
158
153
152
152
153
153
157
159
161
160
161
161
160
154
152
150
153
154
156
161
163
163
163
162
159
157
153
151
152
154
154
159
164
164
166
163
161
159
154
154
154
154
157
160
165
166
163
164
162
161
156
154
153
154
154
158
163
167
167
166
165
163
157
154
154
154
157
157
161
165
164
167
165
162
159
154
157
155
156
156
158
163
166
163
165
164
161
160
155
155
156
155
158
162
164
165
164
164
163
159
155
152
156
157
157
162
163
165
165
163
162
156
155
154
155
154
157
160
165
165
165
163
163
157
154
152
152
155
156
162
165
166
164
164
164
157
153
154
153
154
156
161
164
164
165
164
163
158
152
153
153
154
156
160
165
166
166
166
164
160
155
154
153
155
156
158
161
163
166
164
164
164
157
156
155
157
159
155
159
161
165
162
161
160
158
155
154
156
159
156
161
164
163
164
166
163
161
155
155
157
156
158
160
163
162
164
163
162
161
158
156
156
155
154
157
157
163
164
164
162
161
157
156
153
154
155
153
155
161
162
163
160
161
160
154
155
154
154
155
154
159
162
160
163
162
161
158
155
155
154
155
154
156
161
163
163
161
161
160
157
154
154
154
154
157
160
162
162
162
160
158
156
151
153
152
155
154
156
162
162
163
160
160
154
153
150
152
153
157
160
162
162
162
160
158
154
152
152
152
152
154
157
161
161
161
160
158
157
152
152
152
154
154
160
161
160
161
159
159
156
153
152
152
155
155
157
161
160
161
162
160
156
152
151
151
153
152
157
159
158
159
161
159
154
153
151
151
152
151
154
157
162
163
162
160
157
154
151
150
151
153
154
160
161
162
161
159
156
153
152
150
151
152
152
157
160
161
158
158
157
155
149
148
152
149
152
156
160
162
162
160
160
157
155
151
149
151
153
154
158
160
160
159
157
161
156
150
150
151
152
154
156
157
159
160
161
160
157
153
150
152
152
153
155
157
159
158
160
160
159
156
153
151
151
153
155
156
160
160
161
160
161
156
154
153
150
153
155
155
157
158
160
158
159
157
155
154
153
153
152
153
155
157
160
160
158
159
158
153
152
152
155
152
151
156
157
161
160
157
159
157
152
152
153
152
154
156
158
160
160
160
160
158
154
152
152
151
151
152
154
160
162
161
160
159
156
154
151
152
152
152
153
159
161
160
162
161
158
155
153
149
151
153
153
156
161
161
160
162
159
157
152
151
149
151
150
152
160
159
163
162
161
160
155
152
150
151
151
151
156
161
161
161
164
159
158
153
151
150
149
149
154
157
162
162
162
162
160
157
150
147
152
150
153
154
156
160
160
157
160
157
154
150
150
150
150
154
155
163
160
161
161
160
158
154
151
151
152
152
154
158
160
162
162
161
160
157
150
151
149
152
153
155
158
160
162
161
161
158
155
150
151
149
151
150
157
162
160
162
161
161
158
152
150
151
151
150
153
159
162
161
161
161
160
157
149
150
150
151
153
155
160
160
161
160
160
157
153
151
150
151
151
153
157
161
162
162
160
160
156
151
152
152
153
153
155
160
160
158
159
159
155
152
151
151
151
151
155
160
159
160
158
157
157
156
153
152
152
153
156
156
157
160
160
157
157
157
152
153
152
153
152
152
158
160
160
160
158
157
154
151
154
151
151
152
157
157
158
160
159
157
155
151
149
153
152
151
154
157
160
161
159
157
155
154
153
150
151
149
155
158
160
160
161
160
159
156
151
150
150
149
153
155
158
162
162
161
158
157
151
150
149
149
151
154
158
162
161
159
157
158
153
149
148
151
151
152
155
161
161
160
161
159
154
151
148
152
148
151
155
159
158
157
156
157
155
153
151
151
150
152
154
157
158
156
158
157
156
153
148
150
149
152
152
153
158
156
160
156
155
152
149
150
149
151
153
151
157
157
158
156
157
156
153
152
150
147
150
152
154
156
160
160
160
157
155
149
148
148
149
150
152
157
160
161
160
156
156
150
148
147
149
149
153
159
161
161
157
159
155
151
147
148
149
150
150
157
159
161
162
160
157
155
149
149
148
149
151
154
156
161
160
159
160
156
153
149
147
148
150
151
155
159
161
161
158
157
156
150
150
148
150
152
153
159
161
163
160
159
155
152
149
146
149
150
152
155
161
162
162
160
159
154
149
148
149
150
151
156
160
160
161
161
159
154
152
148
149
150
151
154
158
160
160
160
159
158
152
150
148
147
151
152
156
162
161
160
160
158
153
150
147
148
150
151
153
157
161
163
160
160
156
151
149
148
150
150
150
156
161
160
161
160
159
155
150
149
149
151
149
154
158
160
161
160
157
157
150
150
149
150
151
153
158
160
160
160
160
158
153
150
148
147
151
150
154
161
162
161
158
160
155
151
149
150
148
151
152
159
162
161
158
160
156
154
151
149
149
151
152
156
159
161
161
161
159
155
149
148
148
149
151
153
158
160
162
158
158
156
153
149
148
147
150
150
156
161
160
162
161
159
156
153
149
146
148
151
152
159
160
161
163
160
158
152
150
147
149
149
153
156
160
163
160
159
157
156
150
149
150
148
151
154
160
161
162
160
160
156
153
149
148
150
151
150
158
160
163
161
160
158
154
150
148
148
149
151
154
160
161
161
160
159
156
152
147
148
150
150
152
157
159
162
160
159
159
156
148
149
149
149
152
155
160
158
158
160
156
154
149
145
148
149
152
154
156
160
161
159
158
156
151
149
148
148
150
152
156
160
160
160
160
158
153
150
148
147
150
152
155
159
160
161
158
158
153
151
148
147
150
150
154
160
161
158
160
156
158
152
148
148
149
150
153
157
158
158
160
158
157
153
150
147
148
149
148
155
160
158
160
157
156
151
150
146
148
149
151
152
158
160
160
160
158
157
150
149
146
149
150
150
157
160
160
160
159
156
155
148
149
149
148
151
154
158
160
157
156
157
154
151
152
149
151
148
151
153
157
156
157
156
156
150
149
149
148
149
150
153
154
157
157
157
156
154
149
150
150
147
148
149
152
157
157
158
156
156
154
150
148
146
148
146
149
155
158
158
160
160
157
152
149
145
148
149
149
152
157
159
158
156
155
154
150
146
147
148
148
148
153
157
160
160
158
156
153
149
145
147
146
149
152
155
158
160
159
158
156
154
149
145
148
146
149
151
157
158
160
161
157
157
153
149
147
148
148
150
152
157
161
160
159
160
155
151
147
147
148
149
149
153
159
159
157
159
158
156
150
148
147
146
150
150
155
158
159
160
158
155
154
147
146
144
148
148
152
158
158
160
157
156
157
149
149
147
148
150
150
153
159
159
160
157
156
153
147
148
146
145
150
153
157
158
158
159
154
155
152
150
150
