586
591
595
593
593
590
565
481
519
545
537
548
584
572
562
587
563
560
556
555
553
551
284
281
282
281
279
277
279
281
279
281
283
283
284
284
285
290
290
289
293
296
297
288
289
291
292
298
298
300
301
303
308
310
314
315
320
322
324
328
326
329
331
334
336
337
338
334
337
334
333
336
341
344
348
348
352
346
350
352
350
351
359
361
372
375
370
358
356
352
358
357
366
370
371
374
379
381
382
387
390
394
392
393
394
395
402
405
407
404
411
413
414
417
419
420
418
420
419
418
420
420
421
422
422
422
424
425
427
427
428
432
433
436
437
435
436
431
432
432
426
433
436
438
437
439
436
425
421
422
426
427
427
429
427
427
427
423
426
426
425
424
426
423
423
424
423
422
422
423
424
423
422
422
418
415
412
412
409
413
416
418
422
425
427
427
420
418
420
415
416
416
415
415
416
417
418
419
415
419
418
421
419
419
419
418
420
420
421
423
424
424
428
423
426
428
433
438
437
443
451
460
465
470
471
472
477
482
487
495
490
493
493
501
504
503
506
505
509
507
509
513
513
513
514
512
510
512
505
504
504
499
498
499
501
497
499
498
496
496
495
497
499
499
499
498
498
498
497
497
497
497
499
500
501
504
505
512
512
513
516
517
520
521
523
523
523
524
524
524
525
526
527
525
525
524
524
525
525
525
523
526
525
524
522
523
522
522
520
521
520
521
521
518
519
518
516
517
517
516
517
521
520
520
521
523
525
525
525
526
528
528
528
529
530
529
528
528
529
528
528
526
526
525
524
525
521
524
523
521
521
520
521
521
518
521
521
520
521
518
521
520
519
519
519
519
519
517
520
519
517
517
516
516
517
517
516
516
517
516
516
516
515
519
519
519
517
518
518
518
518
519
518
518
519
519
518
517
517
518
518
518
516
515
515
515
515
514
514
514
514
514
513
513
514
514
514
515
516
513
515
515
515
515
514
515
517
517
517
518
519
520
522
522
522
522
523
522
520
523
523
521
522
522
522
523
522
521
523
522
523
523
522
521
521
523
521
521
521
520
522
522
524
526
525
527
528
529
530
529
530
531
532
533
531
532
532
532
530
532
532
531
528
531
530
529
528
530
529
528
527
528
528
527
527
527
523
527
526
527
527
529
529
529
533
532
535
537
536
540
542
545
546
544
547
546
546
547
554
554
553
555
555
553
551
551
550
550
549
548
548
547
545
546
545
542
544
542
542
541
541
539
537
538
537
539
536
535
535
533
533
535
533
534
533
532
531
531
531
531
531
532
532
531
531
533
533
536
535
534
536
535
536
534
536
536
536
537
536
535
534
535
537
535
533
534
535
534
535
536
536
537
540
540
540
540
540
542
541
541
541
541
542
542
544
544
544
545
544
544
543
542
541
541
541
539
539
538
539
535
536
533
535
533
532
533
531
531
530
531
530
529
529
529
527
529
527
524
526
527
526
524
525
526
527
528
529
533
535
535
537
540
541
543
544
546
547
549
548
549
552
551
552
553
551
552
553
551
552
551
550
550
550
549
548
549
548
547
547
544
545
544
543
543
542
546
540
540
541
539
540
539
538
536
536
534
532
534
532
533
532
533
531
532
531
531
529
529
528
530
531
530
531
529
529
527
528
527
529
528
528
525
526
526
523
523
522
523
522
522
522
522
521
521
520
520
520
519
518
517
519
518
517
517
517
517
517
516
516
515
517
517
517
517
514
515
516
515
514
513
514
513
510
510
512
512
512
512
509
508
510
509
510
512
509
507
509
509
507
507
506
507
505
505
504
503
503
505
504
504
504
502
502
502
502
500
500
500
501
500
500
501
500
499
499
499
499
497
496
495
495
496
494
494
493
494
492
492
491
491
490
490
490
489
487
488
487
485
487
486
487
485
484
483
481
480
482
480
479
479
480
478
476
476
477
475
475
474
475
477
474
475
474
474
474
474
474
472
473
471
471
471
471
469
469
469
467
466
466
466
466
466
466
466
465
465
465
466
468
467
471
471
474
476
477
480
481
483
485
485
485
487
488
489
490
490
491
490
490
491
491
495
493
493
493
493
492
493
492
490
489
491
489
488
488
488
487
486
488
484
485
483
483
482
484
481
479
480
479
479
477
477
477
477
476
476
476
475
474
475
473
473
473
474
472
473
475
475
477
476
478
480
479
480
480
479
480
480
479
478
478
480
479
478
478
478
478
478
479
478
477
479
476
477
475
477
475
473
474
476
475
474
474
472
473
473
470
471
472
470
470
469
467
467
469
467
468
468
464
468
468
471
469
470
471
471
471
469
472
472
472
473
470
471
470
471
469
469
471
467
468
469
467
466
466
467
465
464
465
465
464
465
462
464
465
466
465
465
465
465
464
467
467
465
463
464
462
462
463
460
463
462
461
461
460
459
459
459
459
459
458
456
457
458
455
456
456
455
455
454
454
453
453
452
451
451
451
450
449
450
447
449
448
448
447
450
447
447
446
445
446
444
445
442
444
443
442
441
442
442
441
442
441
441
440
441
439
437
439
437
439
436
438
437
436
435
435
436
436
435
435
434
435
435
434
434
434
431
432
432
432
430
432
431
429
428
429
429
429
429
429
427
428
428
428
428
426
426
426
427
425
425
423
423
423
423
423
422
421
421
420
421
420
421
419
419
419
419
418
417
419
416
416
416
414
415
415
414
412
413
414
413
413
411
410
412
410
410
411
407
408
410
407
409
408
407
407
406
407
406
406
406
406
405
405
404
404
403
404
405
402
400
402
401
401
401
400
398
400
398
399
397
398
398
395
396
395
395
396
395
394
393
394
394
393
392
392
392
390
392
389
390
390
388
388
386
389
387
389
386
386
386
386
386
386
385
385
384
384
384
385
383
383
382
382
382
380
381
379
381
379
378
378
378
379
378
378
378
377
377
376
378
379
377
377
375
376
378
375
375
375
374
373
376
374
373
374
373
374
373
372
375
372
371
373
371
371
370
369
370
370
367
367
368
369
368
368
367
369
368
367
367
365
366
366
363
364
364
365
365
363
364
364
363
364
363
364
363
363
362
362
362
363
361
362
362
361
361
361
361
360
360
358
360
358
358
359
359
358
357
357
358
355
355
356
356
355
357
356
357
358
358
357
356
358
357
359
359
359
360
359
359
360
360
357
360
361
359
359
360
358
359
359
359
360
357
359
358
359
360
358
359
356
357
358
356
356
355
354
355
355
354
354
353
356
353
354
353
354
354
353
352
353
352
350
351
353
350
349
351
350
350
350
349
350
349
346
349
348
349
348
347
348
347
348
349
347
347
348
346
350
348
348
348
349
348
349
349
350
350
350
351
352
350
351
351
351
349
349
351
349
350
349
350
349
345
349
347
349
348
346
348
347
347
346
346
346
346
346
344
345
347
344
346
346
345
347
345
344
345
345
344
345
345
344
345
346
345
345
344
345
344
345
345
345
345
342
345
346
344
344
345
342
342
344
345
342
342
343
343
341
341
341
340
341
342
342
341
343
342
342
342
341
341
339
341
339
340
340
340
340
340
339
339
339
338
339
338
338
339
338
339
338
337
338
337
337
338
338
336
335
335
336
335
337
335
335
335
334
336
335
336
336
335
334
334
335
333
333
333
333
333
332
333
333
332
332
332
332
332
332
333
332
331
332
329
331
330
330
328
328
329
329
329
329
328
329
329
330
328
327
328
327
328
328
327
328
328
328
326
325
326
328
326
325
327
327
325
327
325
325
326
325
323
326
323
323
324
324
323
323
323
322
324
322
323
322
323
323
323
322
322
323
321
319
320
321
321
321
320
321
320
321
321
318
319
320
320
319
318
320
318
319
318
320
318
319
318
318
318
316
317
316
318
316
314
317
316
317
317
317
318
317
318
316
318
318
318
318
318
319
318
319
318
320
319
319
319
320
318
319
318
318
319
316
317
317
316
316
317
318
317
318
317
317
317
318
319
319
321
320
321
319
319
320
320
321
322
322
321
323
321
320
321
320
322
321
323
323
323
324
323
324
324
325
324
326
327
328
327
328
327
326
327
328
326
328
329
328
326
326
326
327
326
327
325
326
325
324
326
326
325
325
323
324
324
325
324
324
324
324
326
324
325
323
322
324
325
323
323
322
323
323
323
323
323
322
323
323
322
321
321
321
321
322
322
321
321
321
320
322
322
321
320
322
320
322
318
321
321
320
319
321
318
317
319
318
320
318
317
318
320
318
320
319
318
318
318
319
318
315
317
317
319
317
318
317
318
317
317
317
317
317
317
317
318
318
320
317
319
319
319
320
319
320
318
319
319
319
318
320
321
318
318
319
321
319
318
319
317
320
319
319
318
318
318
315
317
314
315
317
316
316
316
316
315
317
314
318
315
315
315
317
314
315
315
316
313
315
313
315
316
315
317
316
317
315
317
316
317
317
318
316
318
317
318
317
316
317
316
317
316
317
317
314
316
317
317
316
317
314
317
316
316
316
317
315
317
317
317
319
319
316
318
316
319
318
318
318
318
320
318
320
319
316
317
316
317
318
318
317
318
318
319
318
318
319
320
319
319
320
326
323
324
325
325
326
328
328
326
328
328
326
328
325
327
329
326
327
328
326
326
327
326
326
325
324
326
325
325
325
324
324
326
325
324
323
322
323
323
325
323
322
323
323
323
321
321
322
323
322
323
322
323
321
324
324
325
324
325
326
323
326
325
326
323
325
324
326
325
324
326
325
324
325
323
325
325
324
323
324
326
324
324
325
323
323
323
323
323
322
324
323
322
322
320
322
322
322
322
322
323
322
320
322
322
322
320
320
321
320
320
319
320
321
321
320
320
322
321
320
320
320
321
320
321
320
321
319
320
320
320
321
321
320
317
320
320
320
317
321
320
320
320
320
319
320
320
319
318
318
319
318
318
318
318
318
320
318
317
319
319
318
318
320
321
321
321
321
322
320
320
322
322
322
322
321
322
319
320
320
321
321
322
322
321
322
323
325
324
323
324
324
325
327
327
327
328
327
328
329
330
328
328
328
329
329
328
328
328
328
327
329
327
326
328
326
327
328
329
328
327
327
326
328
330
330
329
328
329
329
329
329
328
329
327
328
328
327
329
327
329
327
327
327
325
328
326
326
326
326
326
326
324
323
325
325
325
325
324
324
324
325
323
323
322
322
324
325
323
324
322
322
323
322
323
322
322
323
323
321
322
322
322
322
321
321
323
322
320
322
322
322
321
322
321
321
320
321
322
323
323
323
325
327
327
327
328
331
331
332
333
332
335
334
336
336
339
340
339
338
337
338
341
339
341
342
342
342
342
340
341
341
341
341
339
340
340
339
339
338
339
339
337
338
338
337
336
337
337
336
337
336
336
335
335
335
335
335
336
335
335
334
336
335
336
335
336
336
337
334
337
337
339
338
337
340
341
344
342
344
344
345
344
345
345
344
343
342
343
342
341
340
340
341
339
340
340
340
341
341
345
345
345
347
347
350
351
354
359
359
359
364
363
366
365
366
368
368
367
368
369
370
369
371
373
373
375
377
380
380
383
382
387
386
389
389
393
393
394
395
395
395
395
394
396
396
394
393
393
392
392
391
390
390
390
389
388
389
384
386
387
386
387
386
387
386
386
386
385
386
386
385
385
384
386
384
384
384
384
384
384
384
383
382
384
384
384
383
383
384
383
380
382
383
382
383
384
381
381
384
383
381
381
381
379
381
381
382
383
382
382
382
381
384
383
382
384
385
383
382
383
384
383
384
384
383
384
383
382
381
381
382
382
381
382
383
381
381
379
380
380
379
379
379
377
378
377
378
378
378
378
377
375
377
375
376
375
376
374
376
376
377
377
377
376
378
378
377
375
376
376
376
375
376
376
375
376
374
377
376
377
377
377
376
377
375
378
379
377
378
379
378
379
379
379
378
379
378
378
378
379
378
377
378
378
377
376
377
376
376
376
377
376
377
376
377
378
379
378
377
380
379
379
381
380
379
379
380
378
379
379
379
378
377
381
380
380
380
380
378
380
378
379
379
377
378
378
379
378
378
379
378
378
378
375
378
376
378
377
377
376
377
377
376
377
377
377
377
377
378
377
375
377
377
375
376
376
377
375
376
376
375
376
373
375
375
375
373
374
375
374
374
374
374
373
374
373
375
373
374
374
373
373
373
373
372
372
371
372
373
372
372
373
371
371
371
372
374
371
371
372
370
370
371
371
371
372
370
371
370
371
371
370
369
370
370
369
368
368
369
371
371
372
372
374
374
374
376
375
375
375
376
377
377
377
375
377
377
377
375
377
377
375
377
378
378
378
377
379
379
380
381
383
383
385
386
387
387
391
393
393
395
396
397
400
400
400
401
402
404
403
403
402
403
402
402
399
402
400
398
401
400
399
399
398
397
396
397
397
397
395
395
395
395
395
395
396
398
397
396
397
395
396
396
395
395
397
394
394
394
395
394
394
395
394
394
394
394
394
393
394
393
394
393
393
393
393
392
392
391
392
391
391
389
391
390
391
390
389
389
389
388
390
388
388
387
388
390
387
387
387
387
387
389
388
386
387
388
389
387
386
388
389
389
390
389
390
391
390
391
390
390
389
391
391
390
390
389
390
392
391
391
391
390
392
392
391
393
390
393
392
394
392
392
392
391
390
390
391
389
390
390
389
389
389
389
389
389
388
387
388
388
388
389
388
388
385
387
388
386
387
387
386
386
387
385
386
385
386
387
385
385
386
386
383
386
384
385
386
385
385
385
384
386
384
384
384
384
383
383
384
384
383
383
382
384
382
384
382
381
381
381
381
382
382
382
381
381
382
382
380
381
380
380
380
380
380
380
377
380
381
380
379
377
380
379
379
379
379
378
378
378
379
378
378
379
377
378
377
377
377
376
378
378
377
375
376
377
376
375
374
374
376
375
375
374
375
373
373
375
375
374
374
373
373
371
373
373
373
370
373
372
373
371
372
370
372
373
371
371
371
370
373
371
370
370
369
369
370
369
368
369
369
369
367
367
369
367
368
368
368
367
367
366
367
368
367
368
366
366
366
366
365
366
366
366
366
366
367
365
367
364
365
364
365
366
364
364
363
365
362
364
363
364
363
363
363
365
363
362
363
362
360
363
361
363
362
362
363
362
362
362
363
361
364
363
365
364
364
365
365
367
366
368
368
368
368
369
370
371
369
370
370
370
371
370
370
369
370
370
370
368
367
370
369
369
371
367
369
369
371
369
369
369
369
369
368
369
369
367
367
368
365
368
368
369
368
368
367
367
368
367
365
367
366
367
367
367
366
368
368
366
365
367
367
368
367
369
366
367
366
367
367
368
365
367
367
367
367
366
366
365
366
366
366
365
365
365
365
364
364
367
365
363
364
364
364
364
363
363
362
363
363
361
361
363
362
361
362
363
362
362
360
361
361
362
362
360
362
363
361
363
364
364
363
365
368
368
370
371
375
375
376
378
379
380
384
384
388
390
390
391
393
393
392
393
393
396
395
397
397
399
399
399
399
398
395
397
396
395
394
393
394
393
392
392
391
391
391
391
389
390
389
389
388
388
388
389
386
388
386
386
385
385
384
385
385
385
384
384
385
384
383
384
383
382
382
383
380
381
381
379
381
379
381
382
380
381
377
379
379
379
379
379
377
376
376
376
377
378
375
377
375
376
374
373
374
372
373
373
374
374
375
373
371
372
372
372
373
372
371
371
370
371
371
371
371
371
371
371
370
372
370
370
369
371
372
371
370
371
370
370
370
372
368
371
370
369
371
368
368
369
367
365
368
367
367
366
365
365
365
366
365
365
366
364
365
365
365
365
367
366
367
367
368
368
368
367
367
369
369
368
369
369
368
368
368
370
369
367
368
368
369
367
367
369
367
367
367
367
367
368
368
366
367
366
368
367
367
365
366
366
365
366
367
365
366
364
364
366
365
364
365
364
365
365
363
364
365
365
365
364
364
363
364
363
362
363
363
363
364
364
362
362
363
363
364
363
363
363
362
364
362
362
361
362
363
362
362
360
362
360
359
361
360
359
359
359
360
360
359
358
360
359
358
360
358
359
358
357
357
358
358
358
358
358
357
357
356
357
357
357
357
356
357
354
356
356
355
355
355
354
354
355
354
352
355
352
351
352
355
353
354
353
351
353
354
352
353
353
353
354
351
352
352
353
352
352
353
354
353
352
352
350
351
353
350
352
352
352
353
352
352
352
352
351
352
352
349
351
351
351
351
350
350
350
350
350
350
347
349
348
348
348
347
347
348
349
348
348
347
347
346
345
347
348
346
348
348
349
347
348
345
348
348
348
347
348
347
347
348
347
348
348
348
348
347
349
347
347
345
347
347
347
346
346
348
347
345
347
347
347
346
346
344
346
347
345
345
346
347
345
345
346
345
347
345
345
344
346
346
346
347
346
347
345
343
347
347
346
346
346
346
346
347
347
346
347
347
346
346
347
346
347
346
348
346
346
346
347
346
347
347
346
347
348
347
348
346
349
348
347
349
349
349
351
351
351
353
352
353
353
354
355
354
356
358
356
357
359
357
358
358
357
357
356
355
354
357
358
357
357
355
354
353
355
355
353
354
353
351
355
353
354
353
354
354
353
354
353
353
354
352
353
351
352
352
353
351
353
352
353
352
351
351
351
351
352
348
350
352
352
350
351
351
352
352
351
351
353
350
350
351
352
351
351
351
353
352
350
352
351
350
351
351
349
351
351
351
351
351
351
348
350
349
350
348
349
349
350
350
351
350
350
349
349
349
350
349
350
350
348
350
349
348
349
348
348
347
349
348
346
347
349
349
348
346
348
348
349
348
347
345
345
348
347
346
347
346
348
346
346
345
344
345
346
347
345
346
345
345
346
345
344
347
346
348
347
348
349
350
350
352
351
352
353
354
354
353
352
356
355
354
356
356
355
356
356
357
356
356
356
355
355
354
355
354
355
356
354
354
353
353
354
355
355
355
355
355
356
357
356
356
358
358
357
357
357
357
355
356
358
357
357
359
358
357
357
357
358
358
359
359
359
359
360
359
359
359
359
361
361
362
362
361
363
363
364
367
366
363
365
363
366
366
364
367
366
366
367
367
367
366
367
366
366
366
367
366
368
367
367
366
365
368
368
367
366
368
366
367
367
368
366
365
366
367
367
367
367
366
367
366
366
365
365
365
365
365
368
367
367
366
369
370
370
371
370
370
372
371
371
371
371
371
372
370
371
370
369
369
368
368
370
368
366
367
368
368
367
368
367
367
366
364
365
366
366
366
362
365
365
364
365
364
363
364
364
363
365
363
362
364
362
363
363
362
363
361
363
361
361
362
362
361
362
361
362
362
361
363
361
361
361
360
361
360
360
359
361
360
360
359
360
360
360
360
360
359
359
359
360
359
360
358
358
361
358
358
358
358
357
356
358
357
358
358
357
357
356
359
356
359
357
358
354
358
358
358
358
358
358
358
359
357
357
357
359
356
356
360
358
358
357
356
358
357
356
355
359
356
356
356
357
356
355
355
356
356
355
357
355
355
356
357
354
357
357
356
356
355
356
357
355
357
355
353
356
354
354
357
355
356
356
355
355
355
356
354
355
355
354
353
355
355
355
355
357
356
355
355
354
355
356
354
354
356
355
353
355
354
354
355
356
357
362
362
362
362
360
363
362
363
359
362
363
360
360
361
360
361
360
362
360
360
360
360
361
361
360
361
360
361
360
360
359
360
360
358
360
360
360
361
361
360
361
360
361
361
360
360
360
360
357
359
360
359
359
359
358
358
357
357
356
357
357
358
359
359
358
359
358
358
359
359
359
359
359
361
359
360
360
360
360
359
359
360
361
360
359
360
359
357
359
359
358
359
358
357
360
357
360
358
358
358
357
357
356
357
357
356
356
357
357
357
357
357
356
355
355
356
355
358
357
356
355
356
356
356
355
355
355
355
354
355
354
355
354
353
354
354
353
353
354
354
354
353
353
353
353
352
353
352
353
352
352
353
352
353
352
353
352
352
351
352
350
354
352
352
350
351
349
350
349
349
348
351
350
349
347
349
349
349
349
349
348
349
349
349
348
348
347
347
347
346
347
347
346
346
346
347
346
346
346
346
346
345
346
345
345
347
344
345
345
345
344
343
344
344
343
343
345
344
344
343
343
344
344
343
343
344
343
343
342
341
341
340
342
341
341
341
342
341
342
341
342
342
341
339
341
341
340
341
339
340
341
341
339
339
339
339
339
341
339
339
340
339
339
338
338
340
338
339
338
339
338
337
338
338
339
338
339
338
338
338
337
337
337
336
337
339
337
335
336
335
336
336
337
336
336
337
336
336
337
334
336
335
336
337
334
336
335
335
333
335
335
334
334
333
333
335
334
335
333
336
336
334
335
334
333
333
332
334
333
333
332
332
333
333
334
334
335
338
339
339
342
344
344
347
348
350
352
353
354
357
358
362
364
368
366
371
372
374
377
377
378
378
378
378
378
378
379
376
375
375
375
374
374
373
373
373
372
372
373
371
371
371
370
369
370
367
367
370
371
371
370
371
372
372
371
372
371
371
372
372
374
372
371
374
372
373
373
372
374
373
371
372
372
374
372
372
371
371
372
370
372
369
370
370
369
370
368
370
369
369
370
368
368
367
367
367
368
367
367
367
366
365
366
365
365
364
364
364
363
363
364
363
363
362
361
362
362
360
361
361
362
361
360
362
361
361
361
359
359
360
359
359
360
359
358
358
356
358
357
357
356
354
354
356
355
356
356
355
355
355
354
355
354
355
355
355
354
355
353
353
354
354
353
354
356
356
355
355
355
356
357
358
357
358
357
358
359
358
356
358
360
358
360
359
364
362
363
365
365
364
366
364
365
365
364
364
365
365
364
365
366
364
363
363
365
364
365
364
365
364
363
365
364
365
363
365
365
364
367
367
366
368
368
367
368
367
367
368
368
369
369
368
369
372
374
375
374
375
374
376
377
379
377
376
376
376
375
373
375
376
376
376
374
373
373
373
373
373
375
375
376
377
377
380
380
383
384
385
387
388
391
396
398
400
402
401
403
403
406
406
409
409
420
422
423
426
427
429
435
438
443
450
454
466
470
472
472
473
472
472
475
480
483
486
489
491
500
505
504
505
508
514
527
536
538
539
544
545
548
552
552
556
564
566
570
574
585
581
581
579
576
575
571
570
567
568
565
563
561
561
558
556
557
556
553
552
551
549
549
549
548
555
559
559
560
558
560
561
561
562
561
562
562
563
565
565
565
563
565
564
563
565
565
565
565
564
563
560
561
561
559
558
558
557
557
557
558
557
556
557
555
554
557
556
556
558
550
554
556
557
556
559
557
559
558
559
560
561
560
561
560
560
559
561
562
561
565
567
570
574
577
581
584
588
595
603
617
624
628
637
641
652
664
669
675
689
693
699
698
697
698
699
698
697
694
693
691
692
694
699
705
705
704
704
705
707
719
725
735
736
742
744
753
752
771
787
790
801
806
818
826
829
832
830
831
843
844
839
835
831
833
835
834
843
847
853
861
862
860
868
870
873
874
889
891
892
883
876
869
864
859
858
852
847
843
839
836
833
832
829
823
821
823
824
826
831
846
859
863
869
872
871
873
873
885
887
885
879
878
874
874
879
879
881
882
878
880
874
877
879
877
879
874
869
863
863
863
865
869
879
883
889
895
901
902
907
911
919
916
922
923
929
931
928
930
929
928
925
921
921
919
915
914
911
911
907
907
905
904
902
903
902
902
901
900
899
897
895
894
893
893
892
890
889
887
886
885
883
882
882
879
879
875
874
873
872
869
868
868
865
864
863
859
859
857
856
854
855
852
851
849
848
847
845
843
842
842
837
838
837
835
833
831
831
830
827
826
823
822
820
819
819
818
813
812
811
810
807
807
804
806
803
800
800
798
796
796
793
792
791
789
788
788
785
784
785
782
781
781
780
779
777
775
774
771
771
770
767
766
767
765
765
761
760
764
763
759
759
759
758
754
754
753
753
751
751
749
751
749
751
753
751
750
748
747
745
743
742
741
740
737
736
734
733
731
730
727
726
726
723
722
721
719
719
718
717
715
711
711
711
709
706
707
704
703
703
701
699
699
697
696
696
694
695
694
694
692
690
690
688
687
686
684
683
682
680
679
678
678
677
675
673
673
671
672
671
670
667
667
664
663
663
663
661
659
657
657
654
654
654
652
652
650
648
649
648
644
645
644
643
643
640
641
639
639
638
637
635
635
636
635
637
635
635
636
633
632
632
632
629
628
627
629
625
624
624
623
624
621
619
619
618
617
617
616
615
613
613
612
611
610
610
610
608
608
606
605
605
604
605
602
605
604
601
600
599
598
599
598
597
595
595
595
593
592
592
592
591
589
589
589
587
587
586
583
586
584
584
582
582
581
580
579
578
578
578
577
577
575
575
573
575
574
574
574
575
572
573
573
571
571
570
570
569
566
565
567
564
564
564
564
562
562
561
559
559
561
560
558
559
558
557
555
553
555
554
553
551
552
551
550
549
548
549
549
548
548
548
547
546
545
544
543
543
544
543
542
543
540
541
541
540
542
539
537
539
536
535
536
535
534
533
533
530
532
532
529
530
532
527
528
529
528
526
527
526
527
524
524
522
524
522
521
521
518
520
519
518
519
520
517
516
516
516
514
514
515
514
514
513
512
510
512
512
512
512
508
509
508
507
509
507
507
507
505
505
505
506
505
504
501
504
503
502
501
501
501
502
499
499
500
499
498
497
498
497
496
495
494
495
494
494
493
494
493
493
493
493
491
491
489
489
491
490
489
489
489
489
489
487
489
486
489
488
488
486
488
485
489
485
487
486
484
485
484
485
485
483
481
483
482
483
481
481
481
479
479
481
479
477
478
475
477
476
474
476
476
475
474
474
472
474
472
471
473
472
471
471
470
470
470
470
469
467
467
468
466
466
466
466
465
464
464
465
464
461
462
461
459
461
460
461
458
459
459
461
459
457
457
458
456
457
456
456
457
454
454
454
453
454
452
453
454
452
451
449
449
450
448
449
448
448
447
447
448
446
447
446
446
446
446
443
445
443
444
444
443
442
442
442
439
440
439
440
440
441
440
439
437
438
438
438
438
439
437
434
434
436
437
435
436
434
435
434
433
432
431
434
433
432
432
431
432
431
430
430
430
428
429
427
428
429
428
425
427
426
424
426
425
424
426
424
424
423
423
425
423
423
423
423
421
422
421
421
421
421
420
420
421
419
421
419
420
419
418
417
417
417
417
416
417
417
417
417
417
415
416
418
416
417
417
417
415
417
416
416
417
414
416
416
414
412
416
414
412
413
414
412
413
413
413
412
411
411
410
411
410
407
410
410
409
409
408
408
408
406
407
407
406
407
407
405
406
407
405
406
403
404
404
403
403
405
405
403
405
403
404
404
405
403
403
404
403
401
403
404
400
402
403
402
401
401
400
403
400
401
403
400
400
401
401
399
400
400
399
400
400
398
399
400
398
397
397
396
397
396
397
395
397
396
396
396
395
395
395
394
394
394
394
393
393
393
393
391
393
393
391
392
392
392
392
390
390
390
390
391
389
389
390
389
388
389
390
389
387
387
389
388
386
388
388
386
386
387
385
386
385
385
386
385
386
384
386
384
384
384
384
384
383
382
382
382
382
383
383
385
380
385
382
382
381
381
381
381
381
380
379
381
380
380
380
379
380
377
379
377
379
378
378
378
379
378
379
376
377
376
375
376
376
376
376
376
376
375
376
374
374
374
375
375
374
375
374
375
374
374
373
374
375
375
373
369
372
372
373
373
371
372
372
371
370
371
372
371
370
372
371
371
369
369
370
369
370
369
368
368
369
369
369
369
369
369
370
369
370
371
372
372
372
372
374
373
372
374
373
375
372
374
375
374
374
372
375
373
373
371
375
373
374
373
372
372
374
371
372
372
372
370
372
371
369
370
371
368
368
369
369
368
369
369
368
368
368
368
367
367
367
366
367
366
366
364
366
367
366
366
366
367
366
366
366
365
363
365
363
363
362
362
363
364
365
363
364
363
361
363
363
362
362
361
362
362
360
362
361
361
361
361
362
360
362
362
362
362
362
361
361
361
360
358
358
361
360
360
360
361
359
360
359
360
359
360
360
359
359
360
358
359
359
358
360
358
359
359
357
358
358
358
357
358
357
355
357
356
358
357
357
356
357
356
357
357
354
356
355
357
356
357
357
356
356
355
358
354
354
357
355
355
355
355
355
355
353
354
354
354
352
354
355
354
352
353
352
352
354
353
354
354
353
355
355
354
354
356
357
354
357
356
356
356
357
358
357
358
359
358
360
360
360
360
359
361
361
360
362
363
364
364
365
366
366
368
367
370
371
370
372
371
373
372
371
371
372
372
369
370
370
369
370
369
369
370
368
370
370
370
367
370
368
369
369
368
368
368
367
368
368
368
367
368
367
368
367
367
368
367
365
366
366
367
366
366
366
366
365
366
365
365
365
364
368
366
366
367
366
365
366
366
366
367
367
368
368
368
369
369
370
370
370
369
369
370
370
370
370
371
368
371
370
369
370
371
372
369
371
372
372
372
371
373
372
374
373
372
374
372
374
373
372
373
373
373
375
374
374
373
374
375
373
373
373
372
372
374
373
373
373
372
372
373
373
373
374
375
373
374
375
374
377
373
375
375
375
376
377
377
375
376
375
375
377
377
376
376
375
375
378
379
380
380
381
381
383
386
386
386
386
387
390
389
389
389
389
391
391
390
392
393
395
393
395
397
397
400
405
403
404
404
403
404
405
405
404
405
411
411
413
413
414
414
412
413
414
414
414
414
414
413
413
413
412
414
416
413
412
414
414
413
416
416
414
418
417
417
416
416
415
414
415
417
414
415
416
414
414
415
415
415
416
417
421
421
423
425
426
427
429
432
434
435
438
442
446
450
451
451
451
450
451
452
451
449
451
448
450
448
447
446
446
444
444
442
442
442
442
442
441
439
441
440
440
439
440
439
439
439
440
438
440
441
440
441
440
440
441
442
443
442
442
443
442
443
443
445
446
447
448
449
451
450
449
450
452
451
450
450
449
449
449
453
450
453
451
453
452
453
453
454
458
459
462
464
466
471
475
479
479
478
479
479
480
480
481
483
482
483
482
484
493
495
496
496
495
495
496
496
495
494
494
491
492
491
493
491
490
490
489
489
489
488
488
488
487
487
487
485
487
487
485
486
486
485
486
485
485
483
482
483
483
482
483
483
482
483
483
484
484
482
482
481
483
483
483
484
482
483
482
481
480
480
481
483
483
480
481
480
479
479
479
479
479
478
477
477
478
477
474
477
476
477
475
478
473
476
476
475
475
476
475
475
474
473
473
474
473
471
473
472
472
472
473
471
471
471
471
469
471
472
471
472
470
471
470
471
471
470
470
469
470
469
470
471
471
469
471
471
472
472
473
473
473
472
473
475
473
475
474
474
475
474
474
475
473
474
473
475
474
472
473
473
472
474
473
472
472
472
473
473
473
470
471
471
471
471
469
470
469
469
469
470
473
474
473
472
472
473
470
470
471
471
471
470
469
469
470
472
470
470
471
470
468
469
469
468
468
470
468
468
467
467
469
466
468
466
467
467
466
466
469
466
466
467
467
466
466
466
464
466
465
466
466
467
464
465
463
464
465
463
464
464
463
462
463
462
463
461
463
461
462
462
461
461
461
461
460
459
462
460
459
459
459
461
459
460
462
457
459
459
460
459
461
460
462
463
463
463
463
464
464
465
464
463
466
466
466
465
466
466
466
465
467
466
466
466
466
466
466
465
462
465
465
463
463
465
465
461
463
464
465
462
464
463
463
463
463
463
462
462
462
465
463
463
464
463
461
462
459
461
461
461
461
461
461
462
462
462
460
461
459
459
460
460
461
460
460
458
458
461
459
459
460
458
458
458
458
461
459
459
456
459
459
458
456
458
455
456
456
454
457
456
456
456
455
455
454
455
455
453
453
455
454
454
454
453
451
454
453
454
453
454
453
452
452
452
451
452
451
451
450
451
451
450
449
449
449
449
447
449
448
450
450
450
450
449
447
447
449
448
446
447
446
447
447
447
445
444
447
448
448
448
448
448
446
449
448
450
449
451
451
451
452
452
452
451
449
450
451
449
450
450
450
449
451
450
449
449
448
449
447
448
448
447
446
447
446
448
446
447
445
446
444
445
447
446
444
444
444
445
444
443
443
442
440
441
442
442
442
442
441
438
440
440
441
439
438
438
438
437
438
438
437
435
437
437
435
436
436
436
436
436
433
436
434
436
435
436
434
435
438
441
443
444
447
448
451
454
458
460
464
467
470
471
472
474
473
476
477
476
475
478
476
477
476
474
475
475
473
473
472
471
469
471
470
469
469
471
471
470
470
471
471
469
471
471
470
472
469
472
471
472
473
475
477
476
477
478
480
479
478
479
479
476
477
480
480
480
478
484
485
486
487
487
487
487
487
489
490
487
487
489
489
489
487
490
492
490
492
491
491
492
491
491
490
489
489
491
489
488
491
490
491
492
494
496
498
500
504
508
513
516
517
521
522
523
523
524
524
524
524
524
520
521
521
520
518
519
519
520
521
523
522
521
523
522
524
524
524
524
525
520
522
521
522
519
518
515
515
515
514
513
512
509
508
508
508
507
506
507
503
503
501
501
503
503
501
502
500
502
501
501
500
501
499
499
498
498
498
498
497
496
496
496
494
495
496
495
495
494
495
491
493
493
495
495
494
495
494
494
494
494
494
493
493
492
493
491
491
490
489
489
490
488
486
487
486
486
486
486
485
484
485
485
483
484
481
483
483
483
483
484
483
482
483
485
482
485
484
482
484
482
482
482
482
481
482
481
480
480
480
478
478
478
479
476
476
475
477
476
475
475
475
473
475
475
473
473
474
473
473
472
472
474
474
479
480
486
489
497
502
508
510
516
523
528
534
539
543
546
552
557
556
562
571
573
571
573
574
570
572
575
579
581
581
582
583
582
584
584
586
588
589
589
590
589
589
589
589
589
588
589
589
589
590
590
590
599
599
600
601
599
598
596
598
599
602
608
609
611
612
614
615
618
618
619
619
619
618
620
619
618
618
617
618
617
615
613
612
611
611
608
608
606
607
606
605
604
603
600
600
599
597
598
596
597
597
602
605
602
602
604
604
603
602
600
601
600
599
596
597
596
597
596
596
594
596
593
592
593
592
592
591
589
589
589
589
587
587
590
585
585
587
585
584
584
583
582
583
582
582
581
580
581
580
579
578
578
577
577
576
574
575
574
575
573
574
574
573
572
571
571
570
570
568
570
571
570
571
569
569
571
573
573
572
574
575
575
575
576
576
577
576
576
573
574
572
572
572
573
572
569
570
571
569
567
567
568
567
566
569
568
568
568
566
567
568
567
567
567
567
568
565
567
566
565
563
563
564
561
562
562
561
560
561
563
560
559
560
557
556
555
557
554
556
555
555
555
555
554
553
551
550
551
551
550
551
552
550
550
551
549
550
549
550
550
549
549
549
548
549
546
547
546
548
547
546
546
546
545
545
545
543
545
544
543
543
543
542
543
541
541
540
540
541
540
541
540
541
538
540
539
539
538
539
539
539
539
540
541
541
542
543
542
541
543
542
542
543
542
541
542
542
543
541
541
540
544
542
542
541
542
540
543
542
542
542
544
543
541
544
544
544
543
545
544
544
544
542
544
544
543
543
544
543
541
539
540
541
541
541
540
540
539
542
539
542
542
541
542
541
541
540
540
541
538
539
539
539
537
539
539
538
538
538
537
538
537
535
535
535
537
535
535
537
537
538
537
537
538
541
541
543
545
544
544
544
544
545
545
544
544
544
545
544
544
544
544
543
543
541
542
542
542
540
540
541
541
539
540
540
541
538
541
540
540
542
544
544
544
546
547
548
550
551
551
552
553
553
555
554
554
555
554
552
554
554
554
555
554
555
556
556
558
560
559
559
563
561
564
566
569
571
573
573
576
578
578
569
566
565
563
565
563
564
566
566
569
569
569
570
570
572
570
573
573
576
574
576
580
579
581
579
579
580
579
581
579
580
580
579
578
579
578
577
577
577
578
577
576
577
577
573
573
574
572
573
573
571
572
568
570
569
570
570
568
566
567
567
567
568
567
569
577
576
574
574
574
572
574
573
571
572
571
572
571
569
569
570
568
568
568
567
567
567
566
565
567
565
564
562
563
561
563
561
561
561
558
560
558
559
559
561
562
562
562
562
562
563
563
562
563
565
565
564
564
563
563
563
562
560
561
560
560
558
558
558
557
556
558
555
554
554
554
554
552
554
555
552
553
554
553
552
552
551
551
551
550
551
548
550
549
548
548
548
547
547
545
546
546
547
544
545
543
544
544
544
543
543
542
542
541
539
540
539
540
539
539
538
537
536
537
537
536
536
536
534
536
534
535
534
533
531
532
532
531
531
529
529
529
529
526
527
528
528
525
526
525
526
525
525
522
524
523
522
522
521
522
521
520
519
520
519
520
518
519
518
519
516
517
517
515
516
516
515
516
514
512
512
513
509
513
512
511
512
512
512
509
510
509
510
510
509
509
507
509
507
507
507
506
506
505
506
503
505
504
503
504
502
503
503
501
502
503
502
501
500
501
501
500
502
500
501
502
503
505
506
508
511
514
521
525
529
530
534
538
542
543
547
549
552
554
553
557
567
574
580
581
579
578
577
578
579
578
578
576
577
574
574
574
574
573
573
570
572
571
572
571
571
572
571
571
572
570
570
569
569
568
566
567
565
565
566
563
564
564
562
561
560
561
557
558
556
555
556
556
554
552
553
553
551
550
549
550
550
549
549
550
549
547
549
547
546
545
544
545
545
544
543
543
543
541
539
540
541
539
539
540
537
537
537
537
536
536
536
535
533
533
533
534
533
533
530
532
532
531
530
529
528
528
526
529
528
526
529
529
529
528
527
529
528
527
525
529
527
526
527
527
527
528
528
527
528
527
530
530
531
531
530
532
530
530
531
530
529
528
528
529
528
527
528
528
527
529
531
528
530
531
530
531
529
530
529
528
530
529
530
528
529
529
529
530
531
531
531
532
532
533
532
535
534
533
535
533
534
534
535
534
533
533
532
532
532
531
530
530
528
530
527
530
529
527
526
528
527
524
525
524
524
526
525
525
524
525
526
527
527
525
527
526
526
527
527
525
526
526
526
526
524
524
524
523
523
522
523
522
521
522
521
520
519
521
521
521
518
519
519
518
516
518
518
519
516
517
515
515
516
517
513
515
514
514
514
513
512
512
513
514
513
510
512
512
511
512
510
511
509
512
509
512
512
512
513
513
513
512
513
515
512
514
512
515
513
515
516
516
515
515
516
517
517
515
515
515
515
516
516
517
515
517
517
518
521
523
526
530
532
533
533
534
537
538
537
540
539
539
541
542
541
545
548
549
546
549
549
552
554
553
553
553
553
555
557
556
555
554
550
552
552
551
551
550
550
550
550
550
548
548
546
548
548
547
546
546
547
545
546
544
545
544
545
543
541
542
542
541
541
540
540
539
538
538
538
536
540
538
537
537
536
536
536
535
535
534
534
533
534
531
533
532
532
529
529
529
530
527
528
527
527
527
527
526
525
525
526
525
524
524
526
524
524
519
520
518
518
517
518
517
515
514
517
515
514
514
515
514
518
521
519
522
524
526
527
529
534
534
537
538
539
540
543
545
545
546
546
548
549
548
551
548
550
546
547
547
547
551
553
552
553
553
551
551
549
547
547
547
547
544
545
545
542
544
543
545
542
544
544
544
542
543
541
542
541
539
541
539
541
540
539
539
538
539
537
539
543
541
541
543
546
546
547
549
547
550
548
549
550
549
549
548
549
549
548
548
548
548
548
547
546
548
546
545
545
544
546
544
546
542
543
545
542
544
545
542
545
545
544
545
544
545
544
545
544
544
544
544
543
545
541
542
541
541
539
540
540
541
540
538
538
537
538
537
538
538
538
537
538
539
537
538
538
538
537
537
537
535
536
538
539
541
544
544
548
550
550
551
550
551
553
555
555
566
567
567
576
564
563
564
563
563
562
563
563
563
566
565
566
565
564
565
564
564
565
563
564
564
565
564
565
564
563
563
564
564
563
565
563
562
562
561
561
560
562
562
560
560
561
559
559
559
560
559
558
560
561
559
559
558
557
557
557
558
559
559
559
559
560
561
561
562
561
562
562
563
562
562
561
562
561
561
560
558
559
557
558
557
557
557
556
556
555
555
555
555
553
553
553
553
553
551
552
550
550
551
550
549
549
548
547
548
547
549
547
546
545
545
545
546
545
546
546
544
544
545
541
544
544
544
545
546
546
545
547
548
548
548
549
547
548
546
548
547
547
547
547
547
549
548
548
548
553
552
553
559
561
562
562
564
567
566
570
574
577
585
587
591
605
607
609
610
610
611
617
619
621
623
625
625
622
624
623
624
620
620
619
614
618
614
614
611
613
610
611
609
609
609
608
608
606
606
606
604
606
605
606
603
603
602
603
603
602
602
602
600
603
602
603
601
601
602
600
602
602
599
600
600
597
598
598
596
597
595
595
595
594
595
594
595
595
595
595
596
598
599
599
599
601
599
600
601
601
601
601
600
601
600
601
601
597
597
598
597
599
597
595
594
594
592
592
591
594
592
591
589
589
590
588
588
587
585
586
587
583
585
587
585
585
583
583
580
582
581
581
580
580
581
579
579
578
578
578
576
577
575
576
577
574
575
574
574
572
572
572
571
571
571
570
571
571
570
569
570
566
571
568
565
567
568
566
565
567
564
565
565
563
566
562
565
563
563
563
563
561
561
562
559
560
560
561
562
561
560
561
559
560
559
559
559
556
557
556
557
559
558
555
557
554
554
555
556
555
554
552
556
554
553
553
554
553
553
552
552
552
551
553
548
552
551
551
551
549
550
550
548
549
546
548
548
547
546
547
544
545
544
546
547
545
544
544
545
544
547
546
548
548
546
547
550
550
550
551
551
551
551
552
553
552
553
552
552
552
551
550
551
547
549
548
547
547
546
547
546
546
545
544
545
545
543
542
544
544
545
544
542
544
543
543
542
541
542
539
540
539
540
541
538
539
539
540
539
540
540
540
540
538
539
539
538
538
538
539
539
539
536
539
538
536
539
537
537
537
537
535
537
536
536
534
534
535
535
535
535
534
532
535
533
533
532
532
533
532
533
531
531
533
531
529
532
530
530
531
529
530
530
531
530
531
529
531
531
530
530
532
531
530
531
529
531
532
532
531
532
528
531
530
530
531
529
531
530
530
530
530
528
530
530
529
528
528
529
529
526
525
528
526
528
528
527
528
529
529
529
529
529
529
532
533
534
537
537
535
541
541
543
545
544
546
550
550
550
550
552
552
549
552
553
552
554
554
554
553
555
556
555
554
554
555
554
555
553
552
554
553
552
553
552
551
552
551
550
551
550
551
548
549
549
549
547
548
548
548
547
548
547
547
548
545
544
545
545
544
545
544
544
545
543
544
543
541
541
542
542
540
539
540
538
538
540
539
537
539
538
538
537
537
537
534
536
536
535
534
535
533
534
534
532
532
531
531
532
532
532
533
533
534
535
536
539
539
540
542
541
542
544
544
544
544
544
546
545
545
544
545
544
548
544
543
544
543
542
543
541
538
541
537
540
539
538
536
538
537
537
538
535
535
536
536
535
534
536
534
534
534
535
533
534
532
533
531
533
533
532
531
531
531
530
532
533
529
530
529
528
530
530
527
528
526
526
528
527
525
525
527
526
526
524
526
524
525
524
523
524
522
524
522
520
523
523
523
522
520
522
522
519
520
521
519
523
519
520
518
520
521
519
520
520
522
521
522
521
523
523
523
525
527
525
523
523
525
524
526
525
524
523
525
524
525
525
525
525
526
527
527
529
530
531
532
533
535
535
536
535
537
540
544
545
545
544
540
538
536
537
534
536
537
535
534
535
536
539
541
546
545
547
548
552
554
558
562
563
568
571
576
578
579
586
590
591
600
604
608
613
613
623
629
644
648
648
650
650
651
653
656
657
658
656
656
657
655
653
654
656
660
669
668
668
665
664
663
662
661
660
658
658
659
656
655
655
653
653
651
650
648
648
647
646
644
642
642
640
639
637
635
636
634
634
632
629
629
627
627
627
625
623
625
622
623
618
620
619
619
617
614
616
615
614
612
612
610
610
610
610
609
607
606
604
605
604
604
605
604
603
602
603
600
600
598
600
598
599
599
599
597
599
597
595
596
596
597
595
592
590
594
593
592
591
588
591
586
589
585
587
589
584
586
587
583
585
583
581
581
581
581
580
580
577
577
576
577
577
576
574
575
573
572
571
571
571
571
571
571
569
569
570
568
568
567
565
566
565
565
565
564
563
563
562
564
563
559
560
560
560
560
562
563
563
566
571
574
572
577
579
579
581
579
581
581
581
583
579
582
581
579
580
579
578
579
579
573
570
573
573
573
573
573
573
574
573
573
573
573
573
574
572
573
572
574
575
575
578
578
578
579
577
577
578
575
576
573
574
574
574
574
574
573
573
574
572
574
573
573
573
573
574
573
570
574
572
571
571
570
570
570
569
567
568
568
569
568
567
566
566
566
564
566
566
566
565
564
563
563
565
564
562
562
563
561
562
561
560
560
562
561
560
560
558
562
560
559
559
558
559
557
557
557
558
556
555
555
554
554
555
554
554
555
555
554
555
554
554
554
555
555
556
555
554
555
552
553
553
554
554
553
552
551
552
552
552
550
551
551
552
552
551
551
551
549
547
549
549
548
548
550
547
547
546
547
546
545
545
545
544
547
544
544
543
543
542
542
541
542
543
542
542
543
543
542
542
541
542
544
542
541
543
542
541
542
542
544
546
546
547
547
550
555
557
561
566
570
578
584
589
592
594
605
606
606
609
607
611
618
619
623
625
628
630
632
633
636
636
638
638
639
642
643
645
646
647
647
646
648
650
649
649
651
652
654
655
654
653
655
655
654
653
654
653
653
651
652
650
652
649
650
650
649
646
647
644
645
644
642
642
641
641
640
640
639
637
638
638
637
635
637
636
636
634
636
633
632
632
633
632
631
630
629
629
629
628
628
627
627
627
626
623
624
625
623
624
623
621
625
624
624
622
621
624
621
628
622
621
623
621
619
620
620
618
619
618
617
618
617
616
616
615
616
614
614
614
614
614
614
613
612
612
611
611
611
611
611
611
610
612
611
608
611
610
609
609
606
607
608
607
608
605
605
605
605
603
603
604
603
602
601
600
601
600
599
599
600
598
598
599
598
598
596
597
597
594
595
597
595
596
594
591
592
593
591
591
589
589
591
590
591
590
589
590
588
587
588
587
587
584
586
583
585
583
583
584
583
582
583
583
584
582
583
581
582
579
581
582
582
580
581
581
581
581
581
582
581
581
578
582
580
580
579
579
578
578
578
577
576
577
579
579
578
578
579
578
579
580
579
580
581
578
580
580
578
579
578
577
577
577
576
576
575
576
574
573
573
573
573
573
573
571
570
569
570
570
568
570
568
569
567
566
567
566
565
566
566
565
567
565
566
563
565
565
565
565
564
563
564
563
561
563
564
565
562
563
561
562
562
562
561
560
561
560
560
559
559
558
559
560
559
559
559
557
558
551
549
550
551
552
553
553
552
551
553
553
552
553
554
552
555
556
560
564
564
570
574
577
580
584
586
586
588
589
588
589
590
591
592
593
594
594
595
595
595
595
595
594
592
593
591
592
591
589
591
591
590
591
589
591
590
592
591
590
594
593
593
594
595
595
595
595
594
595
594
594
593
593
591
593
592
591
589
590
589
590
591
591
593
593
593
594
596
598
598
601
600
615
619
617
618
618
614
616
615
615
613
612
611
611
612
610
608
607
608
608
608
604
607
606
608
606
609
608
605
607
607
605
604
605
605
603
604
604
601
603
603
601
602
603
602
602
600
601
600
601
600
602
601
600
600
603
602
603
603
601
601
600
602
601
601
601
601
600
599
599
598
598
595
597
595
594
595
592
594
593
594
592
593
592
593
595
592
594
595
595
595
596
597
595
595
595
595
595
595
595
595
592
594
594
593
593
592
591
591
590
590
590
589
589
587
588
587
587
585
585
586
585
584
584
586
586
588
586
588
587
586
587
588
589
590
589
588
588
588
588
588
587
586
586
584
584
584
581
583
581
582
581
580
582
580
581
582
581
582
582
582
583
585
584
586
587
587
586
587
587
587
587
588
590
589
587
587
586
586
587
586
587
591
586
588
588
586
586
589
590
587
590
590
589
589
589
589
588
587
588
588
587
587
588
586
588
585
586
586
587
587
585
586
585
584
584
583
583
582
582
581
580
582
581
581
578
580
579
577
579
579
578
578
578
575
578
577
578
577
575
577
576
575
575
577
576
577
576
576
576
576
577
574
572
575
574
573
573
573
574
574
574
574
573
572
572
572
571
572
572
571
571
570
571
570
570
570
569
569
569
570
567
569
569
568
568
566
568
569
569
568
568
568
567
568
568
569
566
566
567
568
566
567
568
567
566
565
566
564
565
565
565
565
562
564
561
563
562
562
561
562
561
561
562
562
561
562
561
563
561
561
562
562
562
561
561
562
562
563
565
565
565
566
567
569
565
564
565
563
563
562
563
562
562
563
563
564
564
566
564
572
578
580
581
585
588
592
593
596
598
603
605
608
611
613
613
613
613
612
622
623
622
623
622
621
621
624
625
623
622
623
621
620
619
619
616
617
617
615
616
615
615
617
613
617
617
614
617
618
620
620
623
623
624
625
626
627
626
627
626
626
627
627
627
627
627
627
626
627
627
627
626
626
626
625
627
623
622
625
624
625
625
623
623
622
623
621
622
621
620
620
620
621
622
620
621
619
622
621
623
622
624
623
623
623
625
624
626
624
623
621
623
620
622
622
621
621
620
620
620
616
617
615
615
613
611
609
611
615
617
617
617
617
618
619
619
620
619
622
621
625
627
630
630
631
632
635
635
637
636
635
635
635
637
634
634
634
633
632
632
631
630
629
629
629
628
629
627
627
625
625
625
624
623
622
622
624
621
619
622
618
619
619
620
618
619
618
618
617
614
610
609
607
607
609
615
614
614
615
613
613
615
613
615
615
616
611
612
611
612
612
611
610
609
610
610
609
609
609
608
608
608
607
608
608
607
606
606
605
605
605
605
603
603
602
602
601
603
600
600
601
601
601
599
601
600
600
603
601
602
603
603
603
602
601
602
602
602
603
601
602
600
600
601
601
601
600
601
598
599
599
599
600
598
599
599
599
599
599
598
597
596
597
596
595
596
594
594
594
592
594
593
592
594
592
591
589
591
591
590
591
589
589
589
588
587
587
585
587
586
585
586
585
585
584
585
582
583
583
582
583
580
583
582
582
580
581
579
580
580
580
578
579
579
579
578
579
577
578
575
576
576
576
576
576
577
574
575
574
574
575
572
573
573
573
573
573
572
572
571
571
571
568
572
568
571
571
569
569
567
567
568
569
568
568
569
567
567
566
565
566
565
565
565
563
564
563
564
563
564
562
564
564
563
564
564
564
562
562
561
560
562
562
562
562
561
561
561
560
561
559
561
560
560
561
560
561
562
560
561
562
561
561
560
562
559
560
559
559
560
560
560
559
559
559
557
559
558
559
558
558
559
559
558
557
558
560
558
558
560
558
559
560
561
561
562
560
562
562
562
560
561
561
562
561
561
561
561
558
559
558
556
558
560
559
559
559
559
558
560
560
559
557
557
557
554
558
557
555
556
557
555
557
556
556
557
556
556
553
555
555
552
555
555
555
555
552
554
551
552
552
554
552
552
552
552
552
551
551
551
551
551
547
551
548
550
548
548
548
549
546
548
548
548
545
546
548
547
546
547
546
547
548
545
545
547
545
544
546
546
545
546
546
547
544
544
544
546
544
544
544
544
543
540
542
542
543
542
539
541
541
540
542
540
541
540
538
539
538
540
540
540
540
538
539
539
538
539
538
537
537
537
536
536
536
537
537
536
536
537
537
535
535
535
533
533
534
535
535
535
534
532
534
533
533
533
533
532
533
532
532
533
533
533
530
532
532
532
529
531
531
531
531
530
531
531
530
531
530
528
530
531
530
531
529
530
530
529
