261
257
263
264
266
266
266
267
276
277
277
277
288
269
270
268
268
293
285
292
279
265
4
290
5
292
3
297
2
291
2
291
2
291
3
291
2
291
6
292
4
295
4
294
8
304
4
293
3
286
4
284
2
282
4
283
4
283
3
282
14
286
7
282
7
289
11
285
7
286
10
285
8
282
9
285
8
281
8
282
8
281
7
282
6
281
4
282
7
280
5
280
6
282
4
279
5
280
7
279
6
282
6
280
7
279
5
280
7
281
6
279
5
282
6
283
6
279
4
280
6
281
6
280
6
277
6
280
7
279
7
280
6
279
6
279
7
278
6
279
7
279
6
279
7
278
6
278
7
278
4
278
8
278
5
277
7
276
6
277
5
275
8
275
4
278
6
277
9
276
7
278
6
277
6
275
5
276
6
277
6
276
7
276
6
276
7
275
6
274
5
275
7
275
6
276
5
276
4
274
6
279
6
274
6
275
4
274
7
276
7
274
6
277
8
277
6
276
4
274
3
263
541
515
520
526
526
526
527
525
525
523
520
521
523
521
524
527
528
531
538
539
540
541
540
541
539
540
535
536
534
536
534
533
533
532
532
530
529
528
526
526
521
513
512
515
517
517
516
515
515
515
514
513
512
514
512
512
510
510
509
509
508
508
507
506
508
504
505
505
502
503
505
499
501
498
497
495
494
493
492
491
491
491
490
489
488
485
485
485
484
482
481
480
481
479
477
480
477
476
475
474
475
473
475
473
474
473
474
474
472
473
471
471
470
466
465
467
466
467
465
465
466
466
465
463
466
464
464
461
460
462
461
460
459
459
457
456
455
453
454
455
454
453
452
452
452
453
452
452
452
451
452
450
449
449
449
447
448
446
449
446
445
445
444
443
443
441
440
439
440
438
438
439
439
438
437
438
436
436
434
437
435
434
436
434
434
435
432
434
434
429
429
431
430
428
425
428
427
426
425
426
425
424
422
424
422
423
424
426
428
429
431
430
432
433
433
433
434
434
434
435
437
438
436
436
438
437
438
436
436
435
434
434
433
434
427
430
430
430
428
429
429
429
424
425
425
425
426
425
424
425
424
425
424
423
423
421
420
420
420
421
419
419
418
420
418
420
418
419
419
418
419
418
417
418
417
417
416
418
417
419
416
416
416
415
416
415
416
417
417
416
417
417
416
416
416
414
418
414
416
415
416
416
416
418
413
415
415
414
415
418
416
418
420
421
422
423
423
425
425
427
425
427
427
426
428
428
427
427
427
426
427
425
426
423
422
423
422
420
420
420
421
420
419
420
419
418
418
419
419
420
418
422
421
422
422
424
424
423
424
426
426
426
425
426
426
425
426
428
424
426
425
426
426
424
423
423
423
422
421
423
423
423
424
422
423
425
427
429
427
430
433
433
437
437
438
438
441
440
439
440
439
438
438
437
438
438
439
437
436
435
434
433
433
432
432
432
431
431
433
431
431
433
431
431
434
431
432
432
431
431
434
435
437
439
441
442
444
445
445
446
445
448
449
449
449
449
449
450
451
451
453
453
454
456
455
458
458
461
461
462
462
462
461
459
461
457
459
457
456
457
454
453
453
454
453
453
453
450
450
451
450
449
451
450
447
451
448
448
449
449
447
448
447
448
447
446
447
446
447
450
447
446
447
447
446
446
446
444
443
444
445
444
443
444
445
444
445
442
442
441
441
443
443
441
442
444
442
445
444
443
446
443
442
445
442
441
444
441
443
440
442
442
442
440
441
439
439
439
439
437
438
438
439
438
437
439
437
438
437
437
437
436
435
435
436
436
436
435
437
435
433
435
434
433
435
432
435
433
435
434
433
434
434
433
434
436
433
432
434
431
432
432
433
434
432
433
433
432
431
431
431
430
429
430
430
432
430
430
430
431
429
429
429
427
427
427
426
427
426
427
426
426
425
425
426
428
427
426
427
428
428
428
427
429
428
430
431
431
429
429
430
430
431
431
429
432
430
427
432
429
427
427
426
426
424
426
425
425
424
424
424
423
425
424
424
425
425
426
427
427
427
425
427
428
428
428
427
427
429
430
428
430
429
431
430
431
433
431
433
434
432
437
434
432
434
432
434
433
432
433
433
434
433
430
431
430
428
429
432
429
428
427
426
428
427
428
427
427
427
427
427
427
428
428
428
431
430
430
432
431
431
431
429
431
429
430
430
430
431
431
429
431
430
428
429
429
428
428
429
429
428
427
427
429
430
427
427
430
428
427
429
426
426
427
427
423
428
426
426
424
423
424
423
424
421
420
423
423
423
425
423
422
422
423
420
421
420
421
421
420
421
422
420
422
421
420
420
421
419
421
418
418
419
418
418
419
420
424
449
429
432
437
438
443
447
449
452
455
456
460
461
463
464
466
467
465
467
467
467
468
467
469
471
472
473
475
477
475
476
475
475
475
472
473
473
474
472
472
472
474
473
475
475
475
473
472
471
472
470
471
471
472
475
475
474
475
474
472
472
472
472
470
469
471
470
470
470
469
471
470
467
469
467
467
469
468
467
467
467
467
466
466
466
466
466
465
463
463
463
463
465
462
465
465
462
462
462
461
461
461
461
461
460
460
459
460
459
459
459
458
459
458
458
458
458
458
458
456
458
458
456
458
458
456
458
457
456
457
458
458
459
458
457
458
457
455
455
456
455
456
458
455
455
455
456
454
455
453
453
453
451
452
452
452
452
451
450
451
450
450
450
449
447
448
447
448
447
448
447
449
447
446
447
446
445
443
445
444
443
442
441
441
441
441
441
440
442
441
441
443
440
439
440
439
437
441
438
438
437
439
437
437
437
437
435
433
433
434
430
433
430
431
429
432
430
431
430
431
429
428
428
427
429
428
428
427
427
427
426
426
426
425
425
424
424
424
425
425
426
426
426
426
426
428
427
426
425
425
425
426
427
426
425
425
425
424
425
424
424
422
423
422
420
421
419
420
419
420
418
421
416
416
417
415
416
415
416
415
416
414
416
415
414
414
414
414
413
411
413
412
407
408
408
410
408
408
406
408
409
406
408
410
409
409
412
408
409
411
407
408
413
409
410
412
409
410
409
409
409
410
410
409
409
407
407
407
407
406
404
404
405
405
405
402
405
404
403
403
403
404
402
403
401
403
403
402
403
401
403
402
402
402
400
402
401
401
400
401
401
401
401
402
401
403
401
401
400
400
400
402
399
398
398
398
398
398
399
397
397
397
396
396
395
395
394
394
398
395
395
394
395
396
394
394
393
394
393
393
392
392
392
392
393
394
392
393
392
391
390
390
391
390
390
389
391
390
390
390
391
393
390
390
394
389
389
392
388
390
389
388
390
388
390
389
388
389
387
387
387
386
388
387
384
388
389
389
389
387
388
388
388
389
387
387
387
386
386
387
385
385
386
386
386
384
385
384
384
383
382
385
382
382
383
380
383
382
382
381
381
383
380
381
378
379
379
379
382
378
380
379
380
379
379
379
377
378
379
378
381
382
382
383
384
385
386
386
386
387
386
386
387
387
386
389
390
390
389
387
389
389
388
388
387
385
385
384
386
384
384
383
384
383
385
385
387
385
384
386
382
382
386
382
383
382
384
383
383
382
382
383
382
382
381
381
382
383
381
382
382
381
382
381
381
381
380
381
379
379
378
382
380
380
382
380
381
379
378
380
379
379
379
378
376
377
377
376
379
378
376
377
375
374
375
375
375
376
375
375
376
375
375
375
377
377
377
379
378
379
381
381
382
384
382
382
384
385
384
384
384
383
383
382
381
380
380
381
380
379
381
381
381
378
380
380
378
378
378
378
378
377
376
379
378
378
378
376
377
375
375
379
375
377
378
376
377
379
377
376
379
375
375
374
374
375
375
374
374
375
372
375
374
374
371
370
372
371
371
371
371
371
371
369
371
371
370
372
375
371
370
370
371
371
370
371
371
371
371
371
371
371
369
370
369
371
369
370
369
369
369
371
369
370
369
369
369
369
369
366
366
367
367
369
368
368
368
367
367
367
366
366
366
365
365
365
366
365
363
365
363
367
365
364
363
363
363
363
363
363
362
361
363
362
363
362
361
362
361
360
361
360
361
360
360
361
362
361
360
363
360
362
360
358
357
359
354
356
354
356
356
356
357
354
355
356
355
355
359
357
358
359
361
364
366
368
370
371
373
374
375
374
374
375
375
375
375
375
375
375
375
374
374
373
372
371
372
370
372
370
371
371
369
371
370
370
371
368
369
368
368
368
369
369
368
369
370
370
369
369
369
368
368
367
368
367
367
367
367
365
368
367
365
365
366
366
365
365
365
364
364
364
363
365
365
365
364
363
362
364
363
365
363
363
363
362
362
363
362
363
363
362
363
361
365
360
358
363
361
359
363
359
360
361
360
358
359
359
357
359
359
360
361
361
363
366
366
367
368
370
371
370
370
370
371
369
371
371
372
370
369
370
370
369
369
366
367
367
367
365
366
367
365
364
365
365
365
363
361
363
363
363
361
362
363
363
363
361
362
363
363
362
362
361
362
360
362
361
360
361
361
361
361
361
361
361
360
360
360
361
359
361
360
359
361
363
364
363
363
363
365
364
362
364
363
364
363
363
367
363
363
364
363
363
362
364
362
362
363
363
361
362
366
365
363
364
362
362
366
364
363
365
364
367
366
367
368
367
367
367
367
366
367
365
366
365
365
364
366
366
365
366
365
365
367
365
365
365
364
365
366
364
366
365
365
364
362
363
364
363
361
362
363
362
362
362
361
361
361
361
361
359
358
361
359
361
361
360
360
360
363
363
362
361
360
359
360
360
359
360
359
357
358
360
359
358
359
360
359
357
358
359
357
359
358
358
357
358
358
358
359
358
357
357
357
356
357
356
357
356
356
355
355
357
356
357
355
356
355
356
355
354
355
358
355
355
356
355
356
358
356
355
356
353
355
355
353
354
354
355
355
354
355
355
355
354
353
351
353
354
353
353
352
353
352
354
353
352
352
351
352
351
352
351
351
350
351
352
352
351
351
352
352
350
350
349
349
349
349
349
350
349
351
350
350
349
349
349
352
348
349
347
349
348
347
347
349
349
346
348
348
348
347
347
347
347
348
348
348
348
349
346
348
347
347
347
347
346
345
345
347
345
346
348
348
349
346
348
345
345
344
344
344
344
345
342
344
344
345
346
346
350
348
348
352
351
351
357
355
359
362
361
360
364
364
362
362
363
363
363
363
362
361
362
362
362
360
361
362
360
361
361
358
360
359
361
358
359
360
359
359
358
359
358
359
357
358
355
359
359
358
359
359
359
360
360
361
359
360
360
358
360
359
360
360
361
358
360
359
359
360
360
360
358
359
357
357
357
357
357
358
357
359
357
358
357
356
357
357
355
356
356
359
357
356
356
357
356
357
357
357
357
356
358
358
359
359
360
361
360
362
363
362
363
362
363
361
362
364
362
362
362
362
363
362
364
361
360
363
360
359
361
358
359
358
357
359
360
357
358
356
358
357
358
356
359
359
359
361
358
361
359
359
362
361
360
359
359
359
359
358
359
359
359
359
360
359
358
360
359
359
358
358
358
358
357
359
358
358
357
359
359
358
359
359
358
358
358
358
359
360
359
360
361
365
367
368
370
372
374
371
374
375
376
378
378
379
380
381
382
382
379
381
380
379
377
378
376
378
378
379
375
381
386
386
389
390
391
391
392
395
397
396
398
400
400
402
408
406
406
408
408
406
411
407
408
409
409
411
408
408
408
405
406
405
403
407
407
406
405
406
405
404
405
406
404
405
405
404
405
403
406
405
405
405
406
406
404
405
406
404
405
405
405
402
405
404
404
404
405
406
407
405
405
404
406
405
404
405
404
405
405
405
406
405
405
406
404
406
405
404
404
403
404
404
404
404
405
406
406
404
405
405
406
404
406
404
404
405
404
405
407
405
405
404
402
403
405
402
402
400
400
403
402
402
402
403
401
403
401
401
402
402
400
400
399
398
401
403
401
402
403
402
401
405
403
402
406
402
401
399
400
399
400
400
401
403
400
402
401
402
401
400
398
400
400
400
400
399
400
401
402
404
406
407
409
411
412
416
417
419
419
417
422
425
426
425
432
432
434
434
435
434
436
435
437
440
439
439
441
442
442
441
443
444
445
443
443
444
445
447
451
451
454
457
460
464
468
469
474
480
488
493
495
495
496
496
498
503
506
505
504
502
500
498
506
504
504
502
501
500
498
499
498
497
496
495
494
493
492
493
492
490
491
490
490
489
488
484
488
485
485
486
484
482
487
483
484
487
483
483
482
483
481
479
479
475
477
477
477
476
477
475
476
475
475
475
474
474
475
473
472
471
471
469
469
469
470
468
469
468
468
468
465
468
468
467
466
468
467
467
469
469
466
465
463
462
464
463
462
461
460
460
459
460
459
458
458
459
456
456
455
455
454
440
439
438
438
438
438
440
442
440
442
441
443
446
448
448
448
448
448
448
446
447
445
446
446
444
446
444
444
444
443
440
442
440
441
439
440
439
439
438
438
438
438
437
435
437
436
439
437
435
439
435
435
436
433
433
438
436
434
437
437
438
438
439
440
443
443
444
444
447
447
448
449
453
454
452
454
454
456
453
452
453
451
451
451
451
449
451
449
450
448
448
447
448
446
449
444
445
446
447
445
446
444
444
447
447
450
449
448
446
447
446
446
445
445
446
444
444
444
444
444
443
442
442
443
443
442
443
443
443
444
442
442
440
440
442
441
443
443
442
443
443
443
442
444
444
441
442
442
441
440
441
440
440
442
441
440
440
440
440
440
439
439
439
437
437
438
437
441
441
445
447
447
448
454
450
452
456
459
461
473
470
470
471
472
477
482
480
480
482
481
484
486
496
497
500
498
498
497
496
497
494
497
494
494
495
495
496
495
497
498
498
498
499
501
500
499
499
499
499
498
497
498
496
495
496
497
497
497
495
496
495
495
495
494
493
493
492
491
491
489
490
489
489
488
487
486
488
488
487
487
487
487
485
486
487
487
486
487
484
485
485
484
484
484
484
485
485
485
484
483
482
482
481
481
482
481
483
485
483
482
484
482
482
482
483
481
479
476
469
468
470
474
477
477
478
476
477
479
477
477
479
476
477
481
476
477
476
475
476
475
475
476
474
472
472
471
472
471
472
472
472
470
470
471
471
469
471
467
470
469
471
468
471
470
469
470
471
471
471
470
471
468
471
471
467
469
470
468
470
470
471
468
467
466
467
468
467
466
466
466
466
464
465
465
465
464
463
467
464
462
464
464
463
462
462
462
464
467
463
462
462
461
462
460
462
462
461
460
460
460
460
459
459
459
461
458
457
458
458
457
459
460
462
463
465
468
469
471
472
472
473
475
473
475
475
475
475
475
475
473
473
476
472
470
472
470
469
470
469
468
467
469
467
466
467
464
465
466
465
464
465
465
464
464
466
465
464
464
464
463
463
463
463
464
461
463
462
461
463
461
463
461
462
461
461
461
459
459
461
460
460
459
461
459
458
458
459
460
457
457
456
457
457
457
457
457
456
456
455
454
454
454
454
454
456
453
453
457
453
453
453
453
451
452
452
451
450
452
451
451
451
451
451
451
450
451
450
449
449
449
450
449
449
449
447
448
448
447
449
448
447
447
445
445
448
445
450
445
447
447
446
446
446
446
444
446
444
443
447
444
444
447
443
442
445
446
445
445
446
449
447
447
448
449
448
450
450
448
450
449
449
448
447
447
446
446
