553
535
526
515
510
507
505
507
504
502
503
503
505
508
507
490
492
493
484
482
480
279
276
279
281
286
292
294
296
300
301
301
301
300
300
301
303
305
306
312
316
320
321
323
321
322
322
320
319
320
321
324
326
328
335
341
343
349
348
348
349
348
347
345
344
345
346
345
346
351
353
355
352
351
348
347
342
337
334
335
333
335
334
338
341
343
344
344
345
344
341
338
338
338
340
342
344
350
354
358
358
359
358
357
353
350
347
349
351
352
353
356
359
363
364
363
363
362
360
353
349
347
348
344
347
347
352
354
357
356
356
354
351
348
343
342
342
347
346
350
354
361
367
366
366
368
368
371
365
363
361
363
364
365
367
372
375
377
377
376
375
370
369
363
359
357
359
359
358
361
367
372
375
377
376
380
378
375
371
370
371
373
374
377
382
385
389
391
391
390
390
388
385
381
380
379
380
382
384
389
395
396
395
396
395
394
390
385
383
383
382
381
383
385
387
389
391
389
390
387
384
381
374
373
373
373
372
373
374
377
380
381
381
380
379
378
374
369
366
365
363
365
365
369
369
374
378
376
375
376
372
372
367
363
362
362
362
362
363
364
368
371
371
373
372
369
369
370
365
362
360
360
360
361
364
365
369
371
371
371
369
368
364
364
358
356
357
357
357
359
362
366
370
371
374
371
369
368
365
365
363
365
365
366
367
370
376
376
378
378
376
375
373
368
365
362
364
365
368
367
372
376
376
376
375
374
368
364
360
357
356
356
356
357
358
362
365
366
365
364
362
363
359
355
354
355
353
354
354
354
358
360
362
361
359
361
356
354
353
351
352
353
356
356
360
365
365
367
367
366
365
365
359
359
358
358
358
360
360
361
365
365
365
365
361
361
359
356
353
352
352
353
353
354
356
361
363
361
360
360
359
355
351
350
348
349
350
351
355
358
360
360
358
359
358
356
354
349
352
350
350
350
351
355
357
358
359
357
356
357
351
349
349
349
352
353
356
359
365
368
367
369
370
371
367
364
363
362
363
365
366
370
373
373
373
374
374
370
366
361
362
361
362
362
364
368
371
373
372
368
372
368
364
360
360
361
360
363
363
367
369
370
370
369
367
365
358
359
355
358
357
358
361
364
364
365
364
360
361
356
354
355
354
354
355
357
360
365
362
362
362
361
354
351
351
351
351
351
355
357
359
358
357
356
356
354
349
346
347
347
348
348
352
354
353
354
353
354
352
353
353
352
354
357
359
365
369
371
372
371
370
369
364
362
363
362
363
363
365
369
373
370
367
368
366
361
358
357
357
358
359
359
364
366
365
366
365
361
359
355
352
355
353
354
354
359
360
362
364
359
358
358
351
348
348
348
350
348
352
356
357
360
357
357
358
356
353
352
355
357
360
361
367
372
375
375
374
374
374
370
372
373
374
375
377
384
386
388
389
390
389
388
384
382
381
381
383
384
388
391
393
390
392
389
386
382
383
383
387
392
393
397
401
402
403
401
400
399
393
389
390
387
387
387
391
395
397
396
397
397
397
394
390
393
396
398
400
405
411
413
415
417
415
414
412
412
412
413
412
416
420
425
425
426
424
424
419
416
415
411
413
413
409
414
413
413
415
412
411
406
402
400
399
400
400
401
406
407
409
406
404
401
397
393
395
393
395
395
397
401
401
400
401
396
397
392
391
389
390
392
392
398
400
400
399
399
398
393
389
389
388
389
390
392
397
400
398
397
395
395
391
386
386
386
388
387
389
395
394
391
397
390
391
383
380
378
380
381
382
384
388
385
387
385
382
379
375
375
374
376
375
380
383
384
383
380
380
376
374
373
375
379
378
382
387
389
389
389
391
390
385
384
383
384
385
387
391
395
396
394
393
390
386
382
383
382
382
385
385
388
391
388
388
386
385
381
377
373
374
375
378
379
383
384
385
383
383
380
376
374
374
376
376
379
384
387
389
390
392
391
386
385
384
384
383
386
387
390
393
394
395
394
394
390
388
385
386
384
390
390
392
396
397
397
396
394
391
390
385
385
383
385
385
387
393
393
392
391
389
386
385
382
379
377
377
379
380
382
386
386
386
384
382
378
374
374
374
375
375
374
379
382
383
384
383
383
382
380
378
380
381
384
386
389
393
396
397
397
397
396
393
389
386
387
389
392
392
398
402
406
411
412
411
410
407
401
400
400
401
401
404
410
413
415
414
410
411
409
404
401
401
402
405
407
412
420
425
430
431
432
433
430
426
426
424
425
426
426
428
432
434
435
435
434
432
429
426
423
422
422
422
425
422
425
428
427
424
422
421
417
414
410
409
411
412
414
417
421
423
423
424
424
423
421
418
415
416
415
417
417
420
424
422
423
422
419
417
413
409
409
410
410
411
414
417
420
420
420
421
420
419
416
412
409
410
410
411
412
414
417
415
414
412
413
409
407
404
400
398
401
398
400
402
404
406
406
406
404
402
401
397
391
393
392
392
393
395
397
399
400
400
399
398
397
393
390
387
386
387
388
388
390
392
394
394
394
394
392
389
385
383
381
381
383
384
384
387
390
394
393
391
389
389
386
383
380
381
380
381
383
384
387
390
391
392
391
389
388
386
381
379
381
380
379
381
381
385
388
387
386
387
386
382
381
377
376
376
376
378
379
382
384
385
385
383
383
381
379
376
374
373
374
374
375
377
380
382
384
384
382
378
379
373
371
371
370
371
373
374
378
380
383
383
385
382
381
378
376
375
375
375
378
376
380
383
386
384
383
383
383
381
375
377
376
376
375
376
377
382
382
384
384
382
382
378
378
373
371
371
371
372
375
377
380
383
382
382
381
380
379
371
372
373
373
373
374
375
379
381
382
382
383
381
380
376
372
372
370
373
372
374
378
378
380
380
380
378
378
377
372
369
368
368
370
370
371
375
376
377
378
378
375
373
369
367
366
366
366
370
369
373
374
376
377
375
375
375
371
369
368
365
368
367
369
371
373
375
377
375
373
373
371
367
365
365
365
365
367
370
372
373
373
372
371
370
366
364
360
360
359
361
362
365
367
368
368
368
369
365
362
360
359
359
360
360
362
365
368
367
368
368
367
365
362
357
358
360
359
360
361
364
366
367
366
364
364
363
358
355
355
355
355
358
359
362
365
365
365
359
356
352
349
348
348
349
350
352
357
358
359
358
357
356
353
350
347
346
347
346
348
351
356
356
356
355
354
350
347
345
343
345
346
347
349
354
355
357
357
355
354
351
347
344
345
345
346
347
351
353
353
349
351
350
349
345
342
343
343
344
344
348
350
349
349
351
348
347
343
341
342
343
343
343
348
349
349
347
348
348
345
341
341
340
339
341
342
344
347
348
348
346
346
344
340
339
337
337
337
338
341
345
346
345
345
343
342
340
337
336
335
337
337
340
344
345
345
343
343
340
336
334
336
333
333
333
337
340
341
341
341
338
337
333
329
329
329
332
332
338
338
338
338
337
337
333
329
329
330
330
332
328
335
338
337
337
335
334
330
325
328
325
326
327
332
332
334
335
334
333
330
326
325
324
324
323
325
329
331
330
331
330
328
327
323
321
321
323
322
323
327
330
329
328
327
325
321
318
318
318
319
320
324
326
326
327
323
325
322
317
316
317
317
316
319
325
327
326
324
325
324
321
319
316
317
318
319
322
326
327
327
327
324
324
318
317
313
315
317
317
322
325
324
326
321
320
317
314
314
313
312
315
317
320
321
320
319
318
314
314
307
310
311
310
312
317
317
318
321
316
315
312
307
307
307
307
309
309
312
315
314
315
312
311
306
304
304
303
303
306
307
310
313
311
310
310
307
304
302
300
301
303
302
306
309
310
309
309
304
304
301
298
298
299
297
300
302
305
307
305
304
303
303
296
296
295
297
297
299
302
304
303
304
302
300
297
293
292
293
296
294
298
301
301
298
300
298
297
291
290
290
290
292
295
301
304
303
301
297
291
288
283
283
285
288
293
298
300
301
300
297
290
288
283
281
281
283
288
291
296
300
298
297
292
279
275
271
272
276
276
277
278
281
285
286
286
283
284
285
282
264
267
267
267
274
270
274
277
276
278
278
278
279
279
278
278
278
278
278
280
281
282
282
285
286
284
280
282
282
285
287
288
288
289
290
291
290
290
291
288
289
290
290
290
291
292
292
292
292
292
291
290
291
290
290
289
291
291
292
290
291
291
290
291
289
290
290
289
290
291
290
292
291
290
291
290
292
291
291
291
292
290
292
295
293
292
295
293
293
294
291
290
293
288
290
290
289
289
290
288
289
288
288
288
287
287
286
287
286
285
286
286
286
285
286
285
284
284
283
282
282
285
286
284
285
283
283
282
284
282
283
282
282
281
281
281
282
282
282
282
281
280
279
280
280
279
279
280
280
279
280
280
279
279
278
278
279
277
278
278
278
281
278
278
278
277
277
277
278
274
276
277
276
277
278
277
276
276
274
276
275
275
275
275
275
275
275
276
273
275
274
275
274
273
275
273
274
274
274
273
272
275
274
274
275
272
272
274
273
273
273
272
273
272
272
273
271
271
271
269
271
271
273
271
272
272
270
270
268
269
268
267
269
270
270
267
270
269
269
270
268
268
266
267
267
267
268
267
267
267
267
266
266
266
268
265
265
266
266
266
266
265
265
266
266
265
264
265
265
264
264
265
264
264
264
264
264
264
264
265
264
262
262
264
263
263
263
263
262
264
263
263
262
262
262
261
260
261
258
261
262
260
260
261
260
259
260
260
259
260
260
260
260
259
260
260
261
259
258
262
258
259
261
258
258
261
258
258
258
257
257
259
257
254
256
258
257
257
256
259
256
256
256
256
256
256
254
256
256
254
256
257
257
257
257
256
256
257
256
257
256
256
258
258
257
257
256
257
257
256
254
256
256
256
255
256
256
254
256
256
254
254
253
253
253
252
253
253
254
251
254
253
253
251
251
252
251
251
251
252
252
252
253
252
251
253
253
250
251
252
250
252
251
251
253
252
252
251
252
252
252
253
254
252
252
253
253
252
253
252
251
253
249
251
252
251
251
252
251
253
251
251
250
251
251
249
250
249
249
249
248
250
250
250
250
249
250
249
248
248
249
247
248
249
246
249
247
249
248
248
248
248
248
247
248
248
248
246
249
248
249
246
248
248
248
247
248
248
246
248
248
248
248
248
249
248
248
248
247
247
247
247
244
247
247
247
245
247
247
246
246
245
246
246
246
246
247
247
248
247
248
247
248
247
247
245
247
248
247
245
246
247
246
247
246
246
247
246
246
248
244
245
245
246
245
245
246
244
245
246
244
245
245
246
245
247
246
248
248
249
248
249
250
246
248
248
247
246
247
247
248
247
248
248
246
248
249
247
246
246
246
247
247
247
245
246
247
244
246
245
245
245
246
245
245
246
246
244
246
245
244
246
244
243
245
243
245
245
245
245
245
244
246
243
244
244
246
244
245
244
245
244
246
245
244
245
245
245
244
244
244
244
245
244
244
245
245
245
243
245
243
242
241
243
243
243
243
244
245
245
245
244
243
244
244
245
242
243
246
244
243
247
245
241
247
243
244
245
245
243
242
244
244
245
245
243
243
242
243
244
245
243
244
244
243
244
243
243
243
243
243
241
240
241
241
242
241
244
243
242
243
242
242
243
240
240
243
241
241
242
242
242
242
242
242
241
241
242
240
240
240
242
243
241
240
242
242
240
241
241
239
241
239
241
240
240
240
242
242
243
241
238
238
239
238
239
239
238
240
238
237
240
239
239
240
239
238
238
238
239
239
239
239
239
239
239
240
239
238
239
242
239
238
241
239
238
242
240
240
239
239
239
239
238
238
236
239
237
238
238
239
239
239
239
240
238
239
239
237
238
236
237
237
236
236
236
236
236
235
235
236
236
236
234
236
237
236
237
238
236
235
