336
338
335
334
334
333
334
334
334
332
331
331
330
329
328
328
330
328
331
326
330
330
331
333
332
333
329
331
331
325
324
330
324
324
325
322
324
326
325
324
325
323
321
325
321
321
319
323
323
325
323
323
325
323
322
322
322
321
321
321
323
323
324
323
325
326
328
328
329
328
328
327
326
326
324
324
325
324
324
321
322
325
324
327
326
323
323
323
321
321
320
319
318
320
319
319
319
320
320
322
323
325
322
321
322
322
322
321
320
319
320
320
321
320
323
322
323
323
326
323
322
321
321
322
323
323
320
319
325
322
322
326
322
323
326
323
322
322
320
320
319
318
321
318
321
320
320
321
321
322
322
321
320
320
319
316
317
315
317
317
317
316
316
317
318
318
319
318
317
315
315
314
313
313
314
313
313
313
312
312
313
314
314
310
306
304
304
304
303
305
304
305
304
305
304
306
307
306
308
308
307
309
308
307
306
308
306
307
307
307
310
308
307
310
308
308
311
306
309
307
305
304
308
306
303
307
304
307
309
306
307
306
305
304
305
305
302
300
295
288
283
285
290
290
297
299
302
300
301
300
302
301
300
301
302
302
303
304
302
306
306
305
307
306
307
306
305
306
304
305
305
304
304
305
305
306
307
306
305
305
306
304
303
302
302
304
303
302
302
303
302
303
304
303
303
303
302
300
300
300
300
301
298
299
297
298
298
300
299
299
303
300
297
301
296
296
299
295
297
297
294
295
298
297
296
301
296
298
296
297
294
295
294
295
292
293
294
293
293
292
296
296
295
294
294
293
294
291
293
292
291
292
293
293
294
296
295
295
297
295
296
294
294
292
292
292
292
291
291
292
291
294
295
297
297
297
297
294
291
290
289
289
290
288
287
288
287
286
288
286
289
288
290
290
289
286
288
283
284
284
283
286
283
282
287
284
284
288
287
284
288
284
284
286
281
281
285
281
283
281
281
281
282
285
284
285
284
282
283
280
281
280
283
280
279
280
280
279
281
284
283
282
282
282
279
278
278
277
276
276
277
276
277
276
275
276
278
278
278
277
277
276
274
274
272
273
274
273
274
274
273
273
274
276
275
276
278
276
276
275
274
273
276
275
272
274
274
272
273
273
275
275
275
275
275
274
272
271
271
271
269
273
270
270
272
271
272
275
271
271
270
267
267
267
267
266
266
266
267
266
264
267
267
268
268
270
268
265
263
265
263
263
261
261
262
263
263
264
264
266
265
265
265
267
265
264
262
262
261
264
264
265
264
265
266
267
268
268
268
268
267
265
266
266
265
266
265
265
267
264
267
267
268
269
268
267
267
266
267
265
265
265
267
267
265
267
270
270
269
270
270
268
270
269
268
269
267
268
268
266
266
268
267
268
272
268
267
267
264
265
264
264
263
262
263
263
263
264
268
267
265
267
266
266
266
263
263
263
263
261
264
263
262
263
263
266
265
266
265
262
265
263
260
260
261
260
260
259
259
259
259
261
261
262
261
262
261
259
260
259
257
256
256
256
256
256
258
258
260
260
260
259
259
259
256
258
257
257
258
256
256
256
256
258
256
258
262
257
257
259
257
255
256
252
253
256
253
253
253
253
253
258
256
257
256
256
254
254
252
252
252
252
251
252
252
252
252
253
258
255
257
258
259
260
262
265
269
268
271
273
276
280
283
288
293
297
299
302
304
305
304
306
307
309
309
313
316
323
327
328
327
328
326
327
325
324
324
323
321
321
322
324
323
323
324
327
328
333
332
332
333
332
332
331
331
332
337
338
336
335
339
336
338
343
337
338
340
336
337
338
336
334
336
336
336
336
335
335
338
339
340
342
339
338
339
335
337
335
335
335
335
334
333
335
334
335
334
337
339
334
333
332
330
330
330
329
329
330
330
330
331
329
331
330
331
331
330
329
327
327
326
325
325
325
325
324
323
325
325
326
327
327
325
324
324
323
322
319
318
321
320
320
321
320
321
322
321
324
324
321
318
322
318
319
319
317
315
319
316
316
318
315
316
320
316
316
314
315
313
310
312
310
310
309
309
310
311
310
310
311
309
315
309
309
307
305
305
305
305
304
302
302
305
302
304
304
305
305
307
303
302
301
299
298
300
298
298
299
297
296
298
298
298
298
299
297
297
297
294
294
295
293
293
293
291
291
292
293
292
295
293
294
291
292
290
289
288
288
286
288
286
285
290
286
286
291
287
289
290
289
286
288
284
284
287
284
283
282
283
284
285
284
284
284
284
282
282
281
280
279
278
278
278
277
277
275
276
278
278
279
279
280
275
276
276
276
273
273
273
272
273
272
273
272
274
275
274
273
276
275
273
272
272
271
270
269
271
270
270
271
272
272
272
273
272
272
270
269
269
269
269
268
267
268
270
270
270
272
272
272
273
272
271
271
269
269
270
266
268
270
267
268
270
268
267
273
268
268
268
266
265
264
264
264
264
264
265
263
264
263
266
266
265
266
266
264
263
261
262
261
260
261
260
260
261
260
263
262
264
264
264
264
262
261
259
260
260
259
261
263
262
263
264
263
264
265
265
264
279
260
263
260
260
261
260
260
259
259
261
261
263
263
262
261
262
261
258
258
259
259
257
260
257
258
261
259
260
264
262
261
262
259
257
260
256
256
259
254
256
256
256
254
258
260
256
258
257
257
255
255
254
253
254
252
252
253
253
253
255
257
256
256
254
252
252
252
251
252
250
249
251
251
251
253
254
254
253
251
253
251
250
251
249
249
250
247
246
246
248
249
250
249
250
249
250
247
248
248
248
246
244
246
246
245
246
246
247
247
248
249
247
246
245
245
244
244
244
245
247
245
246
251
249
248
251
248
247
248
245
244
248
245
243
244
243
244
245
245
245
245
245
245
243
244
243
243
244
241
243
243
244
243
244
244
246
246
245
243
242
241
240
241
240
240
240
241
240
243
243
243
243
243
242
241
240
239
241
239
239
238
240
240
240
240
241
242
242
241
241
239
237
238
237
238
238
237
237
237
242
241
240
240
241
239
239
239
237
239
238
237
238
238
240
237
239
240
241
240
240
238
239
239
236
235
238
237
235
235
235
236
237
239
239
237
238
236
236
233
234
235
233
234
234
236
236
237
237
238
237
236
236
234
233
234
234
234
233
230
235
234
233
235
236
235
236
234
232
232
232
231
231
231
231
232
232
233
234
233
233
233
234
234
231
230
230
230
231
230
230
232
233
232
233
232
231
231
231
229
231
229
227
227
227
228
228
229
231
229
230
233
231
229
232
228
227
229
227
226
227
225
226
232
227
228
229
229
228
228
226
226
224
226
225
224
225
223
225
225
226
227
227
226
226
226
224
224
224
223
223
222
224
223
224
224
227
225
226
224
224
223
222
223
222
220
221
220
220
222
223
224
224
224
224
222
221
221
220
219
219
218
218
223
218
219
221
222
222
221
221
216
219
217
218
217
218
216
217
217
221
218
223
218
219
218
218
217
219
214
215
217
217
215
220
216
216
218
219
218
218
218
214
216
215
214
216
215
214
214
216
216
219
217
217
217
217
216
214
213
213
212
212
212
213
212
213
215
215
217
216
215
214
214
212
213
211
210
212
212
212
213
212
216
214
213
213
214
212
212
211
210
210
210
209
209
209
211
210
211
211
212
211
214
210
209
208
211
207
208
208
207
206
210
209
209
212
210
210
211
210
208
209
204
204
207
204
206
205
207
207
207
207
207
208
206
202
205
204
206
203
204
202
202
204
204
203
206
206
206
205
204
204
202
203
201
201
201
199
201
200
202
202
205
204
204
204
202
202
199
200
201
199
199
199
200
201
202
203
200
202
203
202
199
199
199
199
198
197
197
199
200
201
200
198
201
200
200
198
197
197
197
196
198
197
196
198
201
199
199
203
198
197
199
197
195
198
195
194
198
197
196
197
196
197
198
197
197
195
195
194
194
192
194
193
194
192
195
196
197
197
195
196
193
193
193
192
193
192
192
191
193
194
195
196
195
194
194
193
192
192
191
190
190
190
192
191
192
193
193
193
192
193
191
190
187
187
189
188
185
189
190
191
191
190
191
190
190
189
189
187
187
186
188
188
188
189
190
192
190
190
190
187
190
188
186
184
186
186
187
191
191
189
192
189
186
184
185
185
184
187
183
185
185
186
186
188
186
186
184
183
184
181
183
182
183
182
185
184
185
184
185
182
182
182
181
181
182
180
182
184
184
184
185
184
183
182
182
180
180
182
179
181
183
182
182
183
183
180
183
180
180
179
178
177
178
178
180
181
182
182
181
181
180
179
178
178
178
178
178
179
179
180
182
182
181
180
179
181
177
177
178
176
180
181
181
181
183
180
180
180
177
176
177
175
177
177
176
177
179
182
180
180
179
175
177
175
176
176
176
175
174
176
177
179
178
179
178
177
175
174
176
173
175
174
174
174
175
176
181
185
189
186
184
183
179
175
172
173
173
172
174
176
176
176
176
176
175
175
177
181
179
180
178
178
179
177
174
175
175
175
173
173
172
172
170
170
170
171
172
170
172
177
175
174
177
172
172
174
169
168
173
171
172
173
170
172
176
173
173
173
173
170
170
169
170
170
169
167
169
173
171
171
173
173
173
171
170
169
169
167
168
167
168
168
168
170
171
172
171
171
170
168
168
166
169
166
168
167
168
167
168
169
171
171
170
169
166
168
166
168
166
167
166
167
166
168
169
169
170
169
168
167
166
164
166
166
165
165
165
165
165
168
170
168
169
168
168
165
167
163
164
166
165
163
169
166
168
169
169
167
166
164
167
164
164
164
164
164
163
166
167
164
168
167
164
164
162
162
163
166
162
163
163
165
167
167
168
166
165
165
161
163
163
161
162
161
162
164
164
166
166
166
164
165
163
165
162
162
161
161
162
163
164
164
163
166
165
163
163
162
161
161
160
161
161
162
162
165
165
164
165
163
161
161
163
160
161
161
160
162
162
162
166
164
163
166
160
162
164
161
160
161
158
160
160
161
162
164
164
163
163
161
162
160
160
159
161
158
160
160
158
162
163
163
162
160
159
158
160
161
157
158
159
159
160
160
161
161
161
161
160
160
158
158
157
156
156
157
156
157
160
160
162
161
161
160
158
158
156
156
158
156
156
157
158
158
158
161
160
159
159
158
156
155
155
155
154
160
157
159
162
160
160
161
158
158
159
156
156
158
155
155
156
156
157
158
160
160
159
156
156
156
156
155
154
155
154
153
156
158
158
158
161
158
157
155
154
155
154
153
153
154
154
155
156
158
158
157
156
160
154
155
154
153
155
154
155
154
156
157
158
156
155
155
155
152
154
153
152
153
153
154
156
156
156
158
156
154
153
154
153
153
153
153
152
153
153
155
156
157
157
160
155
154
156
152
153
154
153
150
157
155
155
159
156
156
155
155
153
153
153
152
152
151
152
154
154
157
156
153
155
154
153
152
153
151
152
152
151
154
153
155
157
157
155
153
152
151
151
151
151
151
150
153
154
156
156
155
152
157
152
152
151
148
151
151
153
152
154
154
155
155
153
154
151
151
151
151
151
151
151
153
154
153
154
154
153
153
152
151
151
151
150
150
150
150
153
154
157
153
154
156
152
151
153
149
149
152
150
149
155
152
153
155
154
152
152
151
150
150
150
150
149
151
150
152
155
154
152
153
151
151
149
150
149
149
149
149
151
151
152
154
156
152
152
151
151
149
150
150
150
149
149
152
153
153
154
153
150
155
151
149
149
148
149
148
151
152
151
154
154
153
151
151
151
148
149
149
150
150
150
151
151
152
154
153
153
150
150
153
150
152
152
148
149
153
151
152
155
156
152
155
152
149
152
149
148
150
149
149
152
153
153
154
153
152
151
150
150
150
149
150
150
150
149
152
154
153
154
154
152
153
152
151
151
151
149
151
150
153
153
156
158
155
154
153
151
151
152
150
152
153
156
153
154
154
156
156
156
158
153
153
152
151
151
151
150
151
153
155
155
156
156
156
154
151
151
152
154
150
151
151
152
157
152
153
157
155
153
156
152
152
153
151
149
154
151
152
152
153
154
155
154
153
154
152
151
151
150
151
150
150
150
152
152
154
155
152
155
152
149
151
150
150
149
150
151
151
152
152
152
154
154
153
150
151
150
150
148
150
149
150
153
150
153
154
154
153
152
151
150
149
149
148
150
149
150
152
153
157
154
153
151
153
149
150
150
149
149
149
147
153
152
155
157
153
152
155
148
150
152
148
148
152
148
149
152
152
152
153
151
150
150
150
149
149
148
150
148
149
150
152
153
152
153
152
149
149
147
146
148
147
147
148
150
152
153
153
152
150
150
149
148
147
147
147
147
148
150
150
150
152
152
150
151
149
149
147
148
147
146
147
149
149
149
152
151
153
150
148
150
147
147
147
147
148
148
149
149
154
150
151
151
149
148
146
148
146
149
146
146
152
149
151
162
164
165
166
153
147
149
145
146
144
145
145
147
148
149
149
149
150
147
147
144
146
145
144
146
146
145
147
148
149
148
149
150
149
145
146
145
147
146
146
146
148
149
149
151
151
150
148
151
152
151
152
152
150
149
150
153
152
154
156
157
155
154
153
152
150
151
151
152
150
151
150
153
153
154
154
153
152
151
151
149
150
150
149
149
154
152
152
155
152
153
156
151
150
150
148
149
151
149
148
154
150
150
151
153
151
151
151
150
151
150
149
147
146
149
147
149
150
149
146
144
145
148
148
147
149
147
148
149
152
151
149
145
142
142
142
144
150
150
149
149
149
149
150
149
150
150
147
145
142
141
144
148
150
149
151
149
148
148
150
152
150
148
144
141
142
143
145
152
152
153
153
154
152
152
151
148
143
141
142
140
143
152
147
149
154
152
153
154
151
151
152
144
142
140
139
142
144
146
151
151
152
152
153
152
152
151
146
143
141
142
140
142
146
149
152
151
151
151
152
151
150
150
147
143
139
141
141
143
144
149
151
152
153
152
152
152
152
150
145
143
140
140
142
141
146
148
147
146
146
146
145
146
148
147
148
147
148
147
146
149
148
149
148
149
149
149
147
149
148
150
146
146
150
146
149
151
147
149
150
148
148
152
147
148
150
148
147
147
147
149
148
148
149
147
149
150
152
152
152
151
150
147
144
140
139
138
143
144
148
151
150
150
152
152
152
150
151
145
142
141
140
139
141
144
146
150
151
153
152
151
150
150
150
147
143
141
138
139
141
144
148
150
150
151
151
152
151
150
149
146
143
140
140
140
141
144
147
149
152
150
151
152
150
155
150
147
