266
277
277
288
286
286
280
275
276
266
261
260
262
260
265
260
272
268
276
284
292
286
284
293
289
282
284
273
269
267
270
268
268
267
276
274
281
289
292
300
296
298
293
292
285
284
280
280
277
279
286
286
281
287
294
304
307
308
312
310
303
301
292
286
290
281
285
285
289
284
283
286
294
295
302
296
301
299
295
291
284
285
287
280
280
281
284
282
283
290
288
290
292
292
296
288
285
287
285
276
282
287
278
277
280
278
285
284
296
298
297
306
301
290
283
281
273
270
273
268
271
270
273
278
278
284
287
294
297
304
299
295
297
288
283
281
281
286
282
285
283
286
294
292
304
314
314
311
309
307
301
291
289
285
285
282
283
286
288
289
291
300
308
312
310
315
303
302
290
289
284
287
286
283
290
283
286
289
294
305
307
306
311
303
297
290
290
285
284
283
288
284
286
288
293
294
296
299
300
309
299
297
296
293
286
284
288
293
287
290
288
289
291
295
298
299
303
301
301
294
294
292
290
286
288
292
288
288
289
291
293
301
302
298
300
294
292
291
288
286
291
289
290
288
292
291
294
297
297
298
305
303
299
300
295
292
290
289
286
288
289
289
292
288
293
296
301
300
296
293
290
291
289
287
284
285
286
290
286
286
293
289
291
294
299
293
295
288
287
289
288
284
278
284
286
279
282
286
285
294
303
307
303
297
297
289
288
282
279
283
282
285
285
289
285
284
291
289
296
292
292
294
288
288
283
284
282
289
290
284
285
289
287
288
288
286
285
288
284
289
293
285
286
285
283
282
285
282
284
281
285
282
284
288
285
292
288
292
292
293
289
292
288
288
287
286
292
287
295
291
294
290
294
292
293
293
294
286
290
289
287
297
295
290
288
290
288
293
288
291
287
290
289
289
289
291
282
284
289
290
284
291
288
290
294
298
302
300
301
292
296
293
291
286
284
288
291
293
292
288
296
297
293
298
301
296
292
297
287
287
284
285
291
284
289
291
288
289
288
292
302
302
298
297
296
297
296
301
294
297
300
299
308
309
308
310
313
320
317
319
322
321
318
313
314
320
320
321
322
332
334
331
341
338
350
350
352
354
357
361
360
361
362
359
360
359
360
364
363
370
366
375
371
374
376
373
370
369
363
366
361
366
366
373
367
365
372
372
369
379
380
381
375
378
377
371
376
371
374
372
372
376
378
378
385
385
381
388
387
381
383
376
377
376
379
379
374
377
375
376
377
376
377
384
388
385
384
382
384
377
375
378
378
377
381
380
379
383
378
380
385
382
382
381
379
380
376
378
375
370
375
370
371
375
373
379
377
378
378
381
381
378
378
383
377
371
373
368
368
369
368
375
369
373
378
374
377
381
383
375
375
383
372
374
367
363
370
368
365
372
364
366
373
373
371
370
371
374
372
372
364
366
366
359
364
364
366
365
360
361
371
371
370
376
372
372
369
364
364
360
365
354
357
355
362
362
363
356
357
358
361
368
368
374
373
375
374
375
375
377
371
376
378
384
389
384
391
393
390
396
427
398
406
403
404
402
398
401
402
401
400
398
406
402
402
404
407
406
413
410
415
411
409
411
409
413
407
408
416
409
414
419
419
420
420
425
426
424
425
423
416
418
420
413
416
420
416
415
422
422
421
425
424
419
421
419
414
423
413
410
412
410
409
414
414
417
412
423
423
424
419
416
420
418
411
412
406
406
413
413
413
415
410
410
413
423
419
419
423
425
421
420
416
420
419
418
421
418
421
415
421
421
420
427
425
420
419
417
416
418
414
416
411
411
410
414
411
418
409
421
423
415
414
412
413
406
409
405
403
396
393
399
399
401
398
403
415
416
429
427
423
418
412
407
404
400
394
404
397
397
398
403
404
421
427
434
434
442
439
429
428
419
419
423
423
427
418
426
428
427
430
444
449
451
453
456
445
435
430
427
424
423
423
418
421
418
421
426
432
446
453
452
449
443
446
439
430
424
425
424
416
418
423
421
424
419
430
432
440
436
440
443
441
433
431
418
418
415
410
411
413
411
411
420
420
428
432
438
447
443
440
443
430
429
427
417
418
412
397
400
405
400
420
432
447
450
456
456
457
446
441
432
430
434
430
431
429
429
433
439
447
453
462
461
459
458
455
450
443
436
433
437
432
430
437
432
447
453
464
474
478
485
489
478
475
467
460
463
456
459
459
453
454
458
461
459
468
478
483
485
487
477
470
465
454
453
449
447
453
446
455
450
453
462
469
475
478
484
473
470
459
450
453
447
448
453
450
455
449
456
468
479
475
483
477
469
461
456
454
446
449
447
445
446
450
454
461
473
474
476
482
475
466
463
451
456
452
447
446
454
454
462
466
479
485
499
499
504
505
501
497
489
491
484
486
491
488
494
495
499
512
514
520
523
516
517
503
494
491
495
488
485
493
488
493
497
504
507
513
519
518
507
508
501
487
488
480
478
484
479
483
482
490
496
509
508
509
507
503
493
485
483
477
474
474
468
474
477
480
485
488
505
501
506
499
492
483
477
472
468
469
467
465
466
469
476
476
487
497
494
499
490
484
483
469
467
466
462
462
461
464
467
468
483
491
490
492
490
486
483
472
465
465
463
456
459
460
459
465
468
480
479
489
483
478
474
469
457
454
457
450
453
453
451
457
458
471
473
478
478
478
471
459
454
447
451
448
445
449
447
449
449
460
463
469
471
468
460
457
445
443
440
434
442
438
441
441
440
452
459
463
467
461
457
449
441
433
432
433
427
431
427
427
436
440
447
451
454
461
451
441
437
426
426
422
427
423
420
427
422
427
439
443
450
448
449
440
431
424
421
419
415
420
417
414
416
423
423
434
440
446
440
438
430
424
420
411
410
407
411
411
413
408
415
419
424
431
431
426
428
422
416
413
416
410
413
417
420
419
429
445
451
462
481
491
502
512
507
513
525
539
547
553
552
565
569
586
601
609
616
610
615
609
602
602
603
618
630
635
638
641
644
649
664
685
691
690
686
686
678
670
673
663
672
674
683
684
686
688
706
715
715
717
724
717
711
710
705
706
702
698
709
704
709
711
715
729
727
734
739
736
731
729
724
724
719
718
721
716
717
716
726
731
737
734
733
733
725
712
707
698
694
693
693
691
691
699
696
706
712
719
716
717
713
702
695
685
687
679
675
673
674
682
676
679
686
697
696
695
695
688
684
680
671
663
660
661
657
660
661
660
663
666
677
675
677
673
663
658
648
640
641
640
634
635
633
634
642
649
653
655
655
655
642
632
623
621
618
620
617
615
614
619
622
631
632
637
631
626
622
607
604
599
595
592
590
587
590
591
600
602
614
610
615
605
599
592
580
575
571
570
575
572
571
569
573
583
586
589
591
586
577
576
562
559
553
551
546
546
552
552
558
560
570
576
570
564
559
549
537
537
536
533
528
528
535
534
538
551
549
552
551
546
537
527
524
516
515
522
516
516
515
519
524
535
540
535
535
527
522
510
507
502
503
496
499
500
504
507
518
526
522
527
523
512
500
493
491
486
484
488
489
492
494
501
500
508
512
509
502
498
488
483
481
479
482
482
482
478
483
495
505
505
505
495
487
485
478
476
468
468
466
468
469
483
489
492
495
496
492
480
467
469
460
467
459
464
464
463
471
481
490
488
485
480
474
459
459
454
457
459
453
456
464
473
481
485
489
473
472
465
455
456
450
449
445
446
448
456
459
473
476
474
475
462
454
452
440
442
448
439
443
443
445
456
465
464
470
467
464
448
442
439
432
435
436
432
438
443
451
456
461
463
455
452
442
435
430
433
430
427
427
427
432
442
457
455
455
454
443
433
427
427
423
427
421
428
426
431
443
452
454
451
446
437
426
419
421
418
417
421
424
419
421
439
445
443
446
440
434
432
421
412
414
411
411
414
417
414
425
434
435
444
442
433
424
424
411
411
410
407
410
406
414
418
421
436
434
432
436
432
418
411
405
405
402
400
402
406
408
414
429
433
431
433
431
418
412
405
407
405
401
400
403
403
406
414
422
427
431
426
423
414
410
407
399
403
397
395
396
404
403
406
423
422
426
424
422
414
408
399
395
395
397
395
397
392
401
404
410
423
424
419
414
408
400
395
392
394
393
395
391
394
393
408
414
415
416
417
412
402
399
388
386
383
384
391
386
387
397
397
405
413
416
411
407
396
388
384
388
385
384
380
388
387
388
400
407
413
410
403
403
393
386
379
383
382
376
376
380
384
391
395
401
406
403
401
396
390
388
380
375
374
376
375
374
381
386
392
401
405
404
395
392
384
381
372
377
367
373
372
371
374
382
390
400
402
400
400
383
376
377
368
374
368
366
368
372
374
382
393
393
392
394
387
375
369
364
367
368
366
367
364
370
377
384
389
389
393
383
377
370
361
360
365
358
359
364
364
367
376
390
389
390
384
375
367
361
358
361
358
356
355
357
363
366
375
385
389
382
376
373
370
358
357
354
359
353
359
360
360
372
376
381
386
383
371
365
365
355
355
352
352
351
355
353
364
371
378
379
379
375
369
361
355
353
348
349
349
349
353
355
361
366
378
374
378
377
366
362
353
349
348
351
350
349
350
355
358
368
367
375
378
375
366
359
355
344
349
345
348
346
350
349
352
365
366
369
368
367
361
352
344
346
341
341
344
345
340
342
350
358
369
368
367
365
359
353
341
339
338
340
342
342
340
343
346
352
361
365
364
364
364
352
349
342
335
339
334
337
342
339
338
355
359
358
364
364
359
350
346
342
334
334
338
331
336
334
338
338
355
360
366
358
357
359
346
344
336
337
330
329
335
336
335
335
345
351
357
357
363
351
345
336
336
334
335
331
327
329
334
333
342
349
356
359
355
349
338
333
331
328
325
326
326
331
331
331
340
353
355
352
351
349
343
334
328
324
326
324
323
323
324
329
333
342
346
349
349
350
338
339
333
329
328
325
327
320
329
332
332
339
343
349
356
352
340
340
330
322
325
326
322
325
329
327
327
335
344
347
347
352
344
333
331
323
325
324
320
323
321
321
324
329
334
339
343
347
344
332
331
323
325
317
318
318
322
322
321
322
329
336
344
341
345
337
336
335
323
319
316
317
314
318
323
318
322
325
333
333
338
340
343
336
333
327
322
315
319
321
317
312
321
319
318
327
330
338
333
337
338
334
330
323
324
315
310
312
312
313
313
317
318
325
326
331
340
337
337
329
325
317
315
310
313
312
314
317
312
315
320
320
327
332
336
333
332
329
322
318
314
308
308
308
313
311
314
318
324
325
329
329
329
333
326
324
315
308
308
311
312
311
305
306
311
317
323
333
333
326
325
327
320
314
307
306
304
312
304
304
308
316
314
323
330
331
328
322
326
317
312
307
310
306
310
311
310
312
309
314
322
325
330
331
322
325
315
315
302
304
302
309
304
310
302
311
311
323
331
327
327
325
324
313
306
305
300
301
302
301
301
309
306
310
321
324
330
324
324
317
312
308
304
299
298
305
299
305
306
303
310
316
321
327
326
329
317
315
305
298
298
295
303
299
298
299
300
309
313
321
327
328
324
320
317
312
301
296
299
295
299
298
300
303
306
304
316
317
317
321
319
316
311
304
304
308
309
301
299
301
305
310
308
310
316
321
317
325
318
322
322
325
320
324
327
330
329
333
337
340
342
354
359
358
360
361
361
357
356
359
356
362
369
361
361
369
373
373
376
372
370
374
371
375
382
386
387
389
393
399
395
401
404
401
405
408
418
426
426
442
435
443
446
448
458
457
461
471
477
484
483
486
490
494
495
502
494
499
500
500
497
497
498
503
505
504
515
509
512
514
521
520
521
521
519
521
525
520
519
517
522
517
525
522
520
525
527
529
537
537
537
535
539
537
536
535
534
528
528
531
532
531
532
534
534
535
533
541
540
537
535
528
528
532
535
531
527
528
526
529
531
527
527
526
532
528
523
527
521
518
519
517
512
512
515
516
517
515
514
514
515
517
512
513
516
506
507
505
503
508
503
505
501
503
505
499
504
502
502
498
497
497
492
499
494
490
492
491
493
491
489
492
492
492
490
495
492
492
486
489
485
482
483
487
484
487
491
491
497
495
500
494
496
498
496
492
488
486
489
483
484
484
483
487
489
489
485
488
491
486
486
488
489
485
478
485
476
480
477
478
478
475
477
480
479
480
476
479
482
475
475
475
474
473
471
476
474
470
470
470
470
469
469
467
474
466
463
468
461
460
463
461
458
465
460
465
462
463
462
468
460
465
463
460
453
457
452
454
453
455
455
455
451
453
456
456
452
455
453
449
452
450
444
449
446
444
442
449
443
440
447
451
451
445
444
441
443
438
438
437
443
439
438
443
434
435
438
438
442
438
