195
210
210
211
209
205
209
207
187
201
188
183
201
187
190
213
210
211
237
211
201
212
189
184
184
183
183
200
184
185
205
219
224
208
224
199
204
186
182
208
199
192
187
185
188
195
207
207
223
201
194
185
180
181
189
195
194
196
183
190
199
205
215
202
211
200
199
187
188
178
189
195
184
200
207
199
204
218
200
192
186
180
176
190
178
177
193
180
183
190
199
202
203
221
209
187
182
178
181
178
181
190
179
193
192
198
220
207
202
196
208
203
198
194
178
180
182
183
199
194
217
218
222
217
196
192
185
186
184
183
192
201
203
211
197
204
222
206
216
208
184
198
179
197
180
187
199
185
207
217
220
204
203
211
206
199
180
178
179
181
199
198
206
210
199
202
201
198
195
185
180
180
198
197
180
199
182
191
203
218
221
200
204
188
183
192
179
194
197
181
182
186
211
203
213
221
212
194
184
185
198
190
198
182
181
203
192
199
219
221
201
195
187
181
196
195
189
181
197
183
192
197
202
224
216
200
212
203
200
181
200
202
201
185
189
200
217
207
224
224
205
215
204
202
199
184
200
201
184
188
192
216
206
210
205
217
213
190
199
199
184
193
188
186
204
192
218
222
205
207
201
211
199
183
182
192
188
187
184
191
192
196
217
218
221
204
221
186
197
184
191
191
186
192
187
193
203
220
220
201
196
195
183
196
180
195
182
199
192
186
196
201
216
201
212
200
189
185
210
178
182
179
182
181
186
194
200
219
202
196
188
182
183
188
190
186
179
197
182
206
203
204
200
199
199
186
180
182
193
176
192
196
177
199
208
196
208
199
193
202
199
176
192
192
174
175
187
179
185
211
197
204
198
190
185
178
177
175
188
176
192
183
192
202
211
213
196
213
191
182
177
176
186
190
192
192
176
188
206
213
214
225
193
203
179
177
192
189
174
203
174
176
181
189
211
212
197
191
193
189
171
172
172
188
189
180
192
182
188
205
205
205
189
180
193
185
185
171
188
170
189
191
179
204
193
194
206
192
179
190
188
185
176
185
186
179
173
180
187
192
192
190
185
196
173
173
169
185
169
185
187
172
196
187
192
191
189
190
176
186
175
164
165
183
167
168
170
196
185
208
209
206
181
177
170
181
165
165
166
165
192
176
193
204
189
204
192
185
190
180
166
181
164
176
177
166
170
189
198
204
189
189
191
178
173
168
164
181
167
163
163
166
168
178
194
202
189
188
189
194
168
165
163
161
162
164
172
182
186
176
184
186
189
200
178
184
164
162
172
166
162
163
163
167
176
200
204
202
183
179
170
179
161
177
178
177
179
160
166
173
179
191
190
183
177
178
178
164
160
160
176
173
163
180
190
180
200
199
200
194
170
190
174
165
173
176
160
161
163
174
196
201
185
182
181
181
164
172
175
172
173
160
160
179
183
190
178
198
199
193
170
164
158
156
156
155
162
159
160
184
192
196
198
197
177
185
175
173
172
155
157
164
175
160
163
188
178
182
180
192
185
163
156
156
154
157
172
154
175
163
171
194
189
182
185
187
165
156
161
172
156
157
175
156
162
186
185
195
178
192
186
179
154
154
154
163
154
164
158
169
188
194
179
194
173
181
159
156
154
165
154
152
174
160
165
191
194
177
174
166
162
154
167
153
158
153
160
163
160
174
171
182
178
176
165
159
150
154
149
168
165
170
154
178
168
174
194
176
169
179
157
170
167
150
167
151
170
153
161
188
175
176
175
167
159
153
167
166
148
151
153
153
173
179
188
172
184
172
163
178
153
163
163
166
149
167
152
158
181
174
190
188
184
173
151
149
162
148
148
164
169
170
164
175
173
175
169
174
160
166
150
165
147
147
149
153
160
167
172
171
172
182
169
153
161
146
163
145
151
151
170
160
167
188
171
174
166
157
166
146
146
147
164
148
152
160
165
187
188
170
169
161
154
153
146
163
160
147
164
151
162
173
187
187
185
178
155
157
149
146
161
144
164
148
169
159
167
179
170
172
174
154
163
147
156
158
145
164
164
153
165
183
188
169
173
174
151
145
151
161
161
157
165
162
171
165
184
186
185
164
155
152
154
148
142
144
164
149
159
161
165
182
187
176
174
170
148
161
161
144
144
162
165
173
177
184
172
184
160
161
147
162
161
161
144
145
154
165
172
163
167
172
180
159
158
149
142
141
144
143
144
172
157
167
174
182
168
164
172
165
143
161
142
143
144
143
165
168
177
185
176
176
176
152
162
142
142
160
147
145
147
170
177
183
167
166
160
152
148
142
162
164
143
161
145
146
157
179
184
167
165
173
150
162
142
143
141
160
169
145
152
157
182
166
181
172
153
146
142
142
141
148
155
146
146
157
161
182
167
162
158
148
144
159
156
140
147
159
145
150
159
166
177
161
172
166
161
156
142
141
151
160
147
149
155
176
183
172
162
171
165
143
158
156
138
144
157
154
151
173
172
169
163
158
167
162
140
142
139
142
147
160
147
153
174
181
166
161
155
150
158
156
157
139
138
153
144
148
168
175
165
181
175
152
150
158
139
139
153
155
142
143
168
158
180
177
160
156
166
158
155
153
155
142
138
141
144
161
176
165
164
177
156
161
142
140
167
140
143
140
159
144
163
179
163
164
160
151
147
158
154
141
139
158
141
144
168
176
181
183
161
155
167
159
158
141
138
145
139
158
146
164
180
165
164
176
167
161
140
156
137
155
142
157
156
171
167
180
165
178
170
160
140
140
157
137
155
140
144
152
176
180
167
162
172
165
140
158
152
140
156
141
150
151
169
181
167
160
171
160
138
137
144
152
154
141
160
166
170
179
182
175
156
164
149
150
138
137
154
139
142
148
172
182
179
159
172
152
141
155
141
146
138
140
141
167
172
164
181
160
171
148
142
138
155
138
138
156
142
146
155
160
180
175
155
151
144
139
138
137
137
139
140
141
145
152
173
175
177
153
148
167
153
149
137
136
140
157
142
150
175
171
161
178
171
144
147
144
148
154
153
154
140
162
152
176
162
164
156
157
142
165
152
136
164
155
138
142
150
169
171
177
167
156
145
146
136
136
151
136
155
156
144
156
160
162
160
154
165
141
154
137
135
144
154
156
146
154
156
161
178
168
166
147
137
152
143
151
138
155
139
153
168
164
165
160
155
166
156
137
135
137
136
156
136
139
151
162
160
164
159
169
162
154
151
153
141
135
150
139
159
146
156
162
179
156
150
162
153
135
146
133
152
141
138
159
160
157
176
177
157
148
158
136
152
137
152
143
146
154
145
170
158
160
159
153
146
141
136
134
135
134
152
153
144
164
152
173
175
158
166
145
139
151
133
132
151
134
153
155
146
174
176
160
170
163
142
138
136
150
133
133
149
137
144
153
157
163
158
171
162
150
151
133
133
148
146
152
139
149
154
177
162
158
151
144
152
134
152
137
136
139
137
153
166
160
175
159
185
176
146
136
145
132
137
135
153
154
154
149
174
168
161
163
151
160
133
145
150
150
134
135
153
142
148
157
158
176
152
160
142
152
135
144
133
133
134
155
160
151
164
178
158
154
146
140
134
144
134
140
148
136
137
143
151
165
159
159
153
146
139
149
136
134
150
131
150
136
143
152
156
177
159
165
153
157
135
134
150
133
153
143
155
160
152
175
176
157
151
156
148
133
136
152
149
152
135
141
176
156
166
157
155
157
155
151
150
136
133
145
133
136
142
150
168
159
157
153
164
138
134
149
148
148
150
135
136
147
149
155
156
173
168
159
139
147
131
132
132
132
152
145
146
153
156
157
153
163
139
135
132
149
138
134
134
137
142
167
156
157
173
165
141
147
132
151
132
136
136
151
149
163
153
172
149
146
150
141
149
154
142
166
136
131
148
143
145
170
164
176
170
160
156
134
149
130
132
130
152
135
140
165
168
159
169
150
157
140
152
134
150
134
132
135
133
155
151
149
153
162
153
151
150
153
142
147
134
139
157
138
132
144
166
153
155
155
143
158
138
133
148
129
131
134
134
152
140
149
156
155
166
165
143
150
149
131
131
131
134
133
155
143
169
166
173
163
149
136
130
149
129
131
131
149
135
166
168
173
168
157
148
157
136
145
148
145
130
149
152
134
150
150
170
153
171
147
140
136
147
129
150
151
150
152
138
143
149
152
168
167
164
159
140
140
133
147
149
134
134
152
142
155
154
154
158
147
144
138
148
148
140
149
138
145
152
160
150
156
157
171
161
157
136
131
130
131
144
149
149
136
150
163
170
155
172
163
143
135
148
149
145
147
129
129
134
158
147
170
157
184
149
145
138
134
132
130
147
131
132
151
136
171
172
158
156
158
149
140
132
131
149
132
151
140
137
139
146
166
179
156
170
166
143
137
133
132
138
133
133
135
152
141
158
156
161
160
153
144
137
146
144
149
142
148
151
138
144
151
156
176
154
166
144
156
140
149
132
139
133
133
136
144
164
170
157
153
148
159
153
133
149
133
150
133
137
153
145
162
163
172
183
154
148
141
139
149
148
133
148
133
134
136
141
166
155
162
173
151
161
136
134
138
131
146
134
133
135
152
149
153
157
172
168
146
137
136
133
131
145
130
149
136
167
149
170
172
155
152
155
157
132
131
128
137
129
130
151
140
147
154
173
174
158
160
155
130
129
131
131
132
149
152
141
164
161
153
171
165
140
134
149
130
144
147
149
137
153
142
167
162
153
170
165
142
146
148
147
129
130
148
134
135
152
150
164
154
170
163
144
152
133
130
145
146
144
143
133
142
160
153
157
168
148
140
147
149
146
129
144
149
132
134
140
149
152
157
172
165
158
134
131
136
146
128
132
142
135
138
148
168
154
155
168
143
152
136
128
129
131
139
132
151
148
148
170
153
166
148
143
153
133
128
129
130
130
135
138
155
146
153
171
155
153
142
148
137
145
137
139
129
146
132
137
144
159
153
172
168
158
138
151
132
145
145
129
144
134
150
153
167
170
172
153
145
142
141
147
131
146
128
