254
259
259
269
275
288
281
267
260
245
258
246
256
242
247
246
270
272
277
275
280
266
254
246
241
251
249
250
241
257
254
263
276
279
261
259
253
243
238
247
235
234
246
251
249
271
274
261
259
250
247
250
242
247
256
240
239
254
250
258
274
275
259
249
244
240
243
240
240
243
244
245
258
264
254
253
241
245
245
256
248
249
244
242
258
254
253
259
244
248
243
256
243
243
244
245
247
251
252
248
249
266
266
257
254
263
256
267
260
258
257
270
259
266
269
269
278
265
272
272
268
272
275
264
263
248
253
242
247
251
255
258
250
262
254
250
268
254
267
277
280
285
291
279
280
297
277
293
291
289
286
283
288
291
297
300
306
308
312
321
316
318
320
321
325
325
334
344
329
326
335
322
327
320
330
329
319
313
318
325
317
313
316
311
320
317
324
314
316
323
324
325
311
322
312
322
321
311
317
314
320
321
320
318
321
311
306
306
303
303
317
315
309
308
310
302
304
310
318
308
294
296
296
306
300
301
304
306
318
305
305
304
312
307
312
302
322
300
300
289
301
291
301
297
303
321
322
320
325
314
310
290
286
288
283
296
286
299
306
302
315
322
310
316
297
298
296
279
288
290
287
293
284
293
310
302
312
306
305
293
286
294
289
300
301
315
310
330
328
348
343
351
336
333
334
335
342
334
334
352
356
366
363
375
370
382
368
371
356
368
356
355
367
374
365
368
386
388
402
392
390
392
379
374
382
402
399
406
393
400
422
422
416
429
414
406
398
397
385
381
386
384
382
387
402
406
416
412
414
425
416
405
390
399
399
401
400
404
408
401
422
415
427
426
418
397
402
396
388
392
380
387
387
387
400
397
407
403
410
397
385
387
378
368
366
369
372
368
383
382
397
395
397
394
375
375
361
358
358
357
371
381
373
371
385
382
382
382
373
364
357
355
361
361
349
364
352
352
381
374
384
383
364
369
356
348
351
344
352
351
342
350
358
358
373
370
373
354
361
350
334
336
329
330
332
343
333
352
357
353
358
354
341
338
336
326
322
322
335
326
327
334
344
352
358
349
353
337
329
335
340
329
331
337
340
347
372
372
372
384
367
378
360
365
370
373
378
364
367
371
379
388
401
391
392
377
373
358
358
356
355
380
372
365
374
386
382
392
372
382
370
354
367
353
357
359
362
377
387
390
400
386
393
373
364
355
356
356
357
359
354
368
368
373
376
386
376
365
361
358
359
349
348
363
349
368
366
374
374
371
366
361
347
342
354
343
353
354
343
349
356
364
369
369
361
359
344
336
346
345
335
343
339
342
362
355
366
361
356
361
339
332
337
329
331
341
326
333
336
356
353
355
363
358
338
341
325
328
334
336
334
332
327
349
351
362
362
357
348
329
323
331
327
318
319
327
328
337
349
344
346
343
335
330
328
313
314
320
326
315
314
330
339
347
341
338
334
326
318
319
313
307
310
318
309
312
317
326
334
346
345
338
332
311
308
303
303
316
305
306
322
317
336
341
333
338
332
321
305
314
303
301
314
303
318
312
331
326
343
330
333
326
308
312
309
307
296
300
298
311
306
314
335
330
327
321
319
312
298
299
294
304
298
304
308
304
325
318
327
325
313
310
298
292
295
291
291
300
310
291
302
322
320
325
326
307
307
289
290
297
282
296
293
283
289
312
306
312
312
318
310
301
293
289
277
289
281
281
289
294
301
319
306
302
291
293
288
286
275
281
285
284
291
300
299
313
304
304
299
291
274
270
282
270
270
276
277
288
307
297
299
290
283
275
269
278
277
268
278
277
271
292
299
296
294
305
288
283
279
273
275
271
260
277
267
282
288
286
292
298
294
295
278
273
270
273
263
261
275
263
277
273
286
302
304
289
283
275
270
275
273
260
272
267
261
261
276
277
285
292
292
292
277
265
264
261
266
256
261
269
256
267
280
279
286
285
295
276
263
264
256
254
264
261
251
253
269
270
278
290
287
280
276
280
272
257
271
251
249
257
265
261
258
256
267
279
281
264
277
257
266
245
246
250
267
274
278
288
307
314
310
309
301
298
291
289
277
279
286
292
305
307
311
336
332
333
329
338
337
324
310
322
318
323
312
324
317
325
345
338
334
340
318
313
303
313
314
300
302
308
304
313
322
326
328
324
315
318
312
301
305
298
293
305
299
307
315
323
321
334
327
318
298
288
309
298
299
310
301
290
312
318
323
317
316
315
304
296
292
282
282
293
288
284
284
300
310
315
320
308
303
295
286
289
277
276
276
289
282
288
299
307
312
304
312
293
294
275
273
268
271
275
270
283
277
284
288
293
306
305
295
275
268
265
260
272
259
261
266
263
272
291
294
287
286
291
271
275
268
260
252
264
253
265
266
271
268
276
291
290
279
279
258
262
247
247
259
250
259
261
262
269
277
272
286
273
272
254
247
246
240
240
242
242
248
256
258
264
279
274
272
270
250
254
239
234
246
246
248
236
243
247
260
261
266
264
259
248
251
233
232
246
238
243
235
232
236
253
255
256
271
260
258
251
232
226
235
224
232
225
229
237
244
261
263
256
247
239
245
226
220
224
220
220
222
236
242
249
246
253
257
242
241
225
228
216
221
229
219
234
232
243
249
247
253
239
234
227
224
218
213
214
225
224
218
240
238
242
242
248
245
229
214
225
211
208
217
210
215
216
239
246
241
246
246
226
230
224
217
222
209
222
223
222
218
235
234
237
236
227
219
216
206
215
217
216
212
220
224
221
241
233
233
229
222
214
219
204
224
202
212
202
209
223
221
227
239
232
229
215
213
208
213
212
202
200
201
213
211
234
245
230
226
236
212
217
197
211
207
199
198
207
205
215
229
236
230
223
220
215
201
209
208
195
196
198
207
212
222
239
226
221
225
206
200
194
195
206
208
203
208
212
228
234
224
218
222
209
205
193
203
193
193
194
209
219
228
219
231
222
213
210
193
197
193
201
199
194
196
207
216
221
223
225
217
212
198
203
202
190
192
207
206
217
224
223
229
228
208
205
192
191
196
190
201
194
199
221
214
232
240
230
221
208
201
194
201
190
191
206
210
204
221
219
233
226
223
202
208
204
200
203
191
205
194
201
211
221
228
221
223
214
202
190
190
188
191
203
194
210
212
228
232
219
212
202
195
202
197
187
187
188
201
194
208
223
218
223
210
210
196
212
192
192
187
187
197
205
213
212
224
219
225
206
210
200
199
197
197
198
187
192
199
206
221
219
226
220
210
194
186
206
198
185
199
200
198
202
224
213
224
206
201
192
186
186
181
184
195
186
199
200
214
222
214
213
203
207
195
182
194
191
183
185
190
197
201
221
213
224
212
208
189
182
182
194
188
195
184
188
205
217
211
218
206
205
193
195
194
188
188
193
182
185
194
201
209
217
210
211
196
207
192
182
190
180
182
184
201
210
207
210
210
211
195
199
186
184
189
192
182
193
197
197
214
221
209
214
194
195
188
185
191
179
184
187
196
196
214
220
217
216
196
187
180
192
192
178
177
180
183
186
197
210
214
212
209
190
184
187
186
179
189
191
191
190
202
201
211
206
204
197
202
191
189
185
189
189
186
188
185
208
204
208
204
202
190
198
178
176
187
182
186
189
192
188
198
210
214
206
198
209
193
188
184
176
176
180
182
194
202
213
206
219
211
190
189
178
195
188
187
178
180
184
205
212
215
205
204
200
190
184
186
186
178
183
187
188
198
209
202
215
203
200
193
179
184
173
174
173
175
177
192
194
201
211
211
191
195
180
187
184
171
171
186
180
190
190
198
201
202
196
193
179
171
184
169
180
179
185
188
185
193
211
201
211
204
191
173
172
169
171
181
183
172
183
189
198
201
198
194
202
179
182
171
168
170
189
183
174
203
193
198
207
194
199
179
171
177
174
177
168
171
178
180
200
206
209
197
192
187
177
179
181
176
168
169
183
185
196
197
202
207
203
189
179
176
180
167
178
181
168
182
177
201
194
205
198
190
185
175
166
169
165
177
176
184
186
184
192
197
197
189
183
174
167
178
166
165
178
169
178
182
202
198
209
202
195
188
180
165
162
163
165
166
179
191
188
206
208
203
201
177
173
179
176
176
165
167
181
184
186
207
205
203
182
175
177
176
165
168
170
172
180
174
196
205
196
204
188
189
176
162
162
172
163
174
171
178
184
192
204
206
196
180
176
164
162
171
173
174
164
177
184
183
200
206
193
184
184
166
162
173
160
163
164
172
183
192
189
193
189
184
174
181
162
172
161
172
164
166
180
179
191
194
191
195
184
166
162
162
159
179
164
163
176
180
201
202
192
183
187
180
174
160
166
159
160
173
168
189
186
199
196
199
182
180
172
171
158
158
160
163
163
171
195
192
201
185
178
178
165
158
161
170
157
165
173
175
173
189
185
192
197
178
171
168
164
168
163
168
158
168
165
178
189
189
186
180
172
171
168
155
155
163
171
163
163
183
192
186
186
180
184
164
169
155
158
162
155
161
172
177
178
194
185
195
173
164
176
166
166
167
154
159
158
168
178
189
184
194
185
163
158
168
151
157
158
168
170
174
188
183
193
190
171
175
156
164
154
163
164
154
169
181
188
182
195
190
178
161
153
152
151
151
160
155
157
176
187
188
186
184
166
160
156
151
160
154
165
167
160
171
182
192
193
174
165
164
165
155
151
151
152
166
170
178
188
192
194
176
167
161
161
158
149
162
161
166
164
184
177
194
180
174
164
169
160
148
147
150
161
157
156
180
181
192
193
176
167
166
164
161
146
160
150
156
170
168
189
190
188
172
176
159
163
148
162
162
150
158
157
165
186
177
190
180
163
160
148
148
150
147
154
162
153
163
184
186
189
188
171
166
160
146
148
150
160
162
160
158
171
174
176
173
180
160
149
150
159
143
155
150
148
155
169
173
174
195
180
158
164
152
154
168
144
152
148
158
162
172
186
175
181
165
156
158
145
141
142
146
148
159
169
180
187
175
176
174
164
152
166
152
147
147
146
160
153
164
182
189
178
170
173
152
147
148
157
158
157
161
151
166
184
175
184
184
176
158
148
156
156
154
145
145
160
169
175
174
175
168
159
161
155
147
155
156
156
150
160
171
184
184
174
177
171
154
142
155
162
154
145
153
150
162
175
174
181
165
155
148
144
154
150
148
154
149
152
165
176
173
171
174
169
160
144
141
141
141
149
146
157
163
172
185
184
177
154
158
143
144
156
156
146
158
167
166
173
177
182
156
154
144
143
143
152
157
145
166
172
169
172
184
166
169
158
141
140
145
141
153
143
155
160
169
184
170
170
159
146
144
152
153
151
143
145
160
164
169
172
180
166
157
152
150
153
160
143
142
160
168
178
173
169
167
163
159
152
144
139
139
151
151
150
167
165
182
170
168
165
154
149
146
152
151
137
155
144
166
173
168
171
180
157
152
144
140
140
148
152
147
164
159
158
178
169
179
173
165
143
152
145
152
149
141
148
144
153
183
167
175
175
156
154
141
136
150
146
149
139
141
148
169
173
170
181
159
151
143
139
152
159
151
151
153
152
159
175
168
170
164
158
145
144
136
138
138
143
141
156
167
164
166
169
165
151
143
142
136
136
149
136
150
145
151
160
177
167
162
153
149
137
145
146
147
138
150
138
149
168
164
179
166
156
157
137
147
138
135
137
135
152
153
157
174
167
169
158
160
139
136
134
133
134
136
138
153
152
177
176
164
172
153
143
149
146
146
142
147
147
135
156
174
161
177
164
154
146
145
133
144
142
139
133
143
150
149
158
163
166
159
156
143
133
136
137
141
134
141
136
139
164
158
166
176
159
151
153
143
145
144
144
134
146
136
155
165
165
170
161
177
155
149
143
133
130
142
132
138
147
150
170
173
173
166
161
149
148
139
138
129
144
136
147
150
160
170
174
164
170
150
144
136
137
143
135
137
145
140
140
167
170
173
173
156
146
145
132
136
129
136
142
141
141
151
151
172
160
173
152
144
147
132
142
128
130
136
142
149
146
161
173
169
157
148
141
141
129
136
141
133
132
136
150
161
167
173
163
166
153
138
135
136
128
136
129
130
133
151
154
160
167
160
167
154
143
130
131
141
128
142
142
135
150
152
160
159
169
151
140
139
145
148
131
129
151
144
139
159
157
172
161
154
158
146
143
130
128
142
137
137
130
145
163
169
171
158
161
141
142
132
139
134
140
142
142
142
144
163
159
169
157
157
137
141
128
125
137
127
130
129
148
152
165
167
168
152
151
142
138
128
111
106
101
105
106
112
113
125
122
116
117
117
120
110
104
106
114
107
122
117
126
134
137
139
136
135
125
108
118
111
106
116
121
124
121
139
148
143
151
143
131
126
112
114
111
117
130
127
132
128
137
144
148
129
131
124
122
125
112
120
111
112
120
117
126
137
150
144
136
128
118
112
111
122
113
124
115
117
126
134
151
141
136
142
127
117
116
114
121
117
123
122
141
149
156
154
160
147
136
135
124
128
132
139
130
139
137
154
157
154
166
144
147
135
130
128
136
126
131
128
141
151
159
164
157
162
148
132
136
136
125
122
134
128
128
134
154
151
150
147
154
136
139
136
129
125
124
123
127
131
146
154
152
159
154
134
129
134
121
134
123
137
137
127
137
154
162
153
152
149
130
124
128
120
122
133
129
125
133
142
146
160
157
140
138
139
134
137
135
133
136
136
141
146
157
147
147
144
134
128
135
121
119
122
124
135
139
137
163
153
156
155
139
130
132
120
122
124
129
130
123
134
142
160
161
158
140
132
125
130
131
132
119
130
128
130
139
153
150
