272
290
280
283
275
276
273
283
284
271
272
280
281
269
280
273
280
273
290
272
286
285
270
280
269
273
267
270
269
272
268
269
279
276
269
284
274
281
281
275
277
278
286
266
265
278
279
284
272
283
270
277
281
273
266
276
266
275
267
268
278
270
273
278
273
271
270
275
278
275
265
266
277
265
276
267
267
276
270
281
278
274
267
266
270
273
264
277
273
272
278
276
280
274
267
281
277
264
264
265
273
276
268
265
269
265
276
273
275
279
269
264
258
258
264
254
269
257
276
266
267
264
260
270
273
264
269
259
269
254
268
269
263
279
257
271
261
273
266
273
264
264
264
257
256
256
266
254
265
255
262
266
260
260
266
267
256
256
253
264
252
266
265
254
268
267
260
272
264
264
263
267
254
257
266
254
257
270
270
257
267
266
265
273
268
259
270
270
256
254
265
254
266
267
265
260
270
272
268
270
265
276
253
267
263
269
262
261
274
266
283
276
281
281
283
281
279
284
291
286
279
287
286
278
299
280
279
278
288
277
278
278
283
289
278
274
275
288
283
291
284
283
281
283
278
293
280
281
286
281
294
289
286
285
299
291
283
296
296
283
282
283
297
293
286
289
302
290
303
291
300
296
285
300
289
301
299
301
306
300
298
300
312
298
308
307
301
294
302
309
296
310
306
312
300
306
314
301
309
298
309
306
295
308
304
298
320
303
314
314
304
311
314
308
301
317
297
295
306
298
312
310
302
321
307
292
299
290
290
289
292
289
301
299
302
302
305
297
304
296
299
294
294
308
291
293
294
304
305
300
313
303
316
302
303
313
308
298
307
312
301
304
308
301
306
319
321
309
309
303
306
304
304
317
319
306
306
308
309
317
324
309
319
309
321
316
304
305
315
307
320
321
315
312
325
312
312
308
307
314
308
318
305
316
308
319
323
320
325
323
322
312
326
306
317
315
298
305
375
308
309
318
305
306
306
306
312
319
309
319
324
315
326
315
307
321
310
322
313
320
308
304
304
305
304
310
302
302
308
302
319
306
320
305
306
312
313
307
313
300
308
314
306
309
317
306
308
309
304
316
299
307
299
299
309
299
298
301
298
305
316
304
315
300
300
308
306
297
309
306
309
294
307
300
314
312
300
311
299
300
307
315
296
313
307
309
311
308
299
289
287
285
289
278
282
292
278
288
304
295
295
284
301
294
288
299
289
293
288
291
280
290
281
285
283
291
300
299
287
284
293
281
281
281
294
281
282
282
292
286
292
298
293
285
281
278
278
278
278
289
280
284
281
294
287
293
288
285
289
280
278
281
277
285
290
280
285
283
284
285
293
281
283
276
275
289
275
286
288
279
279
282
288
290
289
294
288
286
275
274
292
293
278
277
285
291
294
286
289
293
287
291
278
292
290
282
294
292
303
294
292
304
302
301
297
283
294
288
286
295
281
288
280
283
298
288
287
288
284
294
280
292
292
284
293
279
278
281
288
285
294
296
285
280
277
289
285
283
276
277
286
287
288
291
282
281
288
292
275
276
276
276
287
284
282
288
291
293
282
294
291
289
287
272
279
286
288
289
282
292
291
290
280
280
288
288
288
285
275
273
281
295
275
287
292
294
288
278
275
274
272
276
281
277
280
275
274
288
291
289
280
279
289
287
279
282
273
281
271
283
273
288
278
288
276
289
274
282
285
272
283
281
282
271
281
271
274
288
276
276
271
271
270
268
267
270
280
276
267
272
272
284
281
287
286
274
276
266
280
268
270
267
279
277
268
270
275
280
286
274
272
273
277
265
265
284
271
267
284
275
269
281
270
281
278
269
278
277
263
271
276
276
264
266
267
271
276
276
270
283
278
263
262
266
274
268
263
269
283
278
273
281
276
267
279
264
272
261
260
272
274
270
267
262
265
275
274
267
268
268
274
260
267
268
272
261
268
260
265
275
270
265
279
278
276
270
265
264
271
264
258
259
259
263
276
279
266
275
274
271
259
270
268
276
256
271
274
267
269
272
263
275
273
258
257
255
256
268
268
266
267
260
261
267
266
263
260
265
256
254
267
266
266
261
270
259
267
275
273
276
259
267
265
266
266
265
265
267
264
259
270
266
268
259
272
269
252
261
251
259
266
260
258
265
253
256
257
256
257
260
255
260
250
263
251
256
249
251
259
253
269
265
269
253
266
248
262
249
252
254
257
248
248
260
254
256
254
266
254
249
261
253
256
254
259
253
247
249
251
256
258
262
261
257
258
243
243
252
244
257
251
258
247
262
262
251
248
254
255
256
250
256
255
247
251
250
250
260
262
263
248
247
257
243
254
242
241
241
253
243
256
246
248
256
257
251
242
253
239
253
243
244
240
241
251
244
248
254
251
243
242
252
252
238
244
240
240
247
254
255
245
244
247
240
254
249
237
250
259
250
245
252
248
247
243
242
256
253
253
250
236
241
232
248
236
247
240
253
242
253
243
252
239
236
246
236
245
234
241
236
240
243
244
253
241
253
236
244
234
233
246
244
234
235
240
237
253
254
243
235
237
247
243
231
242
243
241
235
244
243
249
240
251
235
233
235
229
230
238
235
240
234
237
233
247
250
242
245
232
231
243
241
232
242
242
241
229
245
237
258
244
248
243
240
241
238
229
241
227
239
228
238
231
239
233
234
232
228
242
226
233
225
226
235
237
226
232
246
246
241
242
240
237
223
224
226
238
231
230
227
230
232
231
232
241
233
232
236
236
233
224
235
236
227
243
241
230
238
243
239
237
224
223
221
236
228
224
237
236
232
230
232
230
226
228
235
236
225
221
224
222
223
225
234
228
236
241
239
232
220
230
224
221
238
233
230
240
230
240
240
226
237
237
222
221
224
230
224
235
222
234
235
239
229
227
226
226
236
226
219
220
221
220
228
221
233
232
231
230
237
230
223
233
221
231
224
231
219
226
219
225
224
239
225
232
222
221
221
219
230
225
239
231
219
235
224
230
240
239
236
225
233
228
232
224
217
230
228
225
233
246
238
238
224
232
222
220
227
228
227
228
239
235
237
236
241
232
229
234
232
233
231
233
224
233
228
232
225
236
226
234
224
234
230
232
232
225
216
231
218
218
230
234
235
224
239
236
231
222
220
217
219
227
224
231
224
231
231
223
223
237
239
234
228
218
220
229
217
229
225
231
220
229
224
234
232
237
224
222
223
228
225
216
229
217
221
230
226
234
234
229
230
225
221
221
229
217
218
225
227
216
226
229
220
234
242
228
235
217
215
228
229
221
215
227
221
215
218
220
221
234
229
229
217
214
216
215
215
227
220
227
229
230
234
220
227
221
215
227
222
211
219
213
212
218
223
226
216
227
232
227
216
223
226
226
217
225
218
226
211
214
215
220
232
220
232
228
228
212
214
219
222
213
225
222
212
225
220
228
217
231
238
215
218
224
225
212
209
225
226
220
225
226
236
226
218
217
214
233
214
211
210
224
210
223
213
214
219
219
229
216
215
212
218
223
216
222
211
209
217
215
228
226
230
231
215
214
214
220
210
212
223
222
224
220
218
216
228
231
217
213
223
223
207
210
209
222
209
222
211
217
225
224
222
225
225
212
221
214
221
207
214
216
219
213
222
228
215
228
224
224
223
222
222
221
221
216
217
219
222
219
239
224
226
222
214
220
221
216
211
219
221
209
218
209
221
224
214
234
225
224
210
208
206
220
216
220
208
223
224
210
224
216
227
226
211
210
229
208
222
226
224
213
228
230
221
231
237
223
229
220
229
217
229
229
231
220
227
228
234
232
225
232
235
230
229
227
216
215
227
222
216
215
217
221
223
227
224
221
221
229
222
220
218
219
217
227
216
230
237
222
230
236
218
220
223
229
229
217
220
228
226
225
226
223
225
222
222
219
218
227
216
226
229
222
226
217
219
241
230
225
222
234
220
222
223
220
227
213
222
216
221
215
230
221
221
225
219
230
217
221
214
213
216
226
218
213
216
218
233
220
233
227
230
214
214
224
219
221
223
212
215
228
231
219
227
222
220
230
225
214
214
226
214
225
213
212
236
228
226
241
219
229
217
226
222
220
212
214
212
217
217
224
215
225
221
221
219
213
225
211
222
209
223
224
212
227
226
229
218
219
223
218
214
213
223
211
211
235
209
224
218
221
214
230
232
224
229
227
213
215
221
224
224
210
211
226
226
227
229
225
230
218
219
221
213
214
223
209
215
216
211
213
215
220
220
228
215
212
207
210
212
214
213
211
232
227
228
226
225
229
216
215
221
222
213
220
216
224
212
213
225
228
225
228
220
220
219
222
219
212
207
207
219
217
209
222
214
222
223
218
224
211
218
209
210
212
217
220
209
226
214
216
229
214
213
214
208
218
217
217
217
221
221
218
217
215
227
223
225
213
223
207
207
219
208
208
209
225
226
214
227
222
221
224
221
209
220
208
220
206
215
220
222
228
227
232
220
216
230
208
219
206
220
218
213
208
210
222
212
218
218
214
216
205
218
215
212
207
207
220
213
217
226
217
216
217
221
221
212
206
208
205
219
209
218
212
215
226
217
227
229
211
211
220
220
207
219
221
220
212
209
216
226
212
221
208
220
220
218
205
219
212
217
217
208
215
217
218
224
212
211
219
206
205
205
207
216
207
207
210
210
217
212
224
224
209
219
210
217
218
208
208
208
207
207
209
218
225
225
220
208
211
217
216
218
206
203
205
209
220
216
212
213
224
218
205
212
218
201
209
218
219
204
216
210
221
211
209
212
214
218
213
208
215
216
216
208
205
220
224
221
225
220
217
219
208
215
218
221
216
209
207
209
212
212
215
215
235
208
218
216
203
205
214
210
204
218
207
207
224
212
216
224
209
215
212
212
220
201
203
205
211
211
207
222
210
224
219
217
210
216
203
204
216
204
213
219
222
222
216
209
209
216
215
217
204
205
207
211
218
214
221
212
218
215
222
204
205
205
212
202
204
215
216
217
217
211
224
218
209
219
207
202
216
216
203
215
205
221
212
224
211
217
209
206
215
202
203
207
208
212
216
213
208
224
212
220
217
207
216
202
215
216
204
213
225
215
212
221
212
206
210
218
216
214
200
214
213
202
204
218
210
223
209
218
218
216
202
200
216
215
203
215
213
209
212
209
208
212
215
202
201
210
206
215
211
204
216
218
222
207
208
206
203
214
214
200
201
207
208
215
205
209
208
221
220
215
210
200
213
210
200
211
201
213
206
219
221
206
207
221
217
214
213
202
212
202
206
200
216
216
208
213
206
205
213
204
218
200
210
212
202
217
208
208
208
206
221
209
212
201
205
199
201
200
213
201
210
205
217
207
213
209
210
218
206
201
200
198
200
214
210
214
204
220
211
215
206
214
210
199
213
212
201
205
200
212
203
204
220
211
218
214
215
204
200
199
169
175
174
167
166
185
198
198
190
196
182
194
179
177
179
179
187
185
200
203
206
208
201
219
201
204
205
196
202
201
211
193
192
205
203
210
221
197
208
205
216
202
206
199
207
198
194
197
198
214
213
209
197
197
202
197
207
199
193
207
195
201
214
212
202
202
204
208
197
203
207
208
194
207
206
207
207
211
205
210
216
199
196
195
204
200
194
202
194
199
198
201
216
203
214
210
210
206
196
195
196
194
195
196
212
204
205
208
203
202
199
200
210
208
197
196
206
196
213
199
211
213
204
215
217
206
201
217
196
206
209
197
203
199
204
216
217
218
215
199
214
197
196
202
208
196
195
195
200
213
202
213
213
210
208
194
203
207
206
199
197
200
199
212
202
206
208
199
198
210
196
208
195
194
194
196
197
200
202
216
218
214
210
196
195
193
207
194
198
207
209
209
202
214
211
213
199
208
209
194
202
206
196
206
194
196
199
208
201
199
213
204
217
194
195
208
207
201
194
207
201
213
201
224
202
200
198
209
196
206
192
196
194
200
210
213
207
201
200
202
210
208
207
205
207
193
206
195
193
197
197
215
198
213
211
208
200
195
196
201
193
198
206
197
198
202
199
208
212
204
199
194
200
199
205
194
202
196
194
209
202
211
210
211
195
198
200
193
193
204
192
206
195
198
198
211
198
206
212
200
213
191
204
202
191
202
205
194
196
203
198
205
198
193
194
197
202
199
206
194
200
192
194
209
199
210
213
198
209
203
202
203
201
206
206
207
208
198
197
198
208
212
196
199
193
190
194
198
195
195
192
204
209
198
201
209
211
203
193
191
190
192
189
190
205
194
192
204
208
203
209
202
195
192
205
197
195
195
195
203
193
205
210
205
199
205
197
200
205
190
201
206
190
204
210
196
194
202
204
198
200
195
206
205
191
189
190
189
194
189
191
193
196
208
207
208
198
202
191
190
192
192
190
209
190
196
193
196
209
202
211
197
199
191
202
190
188
197
190
199
209
207
208
204
193
183
189
180
181
188
191
178
183
188
195
183
186
198
195
190
200
196
189
182
182
193
183
184
198
185
198
191
202
197
204
194
197
190
193
207
185
185
207
190
200
203
199
205
193
201
194
192
183
182
192
198
186
189
196
200
192
199
193
198
204
189
187
190
191
186
198
197
186
202
188
194
193
195
206
204
189
190
194
197
188
187
193
189
204
195
206
194
200
202
206
190
190
189
202
202
208
202
189
199
194
194
208
209
204
198
192
198
189
200
186
199
196
188
189
192
193
205
204
192
200
186
201
206
187
187
198
187
188
193
193
193
195
199
198
202
200
200
202
193
186
199
202
200
189
191
208
194
200
196
204
202
189
195
195
187
201
201
201
205
196
193
194
206
194
200
199
186
199
192
189
201
198
199
199
205
195
196
208
206
195
196
193
192
189
188
195
197
199
195
197
196
196
207
204
204
208
202
192
186
196
198
205
192
200
194
194
196
195
208
195
198
196
197
200
193
195
182
190
186
198
191
205
193
201
199
184
185
184
198
182
197
199
197
195
194
205
198
203
188
196
194
185
190
196
188
183
188
198
198
188
193
194
191
201
186
182
188
187
194
181
195
192
190
198
201
195
192
182
182
195
188
195
203
191
199
192
190
188
195
195
186
189
181
184
199
189
201
196
188
189
194
201
188
193
196
197
193
184
205
200
200
201
200
195
202
202
202
185
182
183
191
181
180
190
188
202
192
188
188
190
187
195
191
184
179
181
184
184
194
202
198
197
201
190
200
188
196
192
181
182
189
180
194
194
188
202
189
203
189
188
188
184
197
195
180
188
181
183
198
194
197
190
195
189
201
201
184
196
179
190
177
180
182
189
200
204
189
202
211
190
196
185
181
181
178
192
181
197
189
207
190
200
212
194
196
209
186
195
193
189
179
193
183
198
201
189
189
188
189
191
198
190
196
185
186
183
178
194
196
187
189
197
193
196
193
198
193
184
184
178
180
182
181
196
196
200
196
202
188
188
189
198
186
192
192
184
188
180
194
192
188
192
201
201
189
201
199
186
194
179
192
192
183
190
198
186
188
186
188
201
186
196
184
179
185
189
180
