94
90
22
33
60
85
88
76
93
109
116
121
122
140
121
116
109
111
108
106
107
118
124
115
135
144
145
138
152
138
140
133
117
120
114
128
128
131
125
129
144
137
147
157
153
148
129
123
128
121
123
124
127
128
128
135
141
153
143
146
151
130
138
122
118
112
124
114
125
120
118
134
136
151
142
140
133
127
127
116
125
125
125
123
116
129
120
131
142
148
153
136
128
125
117
125
115
112
110
112
117
137
131
131
146
143
150
140
127
120
113
111
111
110
111
121
126
128
139
136
138
150
144
140
129
114
116
120
114
109
109
112
113
126
132
143
137
148
132
122
117
112
109
113
109
108
112
125
130
125
134
146
150
131
135
121
122
116
120
129
115
110
120
123
136
132
135
143
143
126
121
116
109
107
115
118
110
123
125
119
135
138
144
144
140
120
118
109
107
120
118
111
121
124
123
125
137
146
144
136
124
128
118
110
113
121
122
119
116
115
126
140
131
129
123
132
126
112
129
108
117
115
113
119
124
126
148
133
140
144
132
135
132
113
109
110
121
122
113
126
129
125
146
136
157
134
134
142
126
110
111
112
120
122
115
121
129
143
150
149
146
131
135
118
126
116
112
112
125
117
130
126
128
138
145
144
138
140
144
128
137
138
146
151
142
151
156
153
159
163
169
169
173
158
162
157
151
161
154
150
161
166
170
170
183
183
197
185
186
176
170
174
177
164
163
162
178
176
197
191
196
203
215
209
203
199
185
189
179
199
192
193
193
185
190
211
212
210
220
201
209
198
204
192
196
192
191
196
196
207
206
227
218
220
226
211
208
200
199
194
207
193
208
176
153
163
192
201
206
206
207
211
204
195
182
189
183
184
196
189
198
200
206
208
211
223
206
199
192
187
184
184
183
183
196
187
189
202
213
220
220
227
217
207
198
194
180
190
185
168
154
162
174
197
197
208
217
219
207
198
194
202
216
204
208
194
207
196
199
204
224
223
226
217
212
213
198
206
194
192
198
205
197
198
200
206
213
228
220
223
218
222
213
198
199
193
194
196
193
199
199
213
225
218
233
219
215
216
211
197
207
195
196
197
195
200
204
204
214
219
224
236
222
215
215
214
202
207
209
206
214
202
204
218
216
235
240
241
237
235
218
222
209
214
213
202
202
203
211
215
211
224
228
231
243
242
227
223
233
214
212
224
223
210
216
227
217
225
237
237
252
235
235
227
218
225
223
211
218
224
224
224
217
224
241
237
237
243
243
228
219
221
219
209
218
217
229
219
227
230
249
251
250
252
241
241
242
232
230
238
240
236
229
233
241
252
260
266
258
262
248
242
234
235
227
226
227
229
239
229
238
241
255
259
248
249
241
242
234
235
220
242
241
229
221
240
235
242
246
246
253
242
244
226
220
216
216
210
216
212
213
217
227
236
242
248
235
234
239
219
223
222
220
224
215
229
220
235
242
239
249
250
244
251
246
226
232
221
217
228
219
232
232
223
237
251
247
243
242
242
229
224
224
224
234
225
225
236
231
245
242
252
256
260
256
253
236
245
230
225
232
237
236
231
227
236
239
248
249
263
250
256
245
231
235
232
239
227
223
247
227
238
246
239
229
235
243
232
227
226
222
223
234
224
236
228
241
237
245
257
251
256
249
241
226
235
222
233
225
234
226
226
243
236
256
256
250
247
249
245
239
236
236
230
224
239
237
239
231
252
255
258
267
268
264
257
262
250
247
252
258
244
245
247
256
257
263
279
273
265
260
260
256
243
248
247
252
256
256
253
250
257
275
266
275
262
264
257
244
240
231
227
227
221
228
237
258
256
263
269
273
266
253
252
237
236
250
239
237
237
252
251
264
267
273
280
267
251
250
246
232
230
231
243
234
247
240
248
255
257
270
252
245
253
235
253
242
231
234
244
247
243
253
263
256
270
267
260
242
235
233
241
232
243
243
247
248
256
264
257
263
270
263
244
244
233
237
227
223
237
226
233
251
252
259
264
250
258
245
242
228
236
227
228
241
229
241
248
244
254
254
252
256
241
245
227
227
225
226
239
242
253
250
269
254
255
261
258
241
242
234
252
246
249
237
250
247
264
272
277
266
268
257
258
242
251
245
255
252
253
259
272
286
296
281
279
261
258
253
251
262
260
264
258
256
266
285
290
279
285
267
263
250
244
252
253
253
252
259
270
266
283
275
280
259
262
258
247
245
262
257
251
272
271
274
275
273
278
266
269
256
249
261
249
252
256
270
278
278
296
298
299
278
284
267
273
258
261
271
270
262
272
274
281
284
285
279
280
267
266
256
256
270
268
259
276
277
278
305
297
286
289
282
265
272
269
267
259
260
269
264
284
289
296
294
280
275
276
257
256
267
254
257
268
269
264
285
286
280
290
273
275
270
252
251
252
262
254
258
262
280
277
282
285
273
266
272
259
252
260
251
258
254
258
266
280
279
291
272
266
262
261
248
256
247
247
257
256
268
264
281
285
270
264
268
260
250
242
243
246
256
267
250
258
269
275
284
266
261
264
253
244
248
254
246
244
256
257
287
273
273
269
260
257
247
247
244
244
259
246
256
258
265
275
279
270
269
256
249
251
256
244
248
256
250
253
272
268
272
274
267
260
257
239
240
240
244
258
248
251
280
279
266
269
257
262
252
250
254
254
246
256
253
253
262
266
271
282
271
260
248
245
252
248
246
244
248
248
263
273
280
281
269
258
247
242
252
242
244
252
