508
515
513
503
482
492
482
482
475
470
493
495
506
524
544
536
521
529
506
516
493
489
496
492
494
513
514
520
520
521
523
502
517
492
500
510
482
498
495
480
481
489
495
489
477
485
474
472
481
462
460
457
457
456
471
453
468
453
470
468
449
440
445
437
428
441
429
424
439
423
439
435
446
436
436
438
437
428
403
416
412
418
410
429
404
411
422
420
416
437
420
430
399
392
399
380
374
377
379
384
376
403
402
419
411
388
378
373
368
371
366
364
370
365
364
389
395
398
394
395
369
358
352
376
348
347
364
345
362
351
375
377
370
365
358
366
341
336
350
347
333
333
336
352
358
363
354
352
364
340
332
342
325
316
329
333
317
333
318
346
351
338
336
333
324
315
310
322
304
304
320
317
309
323
317
321
339
322
333
307
316
312
293
292
308
292
308
297
297
306
311
329
326
320
304
301
300
299
280
290
299
301
297
291
298
303
310
301
295
289
284
278
291
273
290
289
272
291
290
287
294
295
310
286
277
289
273
281
266
264
280
269
266
270
278
301
301
294
281
275
267
260
272
264
270
274
267
258
277
283
273
278
281
279
290
274
265
262
252
259
268
251
250
265
261
260
268
274
275
272
267
276
254
250
260
261
249
247
245
263
269
260
282
277
288
268
275
250
242
258
258
256
240
241
258
264
270
261
265
280
266
270
273
239
253
236
252
235
236
236
240
267
272
260
261
273
256
238
256
232
229
231
231
232
232
240
250
256
274
254
247
242
234
244
226
237
243
226
245
231
256
257
251
269
263
259
235
244
237
222
222
223
237
243
246
237
257
252
264
257
249
227
239
224
233
219
220
226
238
231
240
245
264
261
235
229
228
229
224
215
233
235
233
232
234
238
243
265
237
233
235
224
214
213
216
221
230
234
221
230
253
267
242
249
246
238
232
215
220
228
219
213
229
219
244
248
239
256
244
224
217
209
212
227
210
210
212
216
238
230
234
250
241
227
232
212
226
209
211
208
228
228
215
224
231
238
239
249
222
229
224
225
208
208
209
211
227
217
233
248
248
252
228
236
213
214
209
223
216
211
226
211
229
222
222
219
218
233
238
211
205
234
206
206
209
208
210
237
231
236
234
218
232
229
238
220
222
221
222
207
208
224
222
230
233
243
226
216
229
213
204
204
205
221
214
213
218
245
240
251
230
223
223
223
207
207
222
222
221
212
213
223
242
232
231
239
222
214
211
223
222
222
204
222
207
209
219
233
246
231
235
222
228
207
203
217
214
204
209
222
227
218
240
227
233
227
233
213
224
227
204
218
203
218
210
206
214
226
230
228
234
226
219
209
203
220
203
220
205
202
204
209
217
224
244
244
222
218
217
221
218
227
203
202
203
205
207
214
240
241
241
225
216
222
202
201
218
212
230
216
222
211
235
225
235
243
221
230
220
215
202
217
218
204
219
209
229
232
225
228
230
235
228
205
200
215
198
200
215
201
221
209
236
224
245
241
219
237
222
205
199
199
217
203
219
213
207
230
229
241
238
234
212
207
215
198
210
197
200
198
201
214
228
237
222
222
218
215
220
213
214
213
194
205
208
199
204
212
219
220
223
221
225
202
213
195
194
193
195
204
213
217
225
216
219
227
216
225
218
197
205
194
210
210
193
210
201
205
231
223
235
232
207
202
209
209
196
190
206
198
195
201
207
218
229
238
222
200
221
208
207
203
189
191
202
208
205
211
214
232
215
208
200
209
204
188
188
206
191
189
194
219
218
213
215
214
222
214
194
186
187
204
190
202
191
192
202
208
228
227
223
202
211
190
185
201
184
187
203
196
