30
2
26

25

33
4
27

25
4
32

34

25

28
3
28
1
27
20

32

32
3
29
5
29
2
26
1
46
36
53
53
45
36
20

31

31

27
375
331
260
271
273
309
355
416
357
274
399
503
539
554
571
611
681
698
693
709
728
747
755
766
784
797
819
817
808
822
829
825
833
838
837
841
845
848
855
857
861
871
873
870
874
875
862
861
852
853
853
853
845
851
847
849
853
872
877
884
902
878
878
897
885
874
873
875
885
891
854
893
917
912
925
956
972
950
950
950
958
945
955
955
964
970
974
974
953
957
925
893
914
925
934
937
943
942
943
937
938
939
947
947
961
965
976
993
999
1021
1026
1041
1041
1040
1041
1039
1029
1021
1007
1007
1007
1003
995
995
992
987
995
1000
999
999
1004
1003
988
985
977
943
937
949
946
951
954
952
952
957
961
971
965
969
963
962
950
943
939
933
930
937
941
943
948
959
972
987
995
995
995
999
985
978
972
965
963
962
961
959
954
956
955
958
964
961
967
960
944
942
928
923
918
919
911
914
909
904
913
908
913
923
922
918
914
906
902
898
893
895
886
891
887
890
886
887
887
891
895
893
889
888
878
872
871
861
856
858
854
857
863
861
861
864
873
874
873
868
869
859
855
851
849
847
849
844
841
841
845
843
849
847
851
843
842
835
832
825
820
825
815
812
814
813
809
808
813
812
817
811
808
808
804
803
797
797
795
797
796
792
795
793
792
795
796
796
793
794
786
781
777
777
769
768
767
765
770
769
764
766
773
771
769
765
763
759
756
750
744
742
738
746
738
739
741
737
740
743
741
742
737
739
733
730
720
715
721
719
712
717
717
711
713
716
715
715
722
715
708
709
699
696
694
692
687
689
692
685
686
684
686
688
693
693
689
684
681
681
670
673
663
669
664
664
663
665
663
666
679
672
678
672
667
672
664
661
659
651
654
651
651
651
653
653
650
656
653
653
653
646
641
640
635
632
630
628
627
630
634
630
631
635
637
633
636
633
626
623
617
619
609
607
610
614
611
608
611
610
614
613
619
618
620
623
622
624
627
630
629
637
637
645
641
644
655
655
656
657
656
656
648
647
638
640
632
631
637
630
630
628
628
630
636
637
634
634
624
625
625
617
610
610
615
615
607
613
612
608
611
614
614
612
610
606
605
602
600
593
593
593
589
589
591
593
591
598
597
597
599
595
597
589
587
579
575
575
575
574
575
574
573
570
580
576
584
580
577
577
567
561
559
555
554
557
560
555
559
552
558
562
558
557
559
553
553
544
539
540
533
532
530
539
533
532
534
537
541
545
550
545
544
536
540
536
529
533
535
532
538
539
542
543
546
556
551
551
550
552
544
543
537
535
531
527
530
529
525
527
530
532
533
536
535
533
526
523
519
513
508
513
512
510
507
512
507
514
512
519
522
514
514
512
504
500
496
494
495
499
493
494
491
492
496
495
499
505
501
501
498
494
490
482
483
480
479
473
480
476
477
475
480
486
487
482
487
485
477
471
471
460
461
467
461
464
467
460
462
467
473
474
467
469
468
456
459
455
450
445
447
445
447
446
448
446
453
454
455
453
451
453
445
443
440
434
432
435
433
434
431
433
439
443
442
443
445
445
435
431
428
426
419
420
420
427
422
426
423
421
424
427
433
429
431
425
423
421
416
414
411
411
410
411
412
411
408
411
421
424
416
414
415
411
404
400
406
396
400
400
400
395
401
400
398
400
407
405
405
406
399
401
391
390
388
391
391
388
386
389
393
388
395
399
396
394
393
392
390
384
384
383
378
375
379
375
377
376
381
383
383
390
391
387
385
383
383
378
372
370
372
373
373
369
372
376
375
380
383
380
379
383
372
373
367
362
368
362
362
371
362
361
369
376
371
379
376
371
377
363
362
360
355
352
353
356
355
359
358
361
360
363
370
370
364
361
354
352
355
346
351
349
344
350
351
354
349
353
360
355
358
360
352
353
350
347
343
339
338
345
339
339
343
343
347
352
351
357
349
352
346
340
340
339
338
330
336
333
340
341
337
344
342
342
351
346
350
337
341
334
334
331
324
328
329
326
330
330
339
338
344
344
340
338
334
330
327
329
323
324
326
325
323
322
328
325
331
336
334
333
336
329
328
320
318
320
322
314
315
315
320
322
320
324
331
326
333
324
324
324
315
317
313
310
313
311
312
313
318
316
321
327
326
323
319
315
314
314
306
308
309
304
310
307
309
308
312
321
321
320
315
317
314
307
308
302
299
300
303
304
302
311
304
307
316
315
314
314
316
306
308
305
297
296
303
296
298
298
302
302
300
308
308
310
311
305
304
305
298
294
294
292
297
293
292
294
294
299
298
302
305
304
306
303
304
295
297
297
288
288
296
290
295
292
297
293
295
298
302
298
299
296
296
298
289
291
283
284
284
284
286
295
292
293
295
297
297
295
293
291
290
286
285
284
285
285
287
281
287
283
289
291
294
294
297
294
295
288
285
282
280
281
278
279
284
285
281
282
282
283
292
293
293
292
291
287
283
286
281
280
281
279
276
274
283
279
283
282
284
285
290
290
293
291
281
280
280
273
281
277
279
275
279
274
279
277
280
282
284
288
285
284
278
275
272
271
269
272
275
271
270
276
272
273
274
280
276
278
287
289
288
281
278
270
265
260
261
263
262
264
261
268
267
272
280
285
286
285
285
275
273
267
265
260
261
264
258
257
263
266
