298
317
312
306
308
297
298
297
295
293
292
294
299
307
295
302
295
298
306
298
298
289
299
288
300
293
302
297
290
309
303
305
299
302
292
302
298
291
287
286
292
286
286
301
290
290
302
288
286
289
286
285
283
282
292
285
291
286
286
287
299
293
281
279
280
280
281
278
290
283
278
277
280
293
291
291
278
277
283
274
286
283
273
269
280
286
281
290
289
286
273
270
280
269
270
272
283
270
269
279
274
291
286
276
277
282
269
269
280
279
270
269
275
268
283
281
274
273
281
268
266
266
278
275
278
274
274
267
277
273
282
282
275
279
267
264
278
274
278
279
282
269
277
286
290
289
285
283
276
278
272
272
280
283
275
275
275
277
292
293
279
278
290
275
280
277
281
274
279
288
286
288
280
292
293
280
280
289
274
278
286
277
285
282
277
275
286
283
276
278
276
276
282
283
281
282
271
278
284
283
286
279
276
273
287
275
284
275
281
280
271
281
284
273
292
284
276
275
296
283
273
271
269
275
281
277
269
283
277
285
284
287
278
273
272
273
268
268
278
270
277
268
269
281
282
273
278
283
270
274
268
267
266
276
279
280
275
281
272
276
276
277
285
281
274
270
267
267
273
280
271
272
272
287
275
283
286
276
281
271
281
276
281
275
275
276
286
289
277
287
283
273
284
278
283
274
274
277
272
276
280
292
300
278
277
296
275
287
290
289
279
284
292
291
286
290
290
297
289
301
294
296
292
296
295
290
292
301
301
300
294
294
305
301
299
303
302
290
295
304
293
299
306
306
295
301
294
302
298
293
291
290
303
291
291
305
293
307
294
294
302
303
291
295
295
288
288
288
294
299
298
299
299
301
287
293
289
295
285
298
292
289
290
297
303
291
297
286
294
297
289
284
291
286
298
286
297
288
291
308
293
301
289
284
289
291
288
296
284
287
298
285
300
299
289
298
284
282
291
283
295
288
288
281
286
283
292
291
296
281
291
286
279
288
292
280
287
281
293
294
288
281
295
292
276
290
285
281
290
279
281
284
282
284
296
285
285
295
295
294
281
282
296
290
285
294
289
289
298
288
299
296
283
296
291
282
288
295
287
285
286
286
287
286
286
294
294
292
283
289
294
282
281
296
284
297
302
288
282
294
292
303
289
280
282
281
280
285
284
292
295
297
282
292
280
286
278
280
291
279
292
291
283
281
292
282
290
284
282
276
278
287
275
282
279
290
283
291
281
279
290
278
285
276
287
273
288
288
276
278
283
278
287
282
288
285
275
273
273
284
277
280
272
285
283
275
281
272
272
274
270
282
283
269
277
272
271
284
273
284
279
272
273
280
270
281
277
282
272
268
290
279
285
278
280
281
272
280
267
269
279
278
265
267
268
267
274
274
265
272
266
269
270
282
268
268
268
276
280
269
268
269
272
266
266
273
268
263
261
274
266
275
276
266
271
271
277
278
267
272
261
259
260
283
273
264
276
266
275
268
264
263
264
260
272
263
264
262
264
257
257
265
264
256
261
254
256
252
252
259
264
251
256
266
256
261
258
259
275
265
252
273
266
256
269
253
254
256
266
272
271
265
264
268
262
262
266
262
267
256
256
275
270
281
263
273
271
257
258
266
256
256
269
257
257
257
272
273
269
266
267
278
256
254
265
254
262
253
268
269
261
262
267
261
259
270
267
256
264
263
267
256
258
260
261
272
265
264
264
268
263
271
261
260
265
261
269
262
274
266
270
274
270
270
270
269
268
268
271
271
262
264
275
274
270
284
279
267
276
262
263
262
264
276
277
271
270
283
271
283
269
277
265
264
278
265
276
265
266
278
273
288
272
275
281
279
272
267
270
267
274
275
268
272
284
276
282
272
293
278
272
278
279
277
268
280
266
277
272
272
283
275
272
281
269
270
275
278
267
272
268
267
282
272
272
271
280
280
270
279
269
277
280
271
274
272
270
277
284
279
270
280
280
278
267
266
288
280
264
279
273
282
278
271
271
268
275
275
278
266
277
265
279
267
269
271
271
276
277
266
272
274
266
277
266
274
268
275
267
277
282
281
268
260
264
276
268
259
275
275
277
267
264
267
269
266
274
262
284
280
274
273
276
272
275
272
279
270
260
259
277
270
265
267
272
275
272
267
268
277
272
278
264
268
260
258
266
274
264
270
276
277
280
272
277
279
265
287
268
281
282
270
281
268
268
278
273
277
266
268
267
270
272
285
285
280
285
271
267
272
269
270
269
281
269
275
275
276
286
283
276
276
282
277
272
269
283
273
282
282
271
282
273
277
275
286
284
275
283
278
269
268
276
283
283
272
285
275
289
284
274
283
277
282
268
270
268
281
269
270
280
273
277
274
288
284
283
280
273
268
279
266
268
282
283
277
271
285
284
286
270
278
274
268
268
268
274
272
278
280
277
286
284
273
276
274
272
274
282
268
271
269
283
282
284
274
274
285
273
275
281
268
269
268
269
270
268
283
280
272
273
272
275
284
272
270
277
277
268
268
