355
363
364
368
372
373
367
370
376
377
380
381
384
383
387
389
392
392
395
397
396
399
398
399
397
398
395
390
392
393
392
391
389
386
387
378
381
377
381
376
376
384
383
381
416
452
452
427
418
450
439
434
417
399
400
403
397
396
398
398
397
395
396
395
396
393
393
393
397
395
395
392
394
394
392
393
397
392
388
388
385
381
384
381
380
384
381
380
383
379
378
384
380
383
385
384
392
384
386
385
382
388
392
392
390
391
391
390
390
387
386
382
374
371
368
362
365
365
367
363
363
361
361
364
363
363
362
362
360
359
359
356
355
355
354
357
353
354
353
355
354
350
350
349
349
348
348
349
347
346
344
344
343
341
342
341
339
339
339
339
338
337
336
337
336
336
336
335
332
332
334
329
328
332
328
329
332
328
331
332
331
330
333
330
329
328
328
326
325
326
327
326
327
327
327
328
329
328
329
328
328
332
330
329
330
331
332
332
333
333
333
334
332
330
331
329
328
326
332
328
330
332
327
327
325
319
319
321
322
326
327
327
322
321
321
323
326
327
323
321
322
324
328
333
340
344
345
346
348
347
348
356
359
361
357
356
356
357
361
365
371
377
376
380
383
379
381
382
380
380
380
381
381
385
382
381
385
382
382
383
384
386
385
387
390
390
391
391
391
391
393
391
392
394
396
396
396
395
394
394
392
391
384
383
380
381
383
386
387
390
389
388
388
386
386
383
380
376
378
374
382
382
380
378
383
383
385
383
384
384
383
380
378
378
385
387
385
391
396
397
399
402
402
397
399
400
401
403
404
406
408
408
409
411
412
413
415
416
421
423
427
434
425
425
429
427
431
435
434
434
438
433
431
432
428
424
422
422
416
417
424
424
424
425
427
428
428
428
429
427
424
423
418
418
416
416
417
418
419
420
418
419
416
416
416
417
414
409
408
407
408
410
412
415
416
417
413
412
417
419
424
427
432
430
435
438
443
448
452
457
457
457
453
456
453
455
453
449
445
448
446
445
443
443
442
445
444
443
441
439
439
437
433
431
428
430
432
437
442
441
447
450
447
448
452
449
448
450
443
449
452
449
448
446
445
443
442
440
440
439
438
438
439
438
439
439
439
439
437
438
437
434
434
436
435
434
434
434
434
432
425
428
424
427
430
431
436
438
443
449
444
450
453
454
459
459
462
459
460
461
460
461
459
456
452
453
452
451
450
452
450
452
450
451
448
447
446
446
444
443
443
442
443
440
443
442
442
444
442
441
436
436
434
435
436
437
436
435
438
437
434
435
428
427
432
433
431
435
431
430
430
427
429
429
429
428
429
429
427
425
423
424
424
423
423
424
422
422
423
423
422
424
423
424
423
423
422
419
420
419
418
421
416
418
416
416
417
416
417
416
417
417
417
416
414
415
414
413
417
411
412
413
413
411
413
413
413
414
413
412
410
408
411
414
412
413
411
411
409
411
422
429
421
418
415
413
414
420
425
423
422
422
423
421
419
418
416
418
425
422
424
429
430
436
440
440
441
442
445
449
449
449
451
448
449
452
451
450
450
453
452
452
453
451
451
451
448
444
445
442
435
437
436
438
442
441
442
443
440
440
437
438
433
429
430
429
428
431
432
431
429
430
431
431
431
430
430
427
427
417
418
421
420
423
422
421
419
415
414
415
415
413
414
410
407
405
406
404
407
406
410
410
410
410
409
409
410
408
408
407
402
399
400
397
397
402
399
398
401
398
397
400
397
397
396
393
388
387
386
387
387
389
388
386
384
385
386
386
386
386
385
384
383
381
378
381
382
380
378
377
377
377
375
374
375
373
375
373
375
372
370
373
370
367
368
369
371
371
370
370
371
369
370
368
366
364
362
361
360
360
361
363
364
363
363
364
365
363
363
361
361
357
354
353
353
351
353
353
355
357
359
357
355
359
356
353
355
354
349
347
350
351
349
346
347
347
348
350
350
350
349
349
348
346
345
342
343
340
341
342
345
344
345
345
343
342
342
341
341
342
339
341
340
342
342
341
340
340
339
339
338
338
337
336
337
336
335
336
335
336
